DATE                      TIME                      DAYS_SINCE_JAN            DAS_TEMP_(C)              BASELINE                  H2O                       D_1816                    D_DH                     
02/20/16                  23:27:34.0                5.0977477585E+1           2.9312500000E+1           7.8628347305E+2           1.9149762991E+3           -7.6086453216E+0          -1.1864023868E+2         
02/20/16                  23:27:39.1                5.0977536144E+1           2.9312500000E+1           7.8621037546E+2           1.7926084577E+3           -6.4839836580E+0          -1.0445305014E+2         
02/20/16                  23:27:44.2                5.0977595075E+1           2.9312500000E+1           7.8634232668E+2           1.6842364872E+3           -6.1987433986E+0          -1.2494921240E+2         
02/20/16                  23:27:49.2                5.0977653654E+1           2.9312500000E+1           7.8630955218E+2           1.5893897627E+3           -5.0549274909E+0          -1.1395221702E+2         
02/20/16                  23:27:54.3                5.0977712309E+1           2.9312500000E+1           7.8644966868E+2           1.5041362046E+3           -4.0642204161E+0          -1.2228469257E+2         
02/20/16                  23:27:59.4                5.0977771155E+1           2.9325000000E+1           7.8596892268E+2           1.4319619061E+3           -6.3084329472E+0          -9.9185638142E+1         
02/20/16                  23:28:04.4                5.0977829569E+1           2.9337500000E+1           7.8658343568E+2           1.3584998044E+3           -2.4913529510E+0          -1.2757304978E+2         
02/20/16                  23:28:09.5                5.0977888328E+1           2.9350000000E+1           7.8626818030E+2           1.2984098882E+3           -3.5358316977E+0          -1.1349919782E+2         
02/20/16                  23:28:14.6                5.0977947185E+1           2.9362500000E+1           7.8635281093E+2           1.2408165927E+3           -2.5920031646E+0          -1.1772664825E+2         
02/20/16                  23:28:19.7                5.0978005814E+1           2.9375000000E+1           7.8651480047E+2           1.1886146170E+3           -1.2273310106E+0          -1.1298863105E+2         
02/20/16                  23:28:24.8                5.0978064951E+1           2.9375000000E+1           7.8613725352E+2           1.1438871233E+3           -3.2598578417E+0          -1.0137407032E+2         
02/20/16                  23:28:31.7                5.0978145012E+1           2.9375000000E+1           7.8607934202E+2           1.0846067836E+3           -2.1941159289E+0          -8.9929545420E+1         
02/20/16                  23:28:36.7                5.0978203457E+1           2.9375000000E+1           7.8637654883E+2           1.0422981204E+3           6.2564116321E-2           -1.1196733735E+2         
02/20/16                  23:28:41.8                5.0978262165E+1           2.9375000000E+1           7.8639693010E+2           1.0060376228E+3           -6.5139870334E-2          -1.2042505954E+2         
02/20/16                  23:28:46.9                5.0978320885E+1           2.9375000000E+1           7.8623815235E+2           9.7261176918E+2           9.3554422885E-2           -9.9436508860E+1         
02/20/16                  23:28:51.9                5.0978379502E+1           2.9375000000E+1           7.8623069006E+2           9.3989996315E+2           1.2970946257E+0           -9.8840734841E+1         
02/20/16                  23:28:57.0                5.0978438285E+1           2.9375000000E+1           7.8650292191E+2           9.0891867868E+2           2.8723671679E+0           -1.2290104482E+2         
02/20/16                  23:29:02.1                5.0978496666E+1           2.9375000000E+1           7.8627815424E+2           8.8219976706E+2           2.0305670544E+0           -1.1026149915E+2         
02/20/16                  23:29:07.1                5.0978555342E+1           2.9375000000E+1           7.8615659873E+2           8.5711520753E+2           1.6445231182E+0           -9.6945861396E+1         
02/20/16                  23:29:12.2                5.0978613867E+1           2.9375000000E+1           7.8687263261E+2           8.2703916119E+2           7.6845209281E+0           -1.5742754239E+2         
02/20/16                  23:29:17.3                5.0978672591E+1           2.9375000000E+1           7.8622915020E+2           8.0805307050E+2           3.5860006936E+0           -9.7843167655E+1         
02/20/16                  23:29:22.4                5.0978731521E+1           2.9375000000E+1           7.8629572318E+2           7.8621913501E+2           4.0799236649E+0           -9.5028769933E+1         
02/20/16                  23:29:29.3                5.0978811548E+1           2.9387500000E+1           7.8636479429E+2           7.5618219803E+2           5.8592244898E+0           -1.1811094777E+2         
02/20/16                  23:29:34.3                5.0978869968E+1           2.9375000000E+1           7.8634974709E+2           7.3699238724E+2           6.6700837722E+0           -1.0612787978E+2         
02/20/16                  23:29:39.4                5.0978928701E+1           2.9375000000E+1           7.8637212668E+2           7.1814202618E+2           6.8636754452E+0           -1.1641980853E+2         
02/20/16                  23:29:44.5                5.0978987598E+1           2.9375000000E+1           7.8615444102E+2           7.0198641124E+2           5.3817196521E+0           -9.2330894533E+1         
02/20/16                  23:29:49.6                5.0979046326E+1           2.9395833330E+1           7.8645056084E+2           6.8242975434E+2           8.3374453685E+0           -1.0805557531E+2         
02/20/16                  23:29:54.6                5.0979105120E+1           2.9412500000E+1           7.8627144122E+2           6.6659020844E+2           8.6987426523E+0           -7.7563594361E+1         
02/20/16                  23:29:59.7                5.0979163533E+1           2.9412500000E+1           7.8622472500E+2           6.5112502474E+2           8.2689877870E+0           -9.7137003444E+1         
02/20/16                  23:30:04.7                5.0979222060E+1           2.9400000000E+1           7.8657394984E+2           6.3422406731E+2           1.1983879037E+1           -1.4317822734E+2         
02/20/16                  23:30:09.8                5.0979280692E+1           2.9437500000E+1           7.8631527692E+2           6.2182327402E+2           1.0372357667E+1           -7.8411398790E+1         
02/20/16                  23:30:14.9                5.0979339348E+1           2.9437500000E+1           7.8634997964E+2           6.0862305652E+2           1.0463663249E+1           -9.9061820442E+1         
02/20/16                  23:30:20.0                5.0979398337E+1           2.9437500000E+1           7.8597897237E+2           5.9872692193E+2           7.3433029050E+0           -5.2953141070E+1         
02/20/16                  23:30:26.9                5.0979478385E+1           2.9437500000E+1           7.8653622418E+2           5.7787414692E+2           1.4681087362E+1           -1.1087488708E+2         
02/20/16                  23:30:31.9                5.0979536876E+1           2.9437500000E+1           7.8622637348E+2           5.6905691413E+2           1.0496759139E+1           -9.7742944846E+1         
02/20/16                  23:30:37.0                5.0979595815E+1           2.9437500000E+1           7.8635502902E+2           5.5697347601E+2           1.2220971306E+1           -1.1651685799E+2         
02/20/16                  23:30:42.1                5.0979654783E+1           2.9437500000E+1           7.8645716658E+2           5.4545289832E+2           1.4681178663E+1           -9.9436198944E+1         
02/20/16                  23:30:47.2                5.0979713350E+1           2.9395833330E+1           7.8627530895E+2           5.3708978263E+2           1.3133533885E+1           -8.4029814664E+1         
02/20/16                  23:30:52.3                5.0979772218E+1           2.9375000000E+1           7.8602718379E+2           5.2923535352E+2           1.1041991500E+1           -4.7156008953E+1         
02/20/16                  23:30:57.3                5.0979830731E+1           2.9375000000E+1           7.8626505252E+2           5.1843891992E+2           1.4158648897E+1           -8.3426999546E+1         
02/20/16                  23:31:02.4                5.0979889353E+1           2.9375000000E+1           7.8632156537E+2           5.0854152063E+2           1.5595267051E+1           -1.0136853204E+2         
02/20/16                  23:31:07.5                5.0979947937E+1           2.9375000000E+1           7.8631717669E+2           5.0043710615E+2           1.4704593918E+1           -1.2044043574E+2         
02/20/16                  23:31:12.5                5.0980006766E+1           2.9375000000E+1           7.8605188888E+2           4.9321806615E+2           1.3973832238E+1           -3.7464180721E+1         
02/20/16                  23:31:17.6                5.0980065624E+1           2.9390625000E+1           7.8593032034E+2           4.8722487116E+2           1.0454450205E+1           -3.2998221452E+1         
02/20/16                  23:31:24.6                5.0980145977E+1           2.9400000000E+1           7.8638632605E+2           4.7264168466E+2           1.8789712936E+1           -9.8085746953E+1         
02/20/16                  23:31:29.6                5.0980204680E+1           2.9437500000E+1           7.8650618357E+2           4.6489142206E+2           2.0749194595E+1           -1.3649052176E+2         
02/20/16                  23:31:34.7                5.0980263191E+1           2.9437500000E+1           7.8650956927E+2           4.5686437012E+2           2.3183902619E+1           -1.2815033947E+2         
02/20/16                  23:31:39.7                5.0980321727E+1           2.9437500000E+1           7.8603068823E+2           4.5467513440E+2           1.3994955265E+1           -2.7087105151E+1         
02/20/16                  23:31:44.8                5.0980380502E+1           2.9437500000E+1           7.8609427878E+2           4.4702015992E+2           1.6366685127E+1           -3.2797163711E+1         
02/20/16                  23:31:49.9                5.0980439296E+1           2.9437500000E+1           7.8598307184E+2           4.4102582102E+2           1.6443303761E+1           -4.2302991677E+1         
02/20/16                  23:31:55.0                5.0980497988E+1           2.9425000000E+1           7.8627388114E+2           4.3305809823E+2           1.8893001243E+1           -1.0449470186E+2         
02/20/16                  23:32:00.1                5.0980556915E+1           2.9437500000E+1           7.8631416487E+2           4.2693392795E+2           1.9267370153E+1           -1.0819360071E+2         
02/20/16                  23:32:05.1                5.0980615490E+1           2.9437500000E+1           7.8644004042E+2           4.1938876367E+2           2.5099531741E+1           -8.1314179929E+1         
02/20/16                  23:32:10.2                5.0980674003E+1           2.9437500000E+1           7.8662391114E+2           4.1206585877E+2           2.9467873274E+1           -1.2018815660E+2         
02/20/16                  23:32:15.3                5.0980732963E+1           2.9437500000E+1           7.8626991029E+2           4.0989920691E+2           2.1583635475E+1           -6.9375111299E+1         
02/20/16                  23:32:22.2                5.0980813014E+1           2.9437500000E+1           7.8675071520E+2           3.9884048000E+2           2.9607326894E+1           -1.6277834004E+2         
02/20/16                  23:32:27.2                5.0980871492E+1           2.9437500000E+1           7.8662823860E+2           3.9357175765E+2           2.9549914234E+1           -1.3520687670E+2         
02/20/16                  23:32:32.3                5.0980930177E+1           2.9437500000E+1           7.8622267760E+2           3.9199186412E+2           2.2981751889E+1           -7.6463458062E+1         
02/20/16                  23:32:37.4                5.0980988946E+1           2.9437500000E+1           7.8622295535E+2           3.8695112477E+2           2.1478258910E+1           -4.5018351602E+1         
02/20/16                  23:32:42.5                5.0981047947E+1           2.9437500000E+1           7.8617038656E+2           3.8276818080E+2           2.0641072925E+1           -4.3382113767E+1         
02/20/16                  23:32:47.6                5.0981106741E+1           2.9437500000E+1           7.8635014783E+2           3.7507853840E+2           2.7969831272E+1           -6.9920485974E+1         
02/20/16                  23:32:52.6                5.0981165147E+1           2.9437500000E+1           7.8629025058E+2           3.7124368674E+2           2.5791725571E+1           -9.6054269772E+1         
02/20/16                  23:32:57.7                5.0981223784E+1           2.9437500000E+1           7.8637566608E+2           3.6548443913E+2           2.8517736101E+1           -1.1078719073E+2         
02/20/16                  23:33:02.8                5.0981282537E+1           2.9437500000E+1           7.8645465278E+2           3.6012533141E+2           3.1549668313E+1           -9.1297747144E+1         
02/20/16                  23:33:07.8                5.0981341076E+1           2.9468750000E+1           7.8643318322E+2           3.5616399657E+2           3.1058349259E+1           -9.8477484453E+1         
02/20/16                  23:33:12.9                5.0981399755E+1           2.9500000000E+1           7.8660502695E+2           3.5060275810E+2           3.3716294937E+1           -9.7007021493E+1         
02/20/16                  23:33:19.8                5.0981479506E+1           2.9450000000E+1           7.8628061285E+2           3.4692737421E+2           2.8979332353E+1           -1.0371355744E+2         
02/20/16                  23:33:24.8                5.0981537792E+1           2.9487500000E+1           7.8668439620E+2           3.3945026734E+2           3.7514890272E+1           -1.1556860386E+2         
02/20/16                  23:33:29.9                5.0981596393E+1           2.9500000000E+1           7.8675895239E+2           3.3405929589E+2           4.0956231014E+1           -1.4325499935E+2         
02/20/16                  23:33:34.9                5.0981654935E+1           2.9487500000E+1           7.8630888783E+2           3.3382815863E+2           3.1901902037E+1           -3.6294105254E+1         
02/20/16                  23:33:40.0                5.0981713617E+1           2.9500000000E+1           7.8657434010E+2           3.2755537057E+2           3.6839917835E+1           -1.1539400987E+2         
02/20/16                  23:33:45.1                5.0981772385E+1           2.9487500000E+1           7.8616738005E+2           3.2636784298E+2           2.9730334318E+1           -3.9581199128E+1         
02/20/16                  23:33:50.1                5.0981830939E+1           2.9500000000E+1           7.8595531830E+2           3.2496349407E+2           2.4172421501E+1           -1.7449526637E+1         
02/20/16                  23:33:55.2                5.0981889564E+1           2.9500000000E+1           7.8663300000E+2           3.1567285341E+2           4.0834000264E+1           -1.1773423938E+2         
02/20/16                  23:34:00.3                5.0981948194E+1           2.9500000000E+1           7.8625257474E+2           3.1467555949E+2           3.3063548131E+1           -7.3043236264E+1         
02/20/16                  23:34:05.3                5.0982006910E+1           2.9500000000E+1           7.8673062115E+2           3.0741728721E+2           4.2900482372E+1           -1.7337403726E+2         
02/20/16                  23:34:10.4                5.0982065806E+1           2.9500000000E+1           7.8610747800E+2           3.0723464946E+2           3.5267181608E+1           1.7718148451E+1          
02/20/16                  23:34:17.3                5.0982145546E+1           2.9500000000E+1           7.8617743523E+2           3.0277110972E+2           3.4160888811E+1           -1.9899038402E+0         
02/20/16                  23:34:22.4                5.0982203947E+1           2.9500000000E+1           7.8613541983E+2           2.9927949415E+2           3.5201647218E+1           -3.0800957222E+1         
02/20/16                  23:34:27.4                5.0982262631E+1           2.9500000000E+1           7.8626011413E+2           2.9561862866E+2           3.5075739779E+1           -6.8445471354E+1         
02/20/16                  23:34:32.5                5.0982321321E+1           2.9500000000E+1           7.8639667967E+2           2.9123108091E+2           3.9180542347E+1           -8.7080164538E+1         
02/20/16                  23:34:37.6                5.0982379946E+1           2.9500000000E+1           7.8649719612E+2           2.8743214889E+2           4.1171838392E+1           -9.7465882041E+1         
02/20/16                  23:34:42.7                5.0982438859E+1           2.9500000000E+1           7.8623860157E+2           2.8624077033E+2           3.7257580385E+1           -2.8558850103E+1         
02/20/16                  23:34:47.7                5.0982497436E+1           2.9500000000E+1           7.8606312879E+2           2.8471323218E+2           3.3961108646E+1           6.4846906257E-1          
02/20/16                  23:34:52.8                5.0982556037E+1           2.9500000000E+1           7.8658089938E+2           2.7686965568E+2           4.8792012725E+1           -1.3499304092E+2         
02/20/16                  23:34:57.9                5.0982614702E+1           2.9500000000E+1           7.8640310022E+2           2.7664402139E+2           4.0608173571E+1           -4.6509839318E+1         
02/20/16                  23:35:02.9                5.0982673453E+1           2.9500000000E+1           7.8650663222E+2           2.7224228349E+2           4.5866368353E+1           -1.1337058688E+2         
02/20/16                  23:35:08.0                5.0982732156E+1           2.9500000000E+1           7.8639095316E+2           2.7057737926E+2           4.2550484144E+1           -5.4466365801E+1         
02/20/16                  23:35:14.9                5.0982811898E+1           2.9500000000E+1           7.8617413739E+2           2.6809004941E+2           3.9372429741E+1           2.8228825431E+1          
02/20/16                  23:35:20.0                5.0982870402E+1           2.9500000000E+1           7.8591632578E+2           2.6727320662E+2           3.6040687751E+1           8.0229707689E+1          
02/20/16                  23:35:25.0                5.0982929106E+1           2.9500000000E+1           7.8645181124E+2           2.6046252913E+2           4.8310401891E+1           -9.6239025831E+1         
02/20/16                  23:35:30.1                5.0982987786E+1           2.9500000000E+1           7.8619656625E+2           2.6016646433E+2           4.1435526762E+1           8.9163490847E+0          
02/20/16                  23:35:35.2                5.0983046449E+1           2.9500000000E+1           7.8617780703E+2           2.5783892140E+2           4.0821208734E+1           -4.9988816378E+1         
02/20/16                  23:35:40.3                5.0983105680E+1           2.9500000000E+1           7.8643251796E+2           2.5322216148E+2           5.1510558961E+1           -1.0445947792E+2         
02/20/16                  23:35:45.3                5.0983164106E+1           2.9500000000E+1           7.8628365790E+2           2.5205541314E+2           4.5858344212E+1           -2.4655963532E+1         
02/20/16                  23:35:50.4                5.0983222538E+1           2.9500000000E+1           7.8629919733E+2           2.4914154947E+2           4.9680819800E+1           -4.4454491993E+1         
02/20/16                  23:35:55.4                5.0983281146E+1           2.9500000000E+1           7.8643397214E+2           2.4698233455E+2           4.9771142080E+1           -6.3711185726E+1         
02/20/16                  23:36:00.5                5.0983339885E+1           2.9500000000E+1           7.8627813848E+2           2.4586446746E+2           4.6353067680E+1           -7.8406352827E+1         
02/20/16                  23:36:05.6                5.0983398662E+1           2.9500000000E+1           7.8611186375E+2           2.4537532162E+2           4.2914355997E+1           1.1312414329E+1          
02/20/16                  23:36:12.5                5.0983478356E+1           2.9512500000E+1           7.8636550520E+2           2.4106205354E+2           4.9443166670E+1           -3.6706800296E+1         
02/20/16                  23:36:17.5                5.0983536667E+1           2.9500000000E+1           7.8651663801E+2           2.3749623448E+2           5.6803396468E+1           -8.5408287739E+1         
02/20/16                  23:36:22.6                5.0983595341E+1           2.9500000000E+1           7.8584019481E+2           2.4033234776E+2           3.8912544351E+1           1.1727085964E+2          
02/20/16                  23:36:27.7                5.0983653941E+1           2.9500000000E+1           7.8630845274E+2           2.3526496420E+2           4.9349426135E+1           -9.1543039105E+1         
02/20/16                  23:36:32.7                5.0983712468E+1           2.9500000000E+1           7.8645093556E+2           2.3244441308E+2           5.4932759055E+1           -1.2244999575E+2         
02/20/16                  23:36:37.8                5.0983771227E+1           2.9500000000E+1           7.8635660867E+2           2.3001079573E+2           5.6492533899E+1           -5.1759804104E+1         
02/20/16                  23:36:42.8                5.0983829809E+1           2.9500000000E+1           7.8614425450E+2           2.3044780971E+2           4.8442126203E+1           3.4163755366E+1          
02/20/16                  23:36:47.9                5.0983888545E+1           2.9500000000E+1           7.8633654699E+2           2.2795250291E+2           5.3203916211E+1           6.7862061276E+0          
02/20/16                  23:36:53.0                5.0983947132E+1           2.9500000000E+1           7.8666439794E+2           2.2272319340E+2           6.6341037117E+1           -1.6071183406E+2         
02/20/16                  23:36:58.0                5.0984005669E+1           2.9500000000E+1           7.8632978969E+2           2.2297223613E+2           6.0899770249E+1           -7.4601262674E+1         
02/20/16                  23:37:03.1                5.0984064357E+1           2.9500000000E+1           7.8650281071E+2           2.2138717497E+2           5.9598585466E+1           -1.1441417126E+2         
02/20/16                  23:37:10.0                5.0984144273E+1           2.9500000000E+1           7.8630150578E+2           2.1963492084E+2           5.9284577882E+1           2.3650570354E+1          
02/20/16                  23:37:15.1                5.0984202865E+1           2.9500000000E+1           7.8633126290E+2           2.1786447491E+2           5.8049055538E+1           -2.6942066559E+1         
02/20/16                  23:37:20.1                5.0984261441E+1           2.9500000000E+1           7.8614304365E+2           2.1759015276E+2           5.2597553600E+1           -2.3881113857E+1         
02/20/16                  23:37:25.2                5.0984320083E+1           2.9500000000E+1           7.8626311828E+2           2.1532558837E+2           5.3951961147E+1           -5.0011443192E+1         
02/20/16                  23:37:30.3                5.0984378846E+1           2.9500000000E+1           7.8634048094E+2           2.1284794839E+2           6.0189238323E+1           -1.3003659691E+2         
02/20/16                  23:37:35.4                5.0984437655E+1           2.9500000000E+1           7.8642598587E+2           2.1010725435E+2           6.5615429454E+1           -6.0142059662E+1         
02/20/16                  23:37:40.4                5.0984496222E+1           2.9525000000E+1           7.8624646430E+2           2.1072221433E+2           5.8311194983E+1           5.7152806052E+0          
02/20/16                  23:37:45.5                5.0984554867E+1           2.9550000000E+1           7.8622789344E+2           2.0995483268E+2           5.4502970884E+1           -2.7622809664E+1         
02/20/16                  23:37:50.6                5.0984613599E+1           2.9512500000E+1           7.8647658030E+2           2.0530522123E+2           6.8861934845E+1           -8.8626499268E+1         
02/20/16                  23:37:55.6                5.0984672420E+1           2.9541666670E+1           7.8638610142E+2           2.0549166645E+2           6.1421201494E+1           -7.1432528794E+1         
02/20/16                  23:38:00.7                5.0984731260E+1           2.9512500000E+1           7.8647747804E+2           2.0297777189E+2           6.8923029517E+1           -1.3714217434E+2         
02/20/16                  23:38:07.7                5.0984811442E+1           2.9562500000E+1           7.8679240770E+2           1.9944389663E+2           7.3464895309E+1           -1.7004168222E+2         
02/20/16                  23:38:12.7                5.0984869996E+1           2.9550000000E+1           7.8624719255E+2           2.0206741688E+2           5.7116095032E+1           -6.6311331177E-1         
02/20/16                  23:38:17.8                5.0984928705E+1           2.9537500000E+1           7.8615369141E+2           2.0033581333E+2           6.0473693985E+1           1.4932634088E+1          
02/20/16                  23:38:22.9                5.0984987281E+1           2.9562500000E+1           7.8640878822E+2           1.9715871296E+2           6.8524119336E+1           -5.9907561068E+1         
02/20/16                  23:38:27.9                5.0985045817E+1           2.9562500000E+1           7.8621999504E+2           1.9746522187E+2           5.9668527751E+1           6.2531693284E+1          
02/20/16                  23:38:33.0                5.0985104610E+1           2.9562500000E+1           7.8648919893E+2           1.9326944791E+2           7.4192292236E+1           -9.8977182368E+1         
02/20/16                  23:38:38.0                5.0985163002E+1           2.9550000000E+1           7.8621887097E+2           1.9489197949E+2           6.4423659067E+1           4.5528902354E+1          
02/20/16                  23:38:43.1                5.0985221520E+1           2.9562500000E+1           7.8652408102E+2           1.9066302177E+2           7.4099965964E+1           -9.1877149869E+1         
02/20/16                  23:38:48.2                5.0985280243E+1           2.9537500000E+1           7.8664457079E+2           1.8908725575E+2           7.7997125798E+1           -1.2844811723E+2         
02/20/16                  23:38:53.2                5.0985338944E+1           2.9541666670E+1           7.8646652185E+2           1.8843865024E+2           7.6606147359E+1           -1.4495475621E+2         
02/20/16                  23:38:58.3                5.0985397720E+1           2.9531250000E+1           7.8620174254E+2           1.8998833700E+2           5.8820833336E+1           8.8554064606E+0          
02/20/16                  23:39:05.2                5.0985477504E+1           2.9562500000E+1           7.8623485890E+2           1.8783355271E+2           6.3251623797E+1           3.2631094805E+1          
02/20/16                  23:39:10.3                5.0985535942E+1           2.9512500000E+1           7.8628167440E+2           1.8624057517E+2           6.2053749327E+1           -9.8459622576E+0         
02/20/16                  23:39:15.3                5.0985594512E+1           2.9550000000E+1           7.8626252446E+2           1.8488603359E+2           6.4345574660E+1           -3.8366643461E+1         
02/20/16                  23:39:20.4                5.0985653330E+1           2.9537500000E+1           7.8622597155E+2           1.8320067546E+2           6.7811350460E+1           -8.7925860837E+0         
02/20/16                  23:39:25.5                5.0985711948E+1           2.9541666670E+1           7.8650651986E+2           1.8085995042E+2           7.2097626708E+1           -7.9669452314E+1         
02/20/16                  23:39:30.6                5.0985770917E+1           2.9562500000E+1           7.8651115233E+2           1.7852880561E+2           8.3461517776E+1           -7.8231622939E+1         
02/20/16                  23:39:35.6                5.0985829344E+1           2.9562500000E+1           7.8657190382E+2           1.7682915748E+2           8.4439599893E+1           -1.6192507485E+2         
02/20/16                  23:39:40.7                5.0985887908E+1           2.9562500000E+1           7.8655552093E+2           1.7669013639E+2           7.7584606098E+1           -1.0276940950E+2         
02/20/16                  23:39:45.8                5.0985946787E+1           2.9562500000E+1           7.8632322129E+2           1.7688056041E+2           7.1378820850E+1           -9.1058236547E+0         
02/20/16                  23:39:50.8                5.0986005578E+1           2.9562500000E+1           7.8665711325E+2           1.7341266351E+2           8.2651523576E+1           -1.8111067708E+2         
02/20/16                  23:39:55.9                5.0986064220E+1           2.9562500000E+1           7.8645803163E+2           1.7394948127E+2           7.3898627201E+1           -1.4113052217E+2         
02/20/16                  23:40:02.8                5.0986144208E+1           2.9562500000E+1           7.8637246309E+2           1.7180463089E+2           7.8857648902E+1           -1.9299919645E+1         
02/20/16                  23:40:07.9                5.0986202714E+1           2.9562500000E+1           7.8626230644E+2           1.7224047307E+2           6.9477832228E+1           5.9773000583E+1          
02/20/16                  23:40:12.9                5.0986261376E+1           2.9562500000E+1           7.8606161689E+2           1.7267365198E+2           6.4140340692E+1           9.6503500811E+1          
02/20/16                  23:40:18.0                5.0986319981E+1           2.9562500000E+1           7.8619151022E+2           1.6906242454E+2           7.9301976647E+1           5.3322385943E+1          
02/20/16                  23:40:23.1                5.0986378503E+1           2.9562500000E+1           7.8691981147E+2           1.6329414887E+2           1.0459136600E+2           -2.5706228621E+2         
02/20/16                  23:40:28.2                5.0986437531E+1           2.9562500000E+1           7.8643304345E+2           1.6652220184E+2           8.0937569633E+1           -1.1310317266E+2         
02/20/16                  23:40:33.2                5.0986495901E+1           2.9562500000E+1           7.8664008161E+2           1.6334474962E+2           9.2722881088E+1           -1.2596670758E+2         
02/20/16                  23:40:38.3                5.0986554542E+1           2.9562500000E+1           7.8628660105E+2           1.6473481619E+2           8.0442809491E+1           -6.5253201878E+1         
02/20/16                  23:40:43.3                5.0986613419E+1           2.9575000000E+1           7.8632053024E+2           1.6406699789E+2           7.7643532552E+1           -2.7026125197E+1         
02/20/16                  23:40:48.4                5.0986672027E+1           2.9562500000E+1           7.8639900623E+2           1.6242822506E+2           8.2756824408E+1           -6.3672277462E+1         
02/20/16                  23:40:53.5                5.0986730827E+1           2.9593750000E+1           7.8608795366E+2           1.6362397494E+2           7.3029062818E+1           1.3395702779E+2          
02/20/16                  23:41:00.4                5.0986810632E+1           2.9612500000E+1           7.8645991151E+2           1.5930988045E+2           8.9410249545E+1           -5.8427456681E+1         
02/20/16                  23:41:05.5                5.0986869331E+1           2.9625000000E+1           7.8662098741E+2           1.5759825522E+2           9.3306552960E+1           -1.1055764142E+2         
02/20/16                  23:41:10.5                5.0986927955E+1           2.9625000000E+1           7.8606061471E+2           1.6130456729E+2           6.7609139462E+1           7.3770377119E+1          
02/20/16                  23:41:15.6                5.0986986601E+1           2.9625000000E+1           7.8625184467E+2           1.5810163137E+2           8.1281743643E+1           1.5767891219E+2          
02/20/16                  23:41:20.7                5.0987045375E+1           2.9625000000E+1           7.8638101755E+2           1.5626837550E+2           8.7492801207E+1           5.2219431546E+1          
02/20/16                  23:41:25.8                5.0987104305E+1           2.9625000000E+1           7.8627859617E+2           1.5707555384E+2           7.4805658241E+1           -4.2158515610E+1         
02/20/16                  23:41:30.8                5.0987162740E+1           2.9612500000E+1           7.8661860217E+2           1.5257312220E+2           1.0078162220E+2           -1.0137821608E+2         
02/20/16                  23:41:35.9                5.0987221328E+1           2.9625000000E+1           7.8633810791E+2           1.5405838569E+2           8.5065282795E+1           4.0492910091E+1          
02/20/16                  23:41:40.9                5.0987279958E+1           2.9625000000E+1           7.8612774917E+2           1.5412640253E+2           8.0058657298E+1           -2.6957683874E+0         
02/20/16                  23:41:46.0                5.0987338662E+1           2.9625000000E+1           7.8656384345E+2           1.5031306480E+2           9.5412207365E+1           -1.1136332024E+2         
02/20/16                  23:41:51.1                5.0987397277E+1           2.9625000000E+1           7.8656394916E+2           1.4902559104E+2           9.9276468400E+1           -1.7625187751E+2         
02/20/16                  23:41:58.0                5.0987477019E+1           2.9625000000E+1           7.8621779952E+2           1.5156859955E+2           7.9675015362E+1           1.2984310650E+2          
02/20/16                  23:42:03.0                5.0987535567E+1           2.9625000000E+1           7.8605515612E+2           1.5191567345E+2           7.4124668482E+1           1.6839543555E+2          
02/20/16                  23:42:08.1                5.0987594338E+1           2.9625000000E+1           7.8624615371E+2           1.4859802876E+2           8.9253002510E+1           -3.8568109296E+0         
02/20/16                  23:42:13.2                5.0987653030E+1           2.9625000000E+1           7.8641615985E+2           1.4667555417E+2           9.4310427111E+1           -6.3460481301E+1         
02/20/16                  23:42:18.2                5.0987711637E+1           2.9625000000E+1           7.8626433609E+2           1.4729672102E+2           8.4566135395E+1           -3.4714650358E+0         
02/20/16                  23:42:23.3                5.0987770368E+1           2.9625000000E+1           7.8626601159E+2           1.4647630807E+2           8.0757112044E+1           -5.8951609834E+1         
02/20/16                  23:42:28.4                5.0987828787E+1           2.9625000000E+1           7.8637783877E+2           1.4473207107E+2           9.2005381585E+1           -4.6297784987E+1         
02/20/16                  23:42:33.4                5.0987887416E+1           2.9625000000E+1           7.8605439498E+2           1.4671662406E+2           7.7597725359E+1           1.0747496794E+2          
02/20/16                  23:42:38.5                5.0987946199E+1           2.9637500000E+1           7.8624070536E+2           1.4346494662E+2           9.2758787063E+1           1.2676732985E+2          
02/20/16                  23:42:43.6                5.0988004808E+1           2.9625000000E+1           7.8638584063E+2           1.4249790437E+2           9.5495688642E+1           -7.3577325187E+1         
02/20/16                  23:42:48.6                5.0988063492E+1           2.9640625000E+1           7.8651749798E+2           1.4020097243E+2           1.0592145083E+2           -1.9680870463E+2         
02/20/16                  23:42:55.5                5.0988143209E+1           2.9662500000E+1           7.8634232687E+2           1.4127098596E+2           9.4425977609E+1           1.8914032737E+1          
02/20/16                  23:43:00.6                5.0988201728E+1           2.9687500000E+1           7.8618024037E+2           1.4153794673E+2           8.5893467141E+1           9.3929849776E+1          
02/20/16                  23:43:05.6                5.0988260391E+1           2.9650000000E+1           7.8624344891E+2           1.3999419899E+2           9.4871925065E+1           7.2349704854E+1          
02/20/16                  23:43:10.7                5.0988319042E+1           2.9675000000E+1           7.8652290622E+2           1.3781319601E+2           1.0611901759E+2           -3.6983749900E+1         
02/20/16                  23:43:15.8                5.0988377738E+1           2.9656250000E+1           7.8626247488E+2           1.3860020393E+2           9.7406437993E+1           7.4107774024E+1          
02/20/16                  23:43:20.9                5.0988436643E+1           2.9650000000E+1           7.8602719456E+2           1.4059481502E+2           7.8659132949E+1           1.6689372398E+2          
02/20/16                  23:43:25.9                5.0988495119E+1           2.9637500000E+1           7.8611063652E+2           1.3902377645E+2           8.9120068480E+1           8.9449050058E+1          
02/20/16                  23:43:31.0                5.0988553635E+1           2.9662500000E+1           7.8618150658E+2           1.3774253238E+2           9.2491478825E+1           1.7274343745E+2          
02/20/16                  23:43:36.0                5.0988612235E+1           2.9675000000E+1           7.8640140141E+2           1.3518969450E+2           1.0242247863E+2           -5.0983560758E+1         
02/20/16                  23:43:41.1                5.0988670755E+1           2.9687500000E+1           7.8646685209E+2           1.3379227082E+2           1.1033036138E+2           -1.1389433715E+2         
02/20/16                  23:43:46.2                5.0988729528E+1           2.9662500000E+1           7.8637743014E+2           1.3443738743E+2           1.0429079618E+2           -3.1379419594E+1         
02/20/16                  23:43:53.1                5.0988809594E+1           2.9687500000E+1           7.8652655600E+2           1.3245591845E+2           1.1181238442E+2           -2.0436047997E+1         
02/20/16                  23:43:58.2                5.0988868072E+1           2.9650000000E+1           7.8634258545E+2           1.3278653965E+2           1.0534581558E+2           1.7571745611E+1          
02/20/16                  23:44:03.2                5.0988926811E+1           2.9675000000E+1           7.8667686653E+2           1.2988004682E+2           1.1480227724E+2           -3.0903710622E+2         
02/20/16                  23:44:08.3                5.0988985354E+1           2.9662500000E+1           7.8629795420E+2           1.3290565017E+2           9.2005911809E+1           -7.0539728296E+1         
02/20/16                  23:44:13.3                5.0989043901E+1           2.9666666670E+1           7.8629115585E+2           1.3044650117E+2           1.0895032313E+2           7.3006997686E+1          
02/20/16                  23:44:18.4                5.0989102881E+1           2.9687500000E+1           7.8638503488E+2           1.3057345144E+2           1.0184255561E+2           -4.1270980625E+1         
02/20/16                  23:44:23.5                5.0989161433E+1           2.9675000000E+1           7.8603362010E+2           1.3217498608E+2           8.8032184297E+1           1.2886613860E+2          
02/20/16                  23:44:28.6                5.0989220203E+1           2.9687500000E+1           7.8663280213E+2           1.2685327662E+2           1.1814892451E+2           -1.0360316965E+2         
02/20/16                  23:44:33.7                5.0989278965E+1           2.9687500000E+1           7.8621104670E+2           1.2994677461E+2           9.1948056248E+1           5.6869093671E+0          
02/20/16                  23:44:38.7                5.0989337535E+1           2.9687500000E+1           7.8645087825E+2           1.2704292172E+2           1.1250604874E+2           -3.8835227404E+1         
02/20/16                  23:44:43.8                5.0989396379E+1           2.9687500000E+1           7.8620259785E+2           1.2806091056E+2           1.0068320267E+2           9.0011072270E+1          
02/20/16                  23:44:50.7                5.0989476142E+1           2.9687500000E+1           7.8665349200E+2           1.2414595432E+2           1.2611563135E+2           -2.2514386460E+2         
02/20/16                  23:44:55.7                5.0989534506E+1           2.9675000000E+1           7.8659164660E+2           1.2346295955E+2           1.2606998383E+2           -2.3157838383E+2         
02/20/16                  23:45:00.8                5.0989593287E+1           2.9687500000E+1           7.8617137243E+2           1.2659143829E+2           1.0101034775E+2           7.9843154154E+1          
02/20/16                  23:45:05.9                5.0989651984E+1           2.9687500000E+1           7.8630381102E+2           1.2493297659E+2           1.0640138261E+2           3.1946291829E+0          
02/20/16                  23:45:10.9                5.0989710615E+1           2.9687500000E+1           7.8638882758E+2           1.2257650672E+2           1.2540870219E+2           8.2810072318E+1          
02/20/16                  23:45:16.0                5.0989769289E+1           2.9687500000E+1           7.8617910970E+2           1.2499994931E+2           1.0429847167E+2           1.8559928746E+2          
02/20/16                  23:45:21.1                5.0989827854E+1           2.9687500000E+1           7.8635392231E+2           1.2343437930E+2           1.0640879053E+2           -3.8571307246E+1         
02/20/16                  23:45:26.2                5.0989886828E+1           2.9687500000E+1           7.8641005922E+2           1.2099857496E+2           1.2527542761E+2           -5.3058823696E+1         
02/20/16                  23:45:31.2                5.0989945415E+1           2.9687500000E+1           7.8633075828E+2           1.2205120117E+2           1.0796340674E+2           -5.9372105309E+1         
02/20/16                  23:45:36.3                5.0990004184E+1           2.9687500000E+1           7.8637011229E+2           1.2132950753E+2           1.1316265514E+2           -1.7712793968E+1         
02/20/16                  23:45:41.4                5.0990063064E+1           2.9687500000E+1           7.8651912154E+2           1.1945979319E+2           1.2785812133E+2           -2.4956234112E+1         
02/20/16                  23:45:48.3                5.0990142823E+1           2.9687500000E+1           7.8651232347E+2           1.1871459662E+2           1.2830759912E+2           -1.1677425914E+2         
02/20/16                  23:45:53.4                5.0990201506E+1           2.9687500000E+1           7.8608503024E+2           1.2204995375E+2           9.7209670167E+1           1.6258195924E+2          
02/20/16                  23:45:58.4                5.0990260195E+1           2.9687500000E+1           7.8686267802E+2           1.1490371030E+2           1.5450389451E+2           -2.8235486158E+2         
02/20/16                  23:46:03.5                5.0990319004E+1           2.9725000000E+1           7.8615517523E+2           1.1963064342E+2           1.1058833639E+2           5.6708755095E+1          
02/20/16                  23:46:08.6                5.0990377768E+1           2.9687500000E+1           7.8624368920E+2           1.1900520356E+2           1.1278548887E+2           7.3205297494E+1          
02/20/16                  23:46:13.6                5.0990436232E+1           2.9700000000E+1           7.8641006620E+2           1.1653197788E+2           1.2663910502E+2           -7.5789427457E+0         
02/20/16                  23:46:18.7                5.0990494762E+1           2.9687500000E+1           7.8623233916E+2           1.1716441942E+2           1.2048229701E+2           1.2131675012E+2          
02/20/16                  23:46:23.8                5.0990553413E+1           2.9700000000E+1           7.8684795233E+2           1.1247776743E+2           1.5660197604E+2           -1.0554476681E+2         
02/20/16                  23:46:28.8                5.0990612036E+1           2.9687500000E+1           7.8656087600E+2           1.1429846998E+2           1.3127473987E+2           -1.3950322376E+2         
02/20/16                  23:46:33.9                5.0990670913E+1           2.9687500000E+1           7.8604959703E+2           1.1764398279E+2           1.0272526410E+2           1.2498523927E+2          
02/20/16                  23:46:39.0                5.0990729640E+1           2.9700000000E+1           7.8658048497E+2           1.1292426353E+2           1.3449384915E+2           -9.0618429950E+1         
02/20/16                  23:46:45.9                5.0990809412E+1           2.9700000000E+1           7.8643262784E+2           1.1363862854E+2           1.2604798954E+2           -4.3313798627E+1         
02/20/16                  23:46:50.9                5.0990867803E+1           2.9712500000E+1           7.8632147224E+2           1.1406193579E+2           1.2411899880E+2           1.1164381488E+2          
02/20/16                  23:46:56.0                5.0990926587E+1           2.9725000000E+1           7.8647211551E+2           1.1177454566E+2           1.3574465634E+2           -1.5788556592E+1         
02/20/16                  23:47:01.1                5.0990985380E+1           2.9712500000E+1           7.8696368418E+2           1.0843622218E+2           1.5788625716E+2           -4.0118865449E+2         
02/20/16                  23:47:06.2                5.0991044011E+1           2.9708333330E+1           7.8647497433E+2           1.1087560715E+2           1.3691251599E+2           -9.7500452970E+1         
02/20/16                  23:47:11.2                5.0991102726E+1           2.9687500000E+1           7.8648648020E+2           1.1118368112E+2           1.2214894251E+2           -9.4871346927E+1         
02/20/16                  23:47:16.3                5.0991161274E+1           2.9712500000E+1           7.8661481310E+2           1.0783367524E+2           1.5504046378E+2           -1.0591967656E+2         
02/20/16                  23:47:21.3                5.0991219870E+1           2.9712500000E+1           7.8642820623E+2           1.0983949956E+2           1.2814961886E+2           -4.8775469131E+1         
02/20/16                  23:47:26.4                5.0991278495E+1           2.9712500000E+1           7.8621891111E+2           1.1016956355E+2           1.2504425607E+2           1.7709263695E+2          
02/20/16                  23:47:31.5                5.0991336988E+1           2.9687500000E+1           7.8620892093E+2           1.1036918791E+2           1.1921498729E+2           3.5479306259E+1          
02/20/16                  23:47:36.6                5.0991396131E+1           2.9737500000E+1           7.8608599812E+2           1.1036309267E+2           1.1289448181E+2           1.1016248642E+2          
02/20/16                  23:47:43.5                5.0991476125E+1           2.9687500000E+1           7.8659343826E+2           1.0650968875E+2           1.4223467950E+2           -1.3818352680E+2         
02/20/16                  23:47:48.5                5.0991534529E+1           2.9725000000E+1           7.8632376342E+2           1.0848503687E+2           1.2537330884E+2           4.9010915094E+1          
02/20/16                  23:47:53.6                5.0991593256E+1           2.9687500000E+1           7.8622755758E+2           1.0854056154E+2           1.2113601866E+2           2.6534076413E+1          
02/20/16                  23:47:58.7                5.0991651977E+1           2.9700000000E+1           7.8632780446E+2           1.0676456250E+2           1.3382308721E+2           -2.8517081076E+1         
02/20/16                  23:48:03.7                5.0991710464E+1           2.9750000000E+1           7.8636040177E+2           1.0581243054E+2           1.3795213470E+2           -8.6234273055E+1         
02/20/16                  23:48:08.8                5.0991769155E+1           2.9737500000E+1           7.8610007566E+2           1.0854470756E+2           1.1264633500E+2           2.8095838784E+2          
02/20/16                  23:48:13.9                5.0991827638E+1           2.9700000000E+1           7.8625259772E+2           1.0674694515E+2           1.2718964868E+2           1.2168574414E+2          
02/20/16                  23:48:18.9                5.0991886195E+1           2.9700000000E+1           7.8638871419E+2           1.0455848623E+2           1.4519771506E+2           2.9018227710E+0          
02/20/16                  23:48:24.0                5.0991944916E+1           2.9712500000E+1           7.8645336365E+2           1.0450983422E+2           1.4238641858E+2           1.2697067921E+2          
02/20/16                  23:48:29.1                5.0992003675E+1           2.9729166670E+1           7.8626959855E+2           1.0502148640E+2           1.3098955591E+2           1.1961144378E+2          
02/20/16                  23:48:34.2                5.0992062885E+1           2.9750000000E+1           7.8634023970E+2           1.0385649942E+2           1.3298127985E+2           -4.5823941935E+0         
02/20/16                  23:48:41.1                5.0992142664E+1           2.9737500000E+1           7.8635583582E+2           1.0328922646E+2           1.3988303670E+2           -1.1610417701E+1         
02/20/16                  23:48:46.1                5.0992201016E+1           2.9750000000E+1           7.8643923008E+2           1.0264467367E+2           1.4325544568E+2           -6.8988815332E+1         
02/20/16                  23:48:51.2                5.0992259668E+1           2.9750000000E+1           7.8635082832E+2           1.0226500925E+2           1.4492296046E+2           -1.3505645558E+0         
02/20/16                  23:48:56.3                5.0992318356E+1           2.9750000000E+1           7.8654523807E+2           1.0100907648E+2           1.5444037590E+2           6.7189996362E+1          
02/20/16                  23:49:01.3                5.0992377046E+1           2.9750000000E+1           7.8621627841E+2           1.0266453642E+2           1.3425684274E+2           1.9999281946E+2          
02/20/16                  23:49:06.4                5.0992435773E+1           2.9725000000E+1           7.8638972388E+2           1.0057081005E+2           1.4804527435E+2           1.3138829120E+1          
02/20/16                  23:49:11.5                5.0992494332E+1           2.9750000000E+1           7.8624055487E+2           1.0161346364E+2           1.3437790247E+2           2.4087281369E+1          
02/20/16                  23:49:16.5                5.0992552889E+1           2.9750000000E+1           7.8639495398E+2           1.0104175707E+2           1.3475843735E+2           -1.0802089202E+2         
02/20/16                  23:49:21.6                5.0992611486E+1           2.9750000000E+1           7.8628520536E+2           1.0161002761E+2           1.2438264466E+2           4.8788402087E+1          
02/20/16                  23:49:26.6                5.0992670015E+1           2.9750000000E+1           7.8613257860E+2           1.0123428832E+2           1.2276970352E+2           2.5746373671E+2          
02/20/16                  23:49:31.7                5.0992728864E+1           2.9750000000E+1           7.8644904011E+2           9.9036994079E+1           1.4658987166E+2           -7.9128460113E+1         
02/20/16                  23:49:38.6                5.0992808733E+1           2.9750000000E+1           7.8620152596E+2           9.9851648958E+1           1.3070301899E+2           1.8842640054E+2          
02/20/16                  23:49:43.7                5.0992867279E+1           2.9750000000E+1           7.8629423388E+2           9.9023608416E+1           1.3944217268E+2           1.0474808019E+2          
02/20/16                  23:49:48.7                5.0992925867E+1           2.9750000000E+1           7.8648651300E+2           9.7454597096E+1           1.5561764824E+2           8.0282584010E+1          
02/20/16                  23:49:53.8                5.0992984480E+1           2.9750000000E+1           7.8625073610E+2           9.8643258125E+1           1.3158630567E+2           8.3803935844E+1          
02/20/16                  23:49:58.9                5.0993043222E+1           2.9750000000E+1           7.8619409185E+2           9.8568001256E+1           1.3976133418E+2           2.1345976549E+2          
02/20/16                  23:50:04.0                5.0993101928E+1           2.9750000000E+1           7.8618622039E+2           9.9010107457E+1           1.2598329687E+2           2.3680503665E+2          
02/20/16                  23:50:09.0                5.0993160360E+1           2.9750000000E+1           7.8647431956E+2           9.6614203195E+1           1.4676020538E+2           -1.2136415706E+2         
02/20/16                  23:50:14.1                5.0993219028E+1           2.9750000000E+1           7.8631771581E+2           9.6673890094E+1           1.4737035159E+2           1.4989660323E+2          
02/20/16                  23:50:19.1                5.0993277538E+1           2.9750000000E+1           7.8627058475E+2           9.6242113669E+1           1.4813769954E+2           -2.9676622141E+1         
02/20/16                  23:50:24.2                5.0993336081E+1           2.9750000000E+1           7.8612527402E+2           9.7089555992E+1           1.4348718689E+2           1.9489403089E+2          
02/20/16                  23:50:29.3                5.0993394936E+1           2.9750000000E+1           7.8645084512E+2           9.4943983947E+1           1.5393108269E+2           -7.0609224086E+1         
02/20/16                  23:50:36.2                5.0993474822E+1           2.9750000000E+1           7.8660197370E+2           9.3498348746E+1           1.6770546747E+2           -3.1164579291E+1         
02/20/16                  23:50:41.2                5.0993533469E+1           2.9750000000E+1           7.8638663026E+2           9.4413146736E+1           1.5457656297E+2           1.0234148545E+2          
02/20/16                  23:50:46.3                5.0993592141E+1           2.9750000000E+1           7.8644335668E+2           9.3427661598E+1           1.6862593554E+2           -9.5504154906E+1         
02/20/16                  23:50:51.4                5.0993650885E+1           2.9750000000E+1           7.8630165538E+2           9.4501272122E+1           1.4830375312E+2           -2.2587044250E+1         
02/20/16                  23:50:56.5                5.0993709520E+1           2.9750000000E+1           7.8642084287E+2           9.3223337439E+1           1.6156811736E+2           4.3525405849E+1          
02/20/16                  23:51:01.5                5.0993768307E+1           2.9750000000E+1           7.8638270490E+2           9.3409422401E+1           1.5024923929E+2           -9.6334521320E+1         
02/20/16                  23:51:06.6                5.0993826821E+1           2.9750000000E+1           7.8636526948E+2           9.2038301809E+1           1.6288285852E+2           4.3387675652E+1          
02/20/16                  23:51:11.7                5.0993885576E+1           2.9750000000E+1           7.8629117226E+2           9.3261344942E+1           1.4710341560E+2           5.4546842027E+1          
02/20/16                  23:51:16.7                5.0993944150E+1           2.9750000000E+1           7.8638818132E+2           9.1889943329E+1           1.6023990401E+2           5.9529096792E+0          
02/20/16                  23:51:21.8                5.0994002732E+1           2.9750000000E+1           7.8619671282E+2           9.2790145010E+1           1.4734019456E+2           2.0641539496E+2          
02/20/16                  23:51:26.9                5.0994061757E+1           2.9750000000E+1           7.8607218538E+2           9.4396814208E+1           1.2388434011E+2           1.3543511694E+2          
02/20/16                  23:51:33.8                5.0994141796E+1           2.9750000000E+1           7.8632067863E+2           9.1202117733E+1           1.5790379638E+2           1.0611129177E+2          
02/20/16                  23:51:38.8                5.0994200161E+1           2.9750000000E+1           7.8629246528E+2           9.1562550921E+1           1.4322623259E+2           5.4322962035E+1          
02/20/16                  23:51:43.9                5.0994258916E+1           2.9750000000E+1           7.8613561680E+2           9.2052686991E+1           1.4474722987E+2           1.5973549206E+2          
02/20/16                  23:51:49.0                5.0994317718E+1           2.9750000000E+1           7.8623963410E+2           9.0273498408E+1           1.5990052937E+2           1.1889919598E+2          
02/20/16                  23:51:54.1                5.0994376213E+1           2.9750000000E+1           7.8633456188E+2           9.0337301442E+1           1.5301973033E+2           6.5811285259E+1          
02/20/16                  23:51:59.1                5.0994434963E+1           2.9750000000E+1           7.8615426620E+2           9.0962169338E+1           1.4724813321E+2           9.5495861923E+1          
02/20/16                  23:52:04.2                5.0994493537E+1           2.9750000000E+1           7.8592802364E+2           9.1899674694E+1           1.2694743344E+2           2.6548186032E+2          
02/20/16                  23:52:09.3                5.0994552109E+1           2.9762500000E+1           7.8608252744E+2           9.0226896524E+1           1.4975556409E+2           1.4105003154E+2          
02/20/16                  23:52:14.3                5.0994610674E+1           2.9750000000E+1           7.8608330713E+2           8.9788778834E+1           1.5182895143E+2           3.3047077849E+2          
02/20/16                  23:52:19.4                5.0994669307E+1           2.9750000000E+1           7.8628231337E+2           8.8767344304E+1           1.5718894271E+2           9.3447705077E+1          
02/20/16                  23:52:24.5                5.0994728154E+1           2.9750000000E+1           7.8619715483E+2           8.9162889835E+1           1.5173430921E+2           2.1297456074E+2          
02/20/16                  23:52:31.4                5.0994808008E+1           2.9750000000E+1           7.8670250579E+2           8.4184336298E+1           1.9951157425E+2           -1.9336229958E+2         
02/20/16                  23:52:36.4                5.0994866475E+1           2.9737500000E+1           7.8641290853E+2           8.6654149424E+1           1.7618739399E+2           5.8872092328E+1          
02/20/16                  23:52:41.5                5.0994924955E+1           2.9750000000E+1           7.8651343295E+2           8.5649212440E+1           1.8194911740E+2           -1.0641642386E+2         
02/20/16                  23:52:46.5                5.0994983463E+1           2.9750000000E+1           7.8652068231E+2           8.5161456781E+1           1.7948872864E+2           7.0894393455E+1          
02/20/16                  23:52:51.6                5.0995042114E+1           2.9750000000E+1           7.8632725256E+2           8.6191485216E+1           1.6875209099E+2           3.3919807246E+1          
02/20/16                  23:52:56.7                5.0995100820E+1           2.9750000000E+1           7.8668444396E+2           8.3219671826E+1           2.0033833084E+2           -9.3434507925E+1         
02/20/16                  23:53:01.7                5.0995159475E+1           2.9750000000E+1           7.8592725108E+2           8.8899727058E+1           1.2776758840E+2           3.5069387194E+2          
02/20/16                  23:53:06.8                5.0995218068E+1           2.9750000000E+1           7.8642209097E+2           8.5547821669E+1           1.6417487782E+2           -1.2345893573E+2         
02/20/16                  23:53:11.9                5.0995276829E+1           2.9750000000E+1           7.8606940021E+2           8.7167278621E+1           1.4815464135E+2           2.1568584816E+2          
02/20/16                  23:53:16.9                5.0995335403E+1           2.9750000000E+1           7.8640036447E+2           8.4959755782E+1           1.7189964592E+2           3.7347648231E+1          
02/20/16                  23:53:22.0                5.0995393961E+1           2.9750000000E+1           7.8650025549E+2           8.3498442443E+1           1.8283918689E+2           -1.3433285780E+2         
02/20/16                  23:53:28.9                5.0995473927E+1           2.9750000000E+1           7.8648184883E+2           8.3943605322E+1           1.7859021684E+2           -2.7242701854E+0         
02/20/16                  23:53:34.0                5.0995532571E+1           2.9750000000E+1           7.8629007872E+2           8.4383626008E+1           1.6555393120E+2           1.4390695009E+2          
02/20/16                  23:53:39.0                5.0995591172E+1           2.9750000000E+1           7.8604198170E+2           8.7168938337E+1           1.3462069289E+2           3.3173036351E+2          
02/20/16                  23:53:44.1                5.0995649684E+1           2.9750000000E+1           7.8659328940E+2           8.1284574292E+1           2.0494021339E+2           -1.9444118339E+1         
02/20/16                  23:53:49.1                5.0995708227E+1           2.9750000000E+1           7.8635490141E+2           8.2899841047E+1           1.8476343397E+2           1.0659888717E+2          
02/20/16                  23:53:54.2                5.0995767168E+1           2.9750000000E+1           7.8645098077E+2           8.2147341294E+1           1.8687582339E+2           1.0509415055E+2          
02/20/16                  23:53:59.3                5.0995825739E+1           2.9750000000E+1           7.8610272943E+2           8.3937753752E+1           1.6757875790E+2           1.3659213192E+2          
02/20/16                  23:54:04.4                5.0995884374E+1           2.9762500000E+1           7.8589136584E+2           8.6324948782E+1           1.3121528798E+2           5.0525389335E+2          
02/20/16                  23:54:09.4                5.0995943114E+1           2.9750000000E+1           7.8600822714E+2           8.4087801938E+1           1.5542096484E+2           2.7490171184E+2          
02/20/16                  23:54:14.5                5.0996001736E+1           2.9750000000E+1           7.8643774097E+2           8.1585256952E+1           1.8733152321E+2           -2.6755237306E+1         
02/20/16                  23:54:19.6                5.0996060581E+1           2.9750000000E+1           7.8647468630E+2           8.0566781691E+1           1.9382807108E+2           -2.6829453007E+1         
02/20/16                  23:54:26.5                5.0996140476E+1           2.9762500000E+1           7.8632346775E+2           8.1720272786E+1           1.7577660989E+2           9.3757795728E+1          
02/20/16                  23:54:31.5                5.0996198995E+1           2.9762500000E+1           7.8640691398E+2           8.0507450498E+1           1.8811366730E+2           1.3685196524E+2          
02/20/16                  23:54:36.6                5.0996257592E+1           2.9762500000E+1           7.8645238068E+2           8.0570061254E+1           1.8227177159E+2           -4.0795979566E+1         
02/20/16                  23:54:41.7                5.0996316285E+1           2.9750000000E+1           7.8619089147E+2           8.1895658082E+1           1.6831552436E+2           2.5070014905E+2          
02/20/16                  23:54:46.7                5.0996374833E+1           2.9770833330E+1           7.8674590141E+2           7.7450975105E+1           2.1702722722E+2           -2.1835699317E+2         
02/20/16                  23:54:51.8                5.0996433660E+1           2.9750000000E+1           7.8626605695E+2           8.1452739503E+1           1.6621061644E+2           1.1602179718E+2          
02/20/16                  23:54:56.9                5.0996492156E+1           2.9775000000E+1           7.8611529090E+2           8.1374485851E+1           1.6058609766E+2           2.1135899672E+2          
02/20/16                  23:55:02.0                5.0996550974E+1           2.9762500000E+1           7.8631898740E+2           7.9185528750E+1           1.8660650456E+2           1.1656951446E+2          
02/20/16                  23:55:07.0                5.0996609613E+1           2.9775000000E+1           7.8643863344E+2           7.9003168222E+1           1.8874043343E+2           6.7425917237E+1          
02/20/16                  23:55:12.1                5.0996668243E+1           2.9750000000E+1           7.8617284718E+2           7.9935435057E+1           1.7432097924E+2           2.1355808661E+2          
02/20/16                  23:55:17.2                5.0996726940E+1           2.9787500000E+1           7.8606402818E+2           8.0890840137E+1           1.6169450366E+2           3.3620973688E+2          
02/20/16                  23:55:24.1                5.0996807005E+1           2.9800000000E+1           7.8635260663E+2           7.8589569157E+1           1.9086823937E+2           4.9704862654E+1          
02/20/16                  23:55:29.1                5.0996865363E+1           2.9800000000E+1           7.8650319303E+2           7.7115195268E+1           1.9857217704E+2           -1.1361135376E+2         
02/20/16                  23:55:34.2                5.0996923973E+1           2.9762500000E+1           7.8643823817E+2           7.6985925405E+1           2.0511180609E+2           9.5144565311E+1          
02/20/16                  23:55:39.3                5.0996982643E+1           2.9787500000E+1           7.8654242751E+2           7.6357236779E+1           2.0703862700E+2           -3.1150962248E+1         
02/20/16                  23:55:44.3                5.0997041203E+1           2.9791666670E+1           7.8619474521E+2           7.8578072824E+1           1.8229931002E+2           3.0830803286E+2          
02/20/16                  23:55:49.4                5.0997100031E+1           2.9787500000E+1           7.8628668734E+2           7.8620194607E+1           1.7199991558E+2           4.9943099749E+1          
02/20/16                  23:55:54.5                5.0997158645E+1           2.9775000000E+1           7.8626789983E+2           7.7421613141E+1           1.8669083612E+2           2.2627650440E+2          
02/20/16                  23:55:59.5                5.0997217254E+1           2.9812500000E+1           7.8598508225E+2           7.9763204997E+1           1.5530074733E+2           4.2080526286E+2          
02/20/16                  23:56:04.6                5.0997275938E+1           2.9787500000E+1           7.8618918472E+2           7.8043779475E+1           1.7099767789E+2           2.3143097292E+2          
02/20/16                  23:56:09.7                5.0997334854E+1           2.9812500000E+1           7.8625895641E+2           7.7134734434E+1           1.8627721998E+2           2.8195773463E+2          
02/20/16                  23:56:14.8                5.0997393701E+1           2.9787500000E+1           7.8645028012E+2           7.5039806983E+1           2.0507707184E+2           -8.0052246265E+1         
02/20/16                  23:56:21.7                5.0997473868E+1           2.9812500000E+1           7.8640619819E+2           7.4995431383E+1           1.9634213379E+2           -8.8845284445E+1         
02/20/16                  23:56:26.7                5.0997532290E+1           2.9800000000E+1           7.8611859189E+2           7.6451509012E+1           1.8207514197E+2           1.9235030567E+2          
02/20/16                  23:56:31.8                5.0997591101E+1           2.9775000000E+1           7.8653009087E+2           7.3880021727E+1           2.1022665825E+2           -6.5969494236E+1         
02/20/16                  23:56:36.9                5.0997649912E+1           2.9775000000E+1           7.8618151820E+2           7.6162771914E+1           1.7485229505E+2           2.3629081819E+2          
02/20/16                  23:56:42.0                5.0997708645E+1           2.9791666670E+1           7.8624370926E+2           7.5486678059E+1           1.8461959516E+2           1.7601114363E+2          
02/20/16                  23:56:47.1                5.0997767522E+1           2.9775000000E+1           7.8618447614E+2           7.6066278488E+1           1.6925335199E+2           1.4621175811E+2          
02/20/16                  23:56:52.1                5.0997826060E+1           2.9762500000E+1           7.8631270694E+2           7.4638524771E+1           1.9039544192E+2           1.7864703138E+2          
02/20/16                  23:56:57.2                5.0997884715E+1           2.9762500000E+1           7.8644983761E+2           7.4038842175E+1           2.0057223457E+2           2.9951360065E+0          
02/20/16                  23:57:02.3                5.0997943336E+1           2.9787500000E+1           7.8639542493E+2           7.3301238492E+1           2.0988809436E+2           -1.4839137062E+2         
02/20/16                  23:57:07.3                5.0998001792E+1           2.9770833330E+1           7.8630496542E+2           7.3971008588E+1           1.9424079144E+2           1.4098900234E+2          
02/20/16                  23:57:12.4                5.0998060546E+1           2.9762500000E+1           7.8637949551E+2           7.3462816648E+1           1.9460662742E+2           1.8167278275E+2          
02/20/16                  23:57:19.3                5.0998140412E+1           2.9750000000E+1           7.8619044182E+2           7.4406284954E+1           1.8203296642E+2           3.7682467989E+2          
02/20/16                  23:57:24.3                5.0998198683E+1           2.9762500000E+1           7.8659283591E+2           7.1533954730E+1           2.1685545811E+2           -2.4482459681E+2         
02/20/16                  23:57:29.4                5.0998257254E+1           2.9800000000E+1           7.8661167033E+2           7.1079688684E+1           2.2480367401E+2           -2.7313181785E+2         
02/20/16                  23:57:34.4                5.0998315801E+1           2.9775000000E+1           7.8640011095E+2           7.2015403137E+1           2.0264652105E+2           -6.4886545064E+0         
02/20/16                  23:57:39.5                5.0998374313E+1           2.9812500000E+1           7.8633714675E+2           7.2643226191E+1           1.9534913323E+2           2.1923829326E+2          
02/20/16                  23:57:44.6                5.0998433185E+1           2.9812500000E+1           7.8614605369E+2           7.3547465063E+1           1.7997149877E+2           2.8111819769E+2          
02/20/16                  23:57:49.6                5.0998491551E+1           2.9787500000E+1           7.8612104605E+2           7.3409418759E+1           1.7928865961E+2           2.4370572419E+2          
02/20/16                  23:57:54.7                5.0998550125E+1           2.9800000000E+1           7.8626607745E+2           7.2107774575E+1           1.9456916808E+2           1.3314644563E+2          
02/20/16                  23:57:59.7                5.0998608714E+1           2.9787500000E+1           7.8616331039E+2           7.2931564727E+1           1.8031202480E+2           3.2146505374E+2          
02/20/16                  23:58:04.8                5.0998667260E+1           2.9791666670E+1           7.8616280759E+2           7.2424405407E+1           1.8192829831E+2           1.0315425413E+2          
02/20/16                  23:58:09.9                5.0998725922E+1           2.9796875000E+1           7.8635908626E+2           7.1370298156E+1           1.9530076125E+2           2.4227768114E+2          
02/20/16                  23:58:16.8                5.0998805775E+1           2.9800000000E+1           7.8627187102E+2           7.1818288092E+1           1.9908019727E+2           -1.5917074513E+2         
02/20/16                  23:58:21.8                5.0998864435E+1           2.9787500000E+1           7.8611512224E+2           7.2703486957E+1           1.7611561003E+2           3.9176207336E+2          
02/20/16                  23:58:26.9                5.0998922932E+1           2.9800000000E+1           7.8626681243E+2           7.1378744095E+1           1.9615091381E+2           1.8488680724E+2          
02/20/16                  23:58:32.0                5.0998981677E+1           2.9800000000E+1           7.8633766203E+2           7.0604712748E+1           2.0397140761E+2           7.0615518203E+1          
02/20/16                  23:58:37.0                5.0999040309E+1           2.9812500000E+1           7.8619383012E+2           7.1079566263E+1           1.9645490760E+2           4.2210768953E+2          
02/20/16                  23:58:42.1                5.0999099094E+1           2.9812500000E+1           7.8620664344E+2           7.1271130397E+1           1.9197789594E+2           1.6788266206E+2          
02/20/16                  23:58:47.2                5.0999157496E+1           2.9812500000E+1           7.8651023494E+2           6.9109717901E+1           2.3108489122E+2           5.4738070092E+1          
02/20/16                  23:58:52.2                5.0999216197E+1           2.9812500000E+1           7.8633224264E+2           6.9240595632E+1           2.0476610571E+2           5.1288196785E+1          
02/20/16                  23:58:57.3                5.0999274933E+1           2.9787500000E+1           7.8603718574E+2           7.1849178686E+1           1.7250086124E+2           3.0042630110E+2          
02/20/16                  23:59:02.4                5.0999333753E+1           2.9812500000E+1           7.8628415972E+2           6.9385413820E+1           2.0637470255E+2           3.8723978785E+1          
02/20/16                  23:59:07.5                5.0999392677E+1           2.9812500000E+1           7.8637103948E+2           6.8564010257E+1           2.1535084494E+2           -9.0096662601E+1         
02/20/16                  23:59:14.4                5.0999472428E+1           2.9812500000E+1           7.8641723464E+2           6.8521635175E+1           2.1034472965E+2           -1.5612585278E+2         
02/20/16                  23:59:19.4                5.0999530805E+1           2.9800000000E+1           7.8602948263E+2           7.0535707439E+1           1.8051749851E+2           4.0607962597E+2          
02/20/16                  23:59:24.5                5.0999589516E+1           2.9800000000E+1           7.8617331255E+2           7.0200549042E+1           1.7585095282E+2           2.2304150638E+2          
02/20/16                  23:59:29.5                5.0999648098E+1           2.9812500000E+1           7.8658627654E+2           6.6725094782E+1           2.2800541939E+2           -2.6898139480E+2         
02/20/16                  23:59:34.6                5.0999706795E+1           2.9812500000E+1           7.8674251892E+2           6.4394825603E+1           2.7428809361E+2           -3.8272074873E+2         
