DATE                      TIME                      DAYS_SINCE_JAN            DAS_TEMP_(C)              BASELINE                  H2O                       D_1816                    D_DH                     
06/04/16                  19:17:22.9                1.5576207169E+2           3.4500000000E+1           7.8723750902E+2           5.8597885205E+2           -1.1375259578E+1          -1.4866249864E+2         
06/04/16                  19:17:28.0                1.5576213048E+2           3.4500000000E+1           7.8701418467E+2           5.5089715472E+2           -1.2039654390E+1          -1.2151363528E+2         
06/04/16                  19:17:33.1                1.5576218886E+2           3.4500000000E+1           7.8732681782E+2           5.1718260436E+2           -1.0079157984E+1          -1.5558947381E+2         
06/04/16                  19:17:38.1                1.5576224735E+2           3.4487500000E+1           7.8699237721E+2           4.8927377152E+2           -1.1270159337E+1          -1.2825866346E+2         
06/04/16                  19:17:43.2                1.5576230595E+2           3.4500000000E+1           7.8698730607E+2           4.6237573213E+2           -9.9806722103E+0          -1.1724892855E+2         
06/04/16                  19:17:48.2                1.5576236449E+2           3.4500000000E+1           7.8706868923E+2           4.3801580776E+2           -8.0863731403E+0          -1.1689800036E+2         
06/04/16                  19:17:53.3                1.5576242312E+2           3.4500000000E+1           7.8746380795E+2           4.2050816362E+2           -4.1548151665E+0          -1.4355733202E+2         
06/04/16                  19:18:00.2                1.5576250283E+2           3.4500000000E+1           7.8742410705E+2           4.2641673077E+2           -5.2497631836E+0          -1.5123789783E+2         
06/04/16                  19:18:05.2                1.5576256114E+2           3.4500000000E+1           7.8711433883E+2           4.1748198774E+2           -9.1988840587E+0          -1.2369108520E+2         
06/04/16                  19:18:10.3                1.5576261966E+2           3.4462500000E+1           7.8740176553E+2           4.0243177979E+2           -4.7583303773E+0          -1.4458162765E+2         
06/04/16                  19:18:15.4                1.5576267829E+2           3.4462500000E+1           7.8726921160E+2           3.3700092294E+2           -4.1216204340E+0          -1.3742039202E+2         
06/04/16                  19:18:20.4                1.5576273697E+2           3.4437500000E+1           7.8747829443E+2           2.7438708568E+2           6.2811471821E-1           -1.7336942162E+2         
06/04/16                  19:18:25.5                1.5576279564E+2           3.4437500000E+1           7.8703217058E+2           2.4872499415E+2           -2.7483672623E+0          -7.6656181994E+1         
06/04/16                  19:18:30.5                1.5576285413E+2           3.4437500000E+1           7.8715127954E+2           2.2838997898E+2           -1.4281767763E-1          -1.2813044452E+2         
06/04/16                  19:18:35.6                1.5576291283E+2           3.4450000000E+1           7.8692333979E+2           2.1649855826E+2           -3.1994482286E+0          -1.0947537084E+2         
06/04/16                  19:18:40.7                1.5576297128E+2           3.4450000000E+1           7.8705319395E+2           2.0481760977E+2           -5.1379291445E-1          -1.0431325754E+2         
06/04/16                  19:18:45.7                1.5576302989E+2           3.4437500000E+1           7.8704133870E+2           1.9515046167E+2           -1.9594712024E-1          -1.0422415690E+2         
06/04/16                  19:18:50.8                1.5576308853E+2           3.4437500000E+1           7.8735241670E+2           1.8446508510E+2           4.5793805455E+0           -1.4693795699E+2         
06/04/16                  19:18:57.7                1.5576316824E+2           3.4437500000E+1           7.8719866951E+2           1.7489008813E+2           2.4056663443E+0           -1.0701947326E+2         
06/04/16                  19:19:02.7                1.5576322666E+2           3.4437500000E+1           7.8726155273E+2           1.6687250656E+2           5.3838236040E+0           -1.2656123483E+2         
06/04/16                  19:19:07.8                1.5576328523E+2           3.4437500000E+1           7.8735754616E+2           1.5945993367E+2           5.8698573801E+0           -1.6578974614E+2         
06/04/16                  19:19:12.9                1.5576334385E+2           3.4437500000E+1           7.8691018952E+2           1.5591890374E+2           1.2114907880E+0           -1.0591322276E+2         
06/04/16                  19:19:17.9                1.5576340231E+2           3.4437500000E+1           7.8679082865E+2           1.5048164002E+2           1.5176114951E-1           -6.2446943177E+1         
06/04/16                  19:19:23.0                1.5576346087E+2           3.4437500000E+1           7.8682882333E+2           1.4435913513E+2           1.0867330979E+0           -5.4332944506E+1         
06/04/16                  19:19:28.0                1.5576351921E+2           3.4437500000E+1           7.8723107762E+2           1.3578930372E+2           8.7476761649E+0           -1.0376060092E+2         
06/04/16                  19:19:33.1                1.5576357765E+2           3.4437500000E+1           7.8712530537E+2           1.3097414338E+2           7.5452951500E+0           -1.0186243550E+2         
06/04/16                  19:19:38.1                1.5576363617E+2           3.4425000000E+1           7.8730872313E+2           1.2508702218E+2           9.7868962239E+0           -1.4625539570E+2         
06/04/16                  19:19:43.2                1.5576369467E+2           3.4437500000E+1           7.8726126778E+2           1.2032170622E+2           1.0193535690E+1           -1.4946228007E+2         
06/04/16                  19:19:48.2                1.5576375329E+2           3.4437500000E+1           7.8698957736E+2           1.1897318159E+2           2.2807348242E+0           -1.1560348999E+2         
06/04/16                  19:19:55.1                1.5576383300E+2           3.4437500000E+1           7.8720319569E+2           1.1076097264E+2           9.2988617577E+0           -1.3072363835E+2         
06/04/16                  19:20:00.2                1.5576389134E+2           3.4425000000E+1           7.8715986997E+2           1.0656394051E+2           8.7738890563E+0           -1.5196261994E+2         
06/04/16                  19:20:05.2                1.5576394984E+2           3.4437500000E+1           7.8712355254E+2           1.0282263755E+2           7.9503946342E+0           -1.3084208327E+2         
06/04/16                  19:20:10.3                1.5576400836E+2           3.4437500000E+1           7.8691629618E+2           9.9590104088E+1           8.0702949439E+0           -8.6007965640E+1         
06/04/16                  19:20:15.3                1.5576406691E+2           3.4437500000E+1           7.8725541115E+2           9.4310925074E+1           1.0484686185E+1           -1.3318254030E+2         
06/04/16                  19:20:20.4                1.5576412559E+2           3.4437500000E+1           7.8705841059E+2           9.1358628476E+1           9.5765102138E+0           -7.4746757685E+1         
06/04/16                  19:20:25.5                1.5576418406E+2           3.4437500000E+1           7.8691258061E+2           8.8809317698E+1           5.8500113175E+0           -7.7618266832E+1         
06/04/16                  19:20:30.5                1.5576424255E+2           3.4437500000E+1           7.8727680165E+2           8.2402453834E+1           1.4015366642E+1           -1.0924358578E+2         
06/04/16                  19:20:35.6                1.5576430113E+2           3.4450000000E+1           7.8773720214E+2           7.5224481466E+1           2.3978968729E+1           -2.2609023361E+2         
06/04/16                  19:20:40.6                1.5576435961E+2           3.4437500000E+1           7.8720466040E+2           7.5440506156E+1           1.3531946361E+1           -1.4496818375E+2         
06/04/16                  19:20:45.7                1.5576441846E+2           3.4437500000E+1           7.8711207664E+2           7.3089458069E+1           1.4955955659E+1           -7.6516087366E+1         
06/04/16                  19:20:52.6                1.5576449827E+2           3.4425000000E+1           7.8703505683E+2           7.8654542534E+1           1.2582274275E+1           -9.3289412937E+1         
06/04/16                  19:20:57.6                1.5576455665E+2           3.4437500000E+1           7.8723109161E+2           6.7647248260E+1           1.4353765451E+1           -1.4225910961E+2         
06/04/16                  19:21:02.7                1.5576461512E+2           3.4437500000E+1           7.8677454430E+2           6.8667189098E+1           9.3057447316E+0           -4.2480030368E+1         
06/04/16                  19:21:07.8                1.5576467369E+2           3.4425000000E+1           7.8733421720E+2           5.5050152251E+1           2.0041883828E+1           -1.3902028360E+2         
06/04/16                  19:21:12.8                1.5576473214E+2           3.4416666670E+1           7.8717966349E+2           6.2357651487E+1           1.5189644132E+1           -1.0841837479E+2         
06/04/16                  19:21:17.9                1.5576479091E+2           3.4400000000E+1           7.8709860213E+2           6.9553633344E+1           1.3021313389E+1           -8.1177696753E+1         
06/04/16                  19:21:22.9                1.5576484935E+2           3.4400000000E+1           7.8722986594E+2           6.8511822675E+1           1.6909254296E+1           -1.2946869764E+2         
06/04/16                  19:21:28.0                1.5576490780E+2           3.4375000000E+1           7.8701911004E+2           7.8483795433E+1           9.5318936570E+0           -9.9424260215E+1         
06/04/16                  19:21:33.0                1.5576496624E+2           3.4375000000E+1           7.8701485526E+2           6.1461429387E+1           1.4004921119E+1           -4.1801394062E+1         
06/04/16                  19:21:38.1                1.5576502484E+2           3.4375000000E+1           7.8699081809E+2           3.6398314997E+1           1.5001465701E+1           -9.3340871984E+1         
06/04/16                  19:21:43.2                1.5576508344E+2           3.4375000000E+1           7.8686785256E+2           2.7553409492E+1           1.3587910091E+1           -1.1289792201E+1         
06/04/16                  19:21:50.0                1.5576516317E+2           3.4375000000E+1           7.8670842302E+2           2.4417281255E+1           8.0952673656E+0           -1.8466388024E+1         
06/04/16                  19:21:55.1                1.5576522157E+2           3.4375000000E+1           7.8729230212E+2           1.7588126597E+1           2.3529298130E+1           -8.0972087288E+1         
06/04/16                  19:22:00.2                1.5576528027E+2           3.4375000000E+1           7.8720285135E+2           1.6461291071E+1           1.9545195001E+1           -1.4531118247E+2         
06/04/16                  19:22:05.2                1.5576533875E+2           3.4375000000E+1           7.8726208642E+2           1.3624966055E+1           2.4090365758E+1           -1.3811232785E+2         
06/04/16                  19:22:10.3                1.5576539733E+2           3.4375000000E+1           7.8691056669E+2           1.3821636321E+1           1.7340198866E+1           -9.3504461982E+1         
06/04/16                  19:22:15.3                1.5576545599E+2           3.4375000000E+1           7.8736826842E+2           2.0730870003E+1           2.4046184041E+1           -1.5410067359E+2         
06/04/16                  19:22:20.4                1.5576551418E+2           3.4375000000E+1           7.8698074339E+2           3.3384184140E+1           1.7317878653E+1           -6.1668556420E+1         
06/04/16                  19:22:25.5                1.5576557304E+2           3.4375000000E+1           7.8887062454E+2           1.6949809008E+3           -2.4434461959E+1          -1.4431136436E+2         
06/04/16                  19:22:30.5                1.5576563192E+2           3.4375000000E+1           7.8597948408E+2           9.9687834919E+3           -2.4337906462E+1          -1.6946274554E+2         
06/04/16                  19:22:35.8                1.5576569301E+2           3.4375000000E+1           7.8518163570E+2           1.7855128594E+4           -2.1820972739E+1          -1.7647717717E+2         
06/04/16                  19:22:41.7                1.5576576070E+2           3.4343750000E+1           7.8632078847E+2           2.2532994941E+4           -2.2055003605E+1          -1.8164705451E+2         
06/04/16                  19:22:49.9                1.5576585539E+2           3.4333333330E+1           7.8636671137E+2           2.5326161308E+4           -2.2199007280E+1          -1.8186420237E+2         
06/04/16                  19:22:56.7                1.5576593434E+2           3.4328125000E+1           7.8567913101E+2           2.6260625076E+4           -2.2822408470E+1          -1.8171793067E+2         
06/04/16                  19:23:04.1                1.5576602034E+2           3.4321428570E+1           7.8568392703E+2           2.6725220344E+4           -2.3467076278E+1          -1.8222678983E+2         
06/04/16                  19:23:12.2                1.5576611344E+2           3.4312500000E+1           7.8560011300E+2           2.6975224754E+4           -2.3756425340E+1          -1.8271370299E+2         
06/04/16                  19:23:19.3                1.5576619601E+2           3.4312500000E+1           7.8616530950E+2           2.7098409762E+4           -2.3998376955E+1          -1.8320108699E+2         
06/04/16                  19:23:26.4                1.5576627813E+2           3.4312500000E+1           7.8534697920E+2           2.7163189988E+4           -2.3591131986E+1          -1.8251757764E+2         
06/04/16                  19:23:33.3                1.5576635821E+2           3.4312500000E+1           7.8595627212E+2           2.7230008487E+4           -2.3798967549E+1          -1.8266853960E+2         
06/04/16                  19:23:40.2                1.5576643839E+2           3.4312500000E+1           7.8551044373E+2           2.7277886846E+4           -2.3769638781E+1          -1.8184965735E+2         
06/04/16                  19:23:47.5                1.5576652247E+2           3.4312500000E+1           7.8581998719E+2           2.7312860252E+4           -2.3815083615E+1          -1.8275337847E+2         
06/04/16                  19:23:54.3                1.5576660185E+2           3.4325000000E+1           7.8580262405E+2           2.7358106039E+4           -2.3768864142E+1          -1.8260315025E+2         
06/04/16                  19:24:01.7                1.5576668644E+2           3.4312500000E+1           7.8627163238E+2           2.7389483705E+4           -2.3637147545E+1          -1.8335243687E+2         
06/04/16                  19:24:10.5                1.5576678831E+2           3.4312500000E+1           7.8590790759E+2           2.7440038397E+4           -2.3711414422E+1          -1.8221455200E+2         
06/04/16                  19:24:17.5                1.5576686935E+2           3.4312500000E+1           7.8605479149E+2           2.7474063299E+4           -2.4016028244E+1          -1.8327304768E+2         
06/04/16                  19:24:24.4                1.5576694970E+2           3.4312500000E+1           7.8585343573E+2           2.7505790314E+4           -2.4246569843E+1          -1.8243519428E+2         
06/04/16                  19:24:31.7                1.5576703466E+2           3.4312500000E+1           7.8630425013E+2           2.7531557262E+4           -2.3800826798E+1          -1.8361887231E+2         
06/04/16                  19:24:38.6                1.5576711451E+2           3.4312500000E+1           7.8626535191E+2           2.7562171211E+4           -2.3523019645E+1          -1.8283622773E+2         
06/04/16                  19:24:45.8                1.5576719703E+2           3.4312500000E+1           7.8623540459E+2           2.7599349508E+4           -2.3491909859E+1          -1.8272258794E+2         
06/04/16                  19:24:54.1                1.5576729320E+2           3.4312500000E+1           7.8577931175E+2           2.7639103426E+4           -2.4161942627E+1          -1.8169213366E+2         
06/04/16                  19:25:01.4                1.5576737833E+2           3.4312500000E+1           7.8614027058E+2           2.7688703648E+4           -2.3960339555E+1          -1.8245020347E+2         
06/04/16                  19:25:08.9                1.5576746450E+2           3.4312500000E+1           7.8635480491E+2           2.7705751412E+4           -2.3997474444E+1          -1.8317630150E+2         
06/04/16                  19:25:16.2                1.5576754900E+2           3.4312500000E+1           7.8623863606E+2           2.7737625253E+4           -2.3869458861E+1          -1.8262772068E+2         
06/04/16                  19:25:23.1                1.5576762891E+2           3.4312500000E+1           7.8619618337E+2           2.7784396601E+4           -2.4091326956E+1          -1.8234525749E+2         
06/04/16                  19:25:32.3                1.5576773530E+2           3.4312500000E+1           7.8628594868E+2           2.7826479204E+4           -2.3777105239E+1          -1.8250299884E+2         
06/04/16                  19:25:39.2                1.5576781592E+2           3.4312500000E+1           7.8621512385E+2           2.7873455810E+4           -2.3991302989E+1          -1.8252919449E+2         
06/04/16                  19:25:46.9                1.5576790423E+2           3.4312500000E+1           7.8635103549E+2           2.7900942768E+4           -2.3956970194E+1          -1.8250871738E+2         
06/04/16                  19:25:55.0                1.5576799859E+2           3.4312500000E+1           7.8590242244E+2           2.7943798270E+4           -2.4240108774E+1          -1.8177880975E+2         
06/04/16                  19:26:03.4                1.5576809497E+2           3.4312500000E+1           7.8657899935E+2           2.7987224595E+4           -2.4060338026E+1          -1.8230478196E+2         
06/04/16                  19:26:11.4                1.5576818774E+2           3.4312500000E+1           7.8618702089E+2           2.8032402766E+4           -2.4259211256E+1          -1.8183094838E+2         
06/04/16                  19:26:18.4                1.5576826922E+2           3.4312500000E+1           7.8657722957E+2           2.8059222098E+4           -2.4003350898E+1          -1.8220682461E+2         
06/04/16                  19:26:26.2                1.5576835962E+2           3.4312500000E+1           7.8680726445E+2           2.8097050060E+4           -2.3638354366E+1          -1.8257820250E+2         
06/04/16                  19:26:33.3                1.5576844209E+2           3.4294642860E+1           7.8644671049E+2           2.8140551199E+4           -2.4155900339E+1          -1.8152779888E+2         
06/04/16                  19:26:40.3                1.5576852250E+2           3.4291666670E+1           8.1791230483E+2           2.7957819101E+4           -1.8773768227E+1          -2.6681888520E+2         
06/04/16                  19:26:48.4                1.5576861653E+2           3.4312500000E+1           7.5624420480E+2           1.8884742243E+4           -8.7420286967E+0          -1.5608711037E+2         
06/04/16                  19:26:55.7                1.5576870075E+2           3.4262500000E+1           7.8692149626E+2           4.3034881230E+3           -2.5453634729E+1          -1.8027034124E+2         
06/04/16                  19:27:00.7                1.5576875910E+2           3.4250000000E+1           7.8700455638E+2           2.2382949060E+3           -2.3781481085E+1          -1.7766700971E+2         
06/04/16                  19:27:05.8                1.5576881766E+2           3.4250000000E+1           7.8711461566E+2           1.2719304463E+3           -2.1820828431E+1          -1.6975212063E+2         
06/04/16                  19:27:10.8                1.5576887612E+2           3.4250000000E+1           7.8731431843E+2           8.6599994735E+2           -1.7320965298E+1          -1.8539048276E+2         
06/04/16                  19:27:15.9                1.5576893466E+2           3.4250000000E+1           7.8717900774E+2           6.3006840794E+2           -1.5679002182E+1          -1.7608364305E+2         
06/04/16                  19:27:21.0                1.5576899336E+2           3.4250000000E+1           7.8703296151E+2           4.5685015664E+2           -1.4698091949E+1          -1.6019222461E+2         
06/04/16                  19:27:26.0                1.5576905168E+2           3.4262500000E+1           7.8716161695E+2           3.4821834419E+2           -9.6669581445E+0          -1.5761197553E+2         
06/04/16                  19:27:31.1                1.5576911018E+2           3.4250000000E+1           7.8689382638E+2           2.5434696223E+2           -8.4486429525E+0          -1.3485534988E+2         
06/04/16                  19:27:36.1                1.5576916866E+2           3.4250000000E+1           7.8717576304E+2           1.9844431138E+2           -3.4529913625E+0          -1.5170257929E+2         
06/04/16                  19:27:41.2                1.5576922714E+2           3.4250000000E+1           7.8702793365E+2           1.7224996529E+2           -2.7153795518E+0          -1.1438642712E+2         
06/04/16                  19:27:46.2                1.5576928581E+2           3.4250000000E+1           7.8717413052E+2           1.5249141035E+2           -7.3123195646E-2          -1.6572189317E+2         
06/04/16                  19:27:53.1                1.5576936549E+2           3.4250000000E+1           7.8697210801E+2           1.3156088919E+2           7.8765443459E-1           -1.1170654680E+2         
06/04/16                  19:27:58.2                1.5576942386E+2           3.4250000000E+1           7.8730442565E+2           1.1643800091E+2           6.4969002685E+0           -1.6483447140E+2         
06/04/16                  19:28:03.2                1.5576948242E+2           3.4250000000E+1           7.8695434858E+2           1.0730523085E+2           2.8566161046E+0           -1.3411885842E+2         
06/04/16                  19:28:08.3                1.5576954089E+2           3.4250000000E+1           7.8709708717E+2           9.7122117359E+1           5.3300449222E+0           -1.4291393352E+2         
06/04/16                  19:28:13.4                1.5576959970E+2           3.4250000000E+1           7.8687669910E+2           8.8843023828E+1           6.2621675160E+0           -6.4490229523E+1         
06/04/16                  19:28:18.4                1.5576965840E+2           3.4250000000E+1           7.8726207200E+2           7.9105793828E+1           9.3916712331E+0           -1.6421185999E+2         
06/04/16                  19:28:23.5                1.5576971673E+2           3.4250000000E+1           7.8703699078E+2           7.3478853075E+1           5.8946218395E+0           -1.0461616303E+2         
06/04/16                  19:28:28.5                1.5576977530E+2           3.4250000000E+1           7.8716236018E+2           6.5764987788E+1           8.9074022304E+0           -1.5097121056E+2         
06/04/16                  19:28:33.6                1.5576983375E+2           3.4237500000E+1           7.8723391949E+2           5.9753242542E+1           7.6846401953E+0           -1.4976488337E+2         
06/04/16                  19:28:38.6                1.5576989235E+2           3.4250000000E+1           7.8698682083E+2           5.4234674359E+1           1.1293413032E+1           -1.0261659708E+2         
06/04/16                  19:28:43.7                1.5576995110E+2           3.4250000000E+1           7.8688549676E+2           4.9863495553E+1           9.4676922559E+0           -4.1573148599E+1         
06/04/16                  19:28:50.6                1.5577003066E+2           3.4237500000E+1           7.8716726266E+2           4.1028312613E+1           1.6180666090E+1           -1.1496435490E+2         
06/04/16                  19:28:55.7                1.5577008920E+2           3.4212500000E+1           7.8691294017E+2           3.8396639722E+1           1.0096080853E+1           -5.9646660162E+1         
06/04/16                  19:29:00.7                1.5577014774E+2           3.4250000000E+1           7.8701259376E+2           3.3467439704E+1           1.4098618295E+1           -7.7189531478E+1         
06/04/16                  19:29:05.8                1.5577020626E+2           3.4212500000E+1           7.8695102510E+2           2.9998946918E+1           1.2228181618E+1           -1.0137203671E+2         
06/04/16                  19:29:10.8                1.5577026474E+2           3.4218750000E+1           7.8693162867E+2           2.6595286696E+1           1.0437769992E+1           -5.3688541732E+1         
06/04/16                  19:29:15.9                1.5577032332E+2           3.4187500000E+1           7.8680316003E+2           2.3533087066E+1           8.9120405759E+0           -1.1717963944E+2         
06/04/16                  19:29:20.9                1.5577038166E+2           3.4187500000E+1           7.8689048873E+2           1.9098204917E+1           1.4276036921E+1           -5.2785804256E+1         
06/04/16                  19:29:26.0                1.5577044014E+2           3.4187500000E+1           7.8723322615E+2           1.4443297054E+1           1.8831119630E+1           -1.4871864015E+2         
06/04/16                  19:29:31.0                1.5577049867E+2           3.4187500000E+1           7.8695344962E+2           1.2110721443E+1           1.6895196181E+1           -4.7933498076E+1         
06/04/16                  19:29:36.1                1.5577055727E+2           3.4187500000E+1           7.8712481912E+2           8.8808777711E+0           1.7475701306E+1           -1.3316918472E+2         
06/04/16                  19:29:41.2                1.5577061604E+2           3.4187500000E+1           7.8702790229E+2           7.1998905123E+0           1.3608028998E+1           -6.8310048206E+1         
06/04/16                  19:29:48.1                1.5577069565E+2           3.4187500000E+1           7.8701134005E+2           2.2397515215E+0           1.9786424799E+1           -8.0085404124E+1         
06/04/16                  19:29:53.1                1.5577075399E+2           3.4187500000E+1           7.8696135964E+2           5.8840268156E-1           1.5185072311E+1           -1.1028074540E+2         
06/04/16                  19:29:58.2                1.5577081256E+2           3.4187500000E+1           7.8668668056E+2           3.1731373472E-1           9.7478466098E+0           -1.6352887503E+1         
06/04/16                  19:30:03.2                1.5577087124E+2           3.4187500000E+1           7.8735107688E+2           -7.4022867882E+0          2.7505661206E+1           -2.0171313928E+2         
06/04/16                  19:30:08.3                1.5577092990E+2           3.4187500000E+1           7.8703852517E+2           -7.0766624151E+0          1.9933311600E+1           -1.0309585243E+2         
06/04/16                  19:30:13.4                1.5577098850E+2           3.4175000000E+1           7.8737872222E+2           -1.0903825908E+1          2.3011943516E+1           -1.8187332840E+2         
06/04/16                  19:30:18.4                1.5577104683E+2           3.4187500000E+1           7.8696770690E+2           -1.1864521233E+1          2.2161496111E+1           -8.3442598747E+1         
06/04/16                  19:30:23.4                1.5577110524E+2           3.4175000000E+1           7.8680093759E+2           -1.1943714598E+1          1.4661329809E+1           -1.1744058238E+1         
06/04/16                  19:30:28.5                1.5577116383E+2           3.4175000000E+1           7.8699263943E+2           -1.5553574912E+1          2.1112422650E+1           -4.1955449396E+1         
06/04/16                  19:30:33.6                1.5577122240E+2           3.4187500000E+1           7.8724700198E+2           -1.9150178125E+1          2.6066841833E+1           -1.4017681796E+2         
06/04/16                  19:30:38.6                1.5577128120E+2           3.4175000000E+1           7.8731599679E+2           -2.2228050242E+1          2.9580733281E+1           -1.6397805685E+2         
06/04/16                  19:30:45.5                1.5577136101E+2           3.4137500000E+1           7.8706844681E+2           -2.4141379548E+1          3.0553601956E+1           -5.9362139886E+1         
06/04/16                  19:30:50.6                1.5577141945E+2           3.4125000000E+1           7.8722188624E+2           -2.5910310416E+1          2.9506881500E+1           -1.1273046870E+2         
06/04/16                  19:30:55.6                1.5577147799E+2           3.4137500000E+1           7.8742488726E+2           -2.9160566597E+1          3.6381287927E+1           -1.5405757413E+2         
06/04/16                  19:31:00.7                1.5577153656E+2           3.4125000000E+1           7.8664758590E+2           -2.5180975134E+1          1.5026701882E+1           3.8860698722E+1          
06/04/16                  19:31:05.8                1.5577159518E+2           3.4125000000E+1           7.8716278073E+2           -3.0970015938E+1          3.0176604536E+1           -1.0507751946E+2         
06/04/16                  19:31:10.8                1.5577165393E+2           3.4125000000E+1           7.8702459037E+2           -3.2106980955E+1          2.8397158005E+1           -1.0262451869E+2         
06/04/16                  19:31:15.9                1.5577171233E+2           3.4125000000E+1           7.8673769220E+2           -3.0771536978E+1          1.6334783301E+1           -9.1399156088E+0         
06/04/16                  19:31:21.0                1.5577177099E+2           3.4125000000E+1           7.8697088285E+2           -3.4966107254E+1          2.8582031408E+1           -5.2260387191E+1         
06/04/16                  19:31:26.0                1.5577182952E+2           3.4112500000E+1           7.8720541458E+2           -3.7464279878E+1          3.3480547846E+1           -9.4626860114E+1         
06/04/16                  19:31:31.1                1.5577188863E+2           3.4125000000E+1           7.8754357140E+2           -4.1424495538E+1          4.2189445121E+1           -1.4857102527E+2         
06/04/16                  19:31:36.2                1.5577194787E+2           3.4125000000E+1           7.8717949924E+2           -4.0700926785E+1          3.4148954281E+1           -2.5858236095E+1         
06/04/16                  19:31:43.1                1.5577202747E+2           3.4112500000E+1           7.8721422588E+2           -4.1689308393E+1          3.1968532938E+1           -1.1424137799E+2         
06/04/16                  19:31:48.2                1.5577208607E+2           3.4125000000E+1           7.8719822222E+2           -4.3088818414E+1          3.1748791883E+1           -1.2875100512E+2         
06/04/16                  19:31:53.3                1.5577214480E+2           3.4112500000E+1           7.8713333524E+2           -4.4411156835E+1          3.3567184465E+1           -1.5224822679E+2         
06/04/16                  19:31:58.3                1.5577220345E+2           3.4112500000E+1           7.8733579016E+2           -4.6409799544E+1          3.4102670914E+1           -1.8171748444E+2         
06/04/16                  19:32:03.4                1.5577226200E+2           3.4083333330E+1           7.8718542355E+2           -4.7009812756E+1          3.4155951435E+1           -1.2230075744E+2         
06/04/16                  19:32:08.5                1.5577232070E+2           3.4125000000E+1           7.8716229078E+2           -4.9014015704E+1          3.9558643521E+1           -1.1136747473E+2         
06/04/16                  19:32:13.5                1.5577237905E+2           3.4125000000E+1           7.8707595681E+2           -4.9255410762E+1          3.4675954061E+1           -8.7012059917E+1         
06/04/16                  19:32:18.6                1.5577243753E+2           3.4087500000E+1           7.8731847594E+2           -5.1495311338E+1          3.6877870442E+1           -1.3428933388E+2         
06/04/16                  19:32:23.6                1.5577249601E+2           3.4075000000E+1           7.8740776904E+2           -5.3430047387E+1          4.3176259500E+1           -1.8366174001E+2         
06/04/16                  19:32:28.7                1.5577255461E+2           3.4125000000E+1           7.8725757846E+2           -5.3062770679E+1          3.6384127565E+1           -1.5230418811E+2         
06/04/16                  19:32:33.7                1.5577261340E+2           3.4087500000E+1           7.8717162410E+2           -5.4087547172E+1          3.8353348124E+1           -1.0181906726E+2         
06/04/16                  19:32:40.6                1.5577269301E+2           3.4087500000E+1           7.8700824054E+2           -5.3618316527E+1          2.8800358138E+1           -1.0428338527E+0         
06/04/16                  19:32:45.7                1.5577275140E+2           3.4062500000E+1           7.8702767524E+2           -5.5177157220E+1          3.2376072542E+1           -4.9810525263E+1         
06/04/16                  19:32:50.7                1.5577280999E+2           3.4075000000E+1           7.8760576993E+2           -6.0030702461E+1          4.9929461817E+1           -2.2782281640E+2         
06/04/16                  19:32:55.8                1.5577286850E+2           3.4112500000E+1           7.8709555360E+2           -5.7537857898E+1          3.3403842305E+1           -8.8975782632E+1         
06/04/16                  19:33:00.8                1.5577292701E+2           3.4062500000E+1           7.8700861944E+2           -5.9014332045E+1          3.5332136540E+1           -3.4271007374E+1         
06/04/16                  19:33:05.9                1.5577298567E+2           3.4062500000E+1           7.8727433743E+2           -6.1040678084E+1          4.2372421491E+1           -9.0651340200E+1         
06/04/16                  19:33:10.9                1.5577304397E+2           3.4062500000E+1           7.8709886834E+2           -6.1181151403E+1          3.7207261548E+1           -7.3337788527E+1         
06/04/16                  19:33:16.0                1.5577310246E+2           3.4062500000E+1           7.8720469964E+2           -6.2646875392E+1          3.9224097078E+1           -1.1497465868E+2         
06/04/16                  19:33:21.1                1.5577316094E+2           3.4062500000E+1           7.8697830478E+2           -6.1765752470E+1          3.1225161432E+1           -7.5157001292E+1         
06/04/16                  19:33:26.1                1.5577321944E+2           3.4062500000E+1           7.8692566716E+2           -6.2701679342E+1          3.1380205700E+1           -2.2798029794E+1         
06/04/16                  19:33:31.2                1.5577327821E+2           3.4062500000E+1           7.8732108133E+2           -6.6501983623E+1          4.5543890574E+1           -1.3925676032E+2         
06/04/16                  19:33:38.1                1.5577335795E+2           3.4062500000E+1           7.8741599618E+2           -6.8370408404E+1          5.0876729886E+1           -1.3303191037E+2         
06/04/16                  19:33:43.1                1.5577341636E+2           3.4062500000E+1           7.8703807447E+2           -6.6226719001E+1          3.6306248258E+1           -5.1438818979E+1         
06/04/16                  19:33:48.2                1.5577347485E+2           3.4037500000E+1           7.8712189173E+2           -6.7252168763E+1          3.5480014447E+1           -7.6384660232E+1         
06/04/16                  19:33:53.2                1.5577353343E+2           3.4050000000E+1           7.8772326817E+2           -7.2315062276E+1          5.5260454592E+1           -2.4733866855E+2         
06/04/16                  19:33:58.3                1.5577359194E+2           3.4062500000E+1           7.8715137651E+2           -6.9483181493E+1          3.9108905928E+1           -9.9994209482E+1         
06/04/16                  19:34:03.4                1.5577365068E+2           3.4050000000E+1           7.8710940893E+2           -7.0244217314E+1          4.0555144076E+1           -1.1022778663E+2         
06/04/16                  19:34:08.4                1.5577370894E+2           3.4025000000E+1           7.8724786055E+2           -7.1982279965E+1          4.4331813114E+1           -9.8211750130E+1         
06/04/16                  19:34:13.5                1.5577376763E+2           3.4012500000E+1           7.8708240434E+2           -7.2092111366E+1          4.0994898223E+1           -1.3067085557E+2         
06/04/16                  19:34:18.5                1.5577382619E+2           3.4000000000E+1           7.8753343932E+2           -7.5784525903E+1          5.7411027586E+1           -2.6378040053E+2         
06/04/16                  19:34:23.6                1.5577388472E+2           3.4000000000E+1           7.8753503922E+2           -7.6885319129E+1          5.7547425912E+1           -2.1910955425E+2         
06/04/16                  19:34:28.7                1.5577394333E+2           3.4000000000E+1           7.8721402743E+2           -7.3667152975E+1          3.7626193470E+1           -1.5900904078E+2         
06/04/16                  19:34:35.5                1.5577402295E+2           3.4000000000E+1           7.8698636607E+2           -7.3788213631E+1          3.3339886451E+1           -3.9989067122E+1         
06/04/16                  19:34:40.6                1.5577408129E+2           3.4000000000E+1           7.8713978003E+2           -7.6084903705E+1          4.4051343364E+1           -9.6315820188E+1         
06/04/16                  19:34:45.6                1.5577413977E+2           3.4000000000E+1           7.8708920888E+2           -7.6506835499E+1          4.3201249833E+1           -4.6478699932E+1         
06/04/16                  19:34:50.7                1.5577419828E+2           3.4000000000E+1           7.8701433282E+2           -7.6636144317E+1          3.8685059415E+1           -7.9721800728E+0         
06/04/16                  19:34:55.7                1.5577425677E+2           3.4000000000E+1           7.8727666960E+2           -7.9120745309E+1          4.5978266840E+1           -1.6186257730E+2         
06/04/16                  19:35:00.8                1.5577431539E+2           3.4000000000E+1           7.8712817307E+2           -7.9643237035E+1          4.9316754504E+1           -3.6104429448E+1         
06/04/16                  19:35:05.8                1.5577437375E+2           3.4000000000E+1           7.8741462736E+2           -8.1926576353E+1          5.2603061196E+1           -2.4969981295E+2         
06/04/16                  19:35:10.9                1.5577443221E+2           3.4000000000E+1           7.8697526987E+2           -7.8511047942E+1          3.5459173660E+1           -5.9581821122E+1         
06/04/16                  19:35:15.9                1.5577449072E+2           3.4000000000E+1           7.8730526480E+2           -8.2285075177E+1          5.2642904694E+1           -1.1225017680E+2         
06/04/16                  19:35:21.0                1.5577454923E+2           3.4000000000E+1           7.8699683634E+2           -8.0424308120E+1          3.9770039745E+1           7.8973111273E+0          
06/04/16                  19:35:26.1                1.5577460798E+2           3.4000000000E+1           7.8742580435E+2           -8.4430177413E+1          5.2582092139E+1           -1.9547492416E+2         
06/04/16                  19:35:33.0                1.5577468764E+2           3.4000000000E+1           7.8730775340E+2           -8.4873088495E+1          5.5830036564E+1           -1.5757434953E+2         
06/04/16                  19:35:38.0                1.5577474604E+2           3.4000000000E+1           7.8736381462E+2           -8.4600145343E+1          4.9727598526E+1           -1.5627078029E+2         
06/04/16                  19:35:43.1                1.5577480453E+2           3.4000000000E+1           7.8733593724E+2           -8.5707086039E+1          5.2994648762E+1           -1.8045691178E+2         
06/04/16                  19:35:48.1                1.5577486305E+2           3.4000000000E+1           7.8735353152E+2           -8.6529202782E+1          5.3451643796E+1           -7.1146171959E+1         
06/04/16                  19:35:53.2                1.5577492166E+2           3.4000000000E+1           7.8707211595E+2           -8.4848617478E+1          4.4296896163E+1           -3.4825784366E+1         
06/04/16                  19:35:58.3                1.5577498043E+2           3.4000000000E+1           7.8743534685E+2           -8.8564828147E+1          5.8256130812E+1           -1.6348592696E+2         
06/04/16                  19:36:03.3                1.5577503880E+2           3.4000000000E+1           7.8684783463E+2           -8.4949782907E+1          3.9305496533E+1           4.5537373087E+1          
06/04/16                  19:36:08.4                1.5577509731E+2           3.3987500000E+1           7.8713947002E+2           -8.7953580475E+1          4.7545451301E+1           -1.0373612891E+2         
06/04/16                  19:36:13.4                1.5577515583E+2           3.3987500000E+1           7.8695532889E+2           -8.7865534904E+1          4.5207717597E+1           4.2648104304E+1          
06/04/16                  19:36:18.5                1.5577521435E+2           3.4000000000E+1           7.8728080668E+2           -8.9488457778E+1          5.4250551893E+1           -9.6817355491E+1         
06/04/16                  19:36:23.5                1.5577527287E+2           3.4000000000E+1           7.8721206582E+2           -8.9008896916E+1          4.7461449519E+1           -1.0407705042E+2         
06/04/16                  19:36:30.4                1.5577535248E+2           3.4000000000E+1           7.8685313351E+2           -8.7396490309E+1          3.7165544983E+1           3.4241858349E+1          
06/04/16                  19:36:35.4                1.5577541085E+2           3.3987500000E+1           7.8706912386E+2           -8.9907089463E+1          4.7854434608E+1           -7.7300645372E+0         
06/04/16                  19:36:40.5                1.5577546940E+2           3.4000000000E+1           7.8709942929E+2           -9.1093870680E+1          4.8304758190E+1           -5.9219267861E+1         
06/04/16                  19:36:45.6                1.5577552789E+2           3.4000000000E+1           7.8733120309E+2           -9.3235449580E+1          6.0981589661E+1           -1.5550442413E+2         
06/04/16                  19:36:50.6                1.5577558638E+2           3.3979166670E+1           7.8712903192E+2           -9.1266967620E+1          4.4172844457E+1           -8.6090608017E+1         
06/04/16                  19:36:55.7                1.5577564507E+2           3.3937500000E+1           7.8703496053E+2           -9.1607518987E+1          4.6611404508E+1           -2.3747733596E+1         
06/04/16                  19:37:00.7                1.5577570348E+2           3.3937500000E+1           7.8711384622E+2           -9.3794379959E+1          5.5603717982E+1           -7.4063339836E+1         
06/04/16                  19:37:05.8                1.5577576201E+2           3.3950000000E+1           7.8709841862E+2           -9.2948283570E+1          4.5346913101E+1           -1.3216547201E+2         
06/04/16                  19:37:10.8                1.5577582051E+2           3.3937500000E+1           7.8712571072E+2           -9.4140577628E+1          5.0910521540E+1           -3.8162163731E+1         
06/04/16                  19:37:15.9                1.5577587914E+2           3.3937500000E+1           7.8711566630E+2           -9.4751523713E+1          5.1369726926E+1           -8.3623272324E+1         
06/04/16                  19:37:21.0                1.5577593808E+2           3.3937500000E+1           7.8708502207E+2           -9.4399953421E+1          4.5297494376E+1           -5.7342015372E+1         
06/04/16                  19:37:27.9                1.5577601762E+2           3.3937500000E+1           7.8737709159E+2           -9.7450998350E+1          6.0346363865E+1           -1.6115130229E+2         
06/04/16                  19:37:32.9                1.5577607597E+2           3.3937500000E+1           7.8675292218E+2           -9.4038197966E+1          4.0594566125E+1           7.6568026146E+1          
06/04/16                  19:37:38.0                1.5577613444E+2           3.3937500000E+1           7.8681592742E+2           -9.4514262962E+1          3.8853147407E+1           5.1878100080E+1          
06/04/16                  19:37:43.0                1.5577619294E+2           3.3937500000E+1           7.8712760957E+2           -9.7486945085E+1          5.5381506944E+1           -9.0911119446E+1         
06/04/16                  19:37:48.1                1.5577625142E+2           3.3937500000E+1           7.8718572313E+2           -9.9041681471E+1          6.1720790490E+1           -4.3958457631E+1         
06/04/16                  19:37:53.1                1.5577631007E+2           3.3937500000E+1           7.8743197484E+2           -1.0056144739E+2          6.7535684671E+1           -1.3493991516E+2         
06/04/16                  19:37:58.2                1.5577636843E+2           3.3937500000E+1           7.8734467827E+2           -9.9659945621E+1          5.6099816614E+1           -1.3175204891E+2         
06/04/16                  19:38:03.2                1.5577642705E+2           3.3937500000E+1           7.8722974081E+2           -1.0025839143E+2          5.9467583560E+1           -1.2609322303E+2         
06/04/16                  19:38:08.3                1.5577648555E+2           3.3937500000E+1           7.8715435791E+2           -1.0050033350E+2          6.2925590760E+1           -4.4729245899E+0         
06/04/16                  19:38:13.4                1.5577654405E+2           3.3937500000E+1           7.8687586393E+2           -9.7765586354E+1          4.0486594307E+1           2.9333058303E+1          
06/04/16                  19:38:18.4                1.5577660262E+2           3.3925000000E+1           7.8746600112E+2           -1.0263927189E+2          6.6392115788E+1           -2.2469447735E+2         
06/04/16                  19:38:25.3                1.5577668228E+2           3.3875000000E+1           7.8706682999E+2           -1.0084715953E+2          5.3606290575E+1           1.7786252321E+1          
06/04/16                  19:38:30.4                1.5577674075E+2           3.3875000000E+1           7.8728863646E+2           -1.0184874239E+2          5.6445092304E+1           -1.7397140851E+2         
06/04/16                  19:38:35.4                1.5577679925E+2           3.3875000000E+1           7.8678014446E+2           -9.9229117433E+1          4.0731268988E+1           8.6955719791E+1          
06/04/16                  19:38:40.5                1.5577685773E+2           3.3875000000E+1           7.8743558441E+2           -1.0408357745E+2          6.4721426684E+1           -2.1697332996E+2         
06/04/16                  19:38:45.5                1.5577691636E+2           3.3875000000E+1           7.8716385852E+2           -1.0363883479E+2          6.0792458083E+1           -8.7641135962E+1         
06/04/16                  19:38:50.6                1.5577697504E+2           3.3875000000E+1           7.8693924613E+2           -1.0154989218E+2          4.3080595477E+1           -5.3916444425E-1         
06/04/16                  19:38:55.6                1.5577703342E+2           3.3875000000E+1           7.8689532452E+2           -1.0219229379E+2          4.8825724689E+1           7.8474952878E+1          
06/04/16                  19:39:00.7                1.5577709187E+2           3.3862500000E+1           7.8684017809E+2           -1.0234320685E+2          4.9834091014E+1           6.5974812418E+1          
06/04/16                  19:39:05.7                1.5577715032E+2           3.3812500000E+1           7.8722000631E+2           -1.0470436621E+2          5.7681995947E+1           -1.1650031248E+2         
06/04/16                  19:39:10.8                1.5577720889E+2           3.3812500000E+1           7.8709650806E+2           -1.0462656286E+2          5.6082092378E+1           -5.6031663496E+1         
06/04/16                  19:39:15.9                1.5577726755E+2           3.3812500000E+1           7.8759602241E+2           -1.0837935517E+2          7.4009337804E+1           -2.1323948828E+2         
06/04/16                  19:39:22.7                1.5577734721E+2           3.3787500000E+1           7.8717194529E+2           -1.0622732525E+2          5.9674321066E+1           -7.0469064025E+1         
06/04/16                  19:39:27.8                1.5577740553E+2           3.3787500000E+1           7.8708534169E+2           -1.0581043309E+2          5.2969608189E+1           2.2631799283E+0          
06/04/16                  19:39:32.8                1.5577746403E+2           3.3750000000E+1           7.8694544534E+2           -1.0542197598E+2          5.3382858321E+1           8.5535761333E+1          
06/04/16                  19:39:37.9                1.5577752253E+2           3.3750000000E+1           7.8731361148E+2           -1.0844846140E+2          6.7524022975E+1           -1.2520011134E+2         
06/04/16                  19:39:42.9                1.5577758101E+2           3.3750000000E+1           7.8733211008E+2           -1.0850105076E+2          6.6175142126E+1           -1.3360961700E+2         
06/04/16                  19:39:48.0                1.5577763962E+2           3.3750000000E+1           7.8749807171E+2           -1.1051376480E+2          7.3334292319E+1           -2.2155994750E+2         
06/04/16                  19:39:53.1                1.5577769799E+2           3.3750000000E+1           7.8748497125E+2           -1.1137840800E+2          7.5375707139E+1           -2.3408142319E+2         
06/04/16                  19:39:58.1                1.5577775654E+2           3.3750000000E+1           7.8685233116E+2           -1.0743894951E+2          4.7200822468E+1           4.9611710045E+1          
06/04/16                  19:40:03.2                1.5577781526E+2           3.3750000000E+1           7.8728407452E+2           -1.1061907950E+2          6.8150635185E+1           -5.5501197100E+1         
06/04/16                  19:40:08.2                1.5577787374E+2           3.3750000000E+1           7.8704611680E+2           -1.0965490259E+2          6.0072039824E+1           -8.1395087417E+1         
06/04/16                  19:40:13.3                1.5577793207E+2           3.3750000000E+1           7.8759022395E+2           -1.1341400034E+2          7.9105834705E+1           -2.1558454482E+2         
06/04/16                  19:40:20.2                1.5577801171E+2           3.3750000000E+1           7.8745814263E+2           -1.1323708722E+2          7.2282094137E+1           -1.8835301059E+2         
06/04/16                  19:40:25.2                1.5577807019E+2           3.3725000000E+1           7.8710314703E+2           -1.1186467555E+2          6.5788433960E+1           6.8524759802E+1          
06/04/16                  19:40:30.3                1.5577812868E+2           3.3712500000E+1           7.8741943760E+2           -1.1337358803E+2          6.9565517754E+1           -2.2302702401E+2         
06/04/16                  19:40:35.4                1.5577818759E+2           3.3687500000E+1           7.8734486500E+2           -1.1295068857E+2          6.3772283733E+1           -1.7921248390E+2         
06/04/16                  19:40:40.4                1.5577824613E+2           3.3687500000E+1           7.8720645699E+2           -1.1304367262E+2          6.3211959111E+1           -6.6064096815E+1         
06/04/16                  19:40:45.5                1.5577830502E+2           3.3687500000E+1           7.8706629485E+2           -1.1260343280E+2          5.8889267374E+1           -9.7798790752E+1         
06/04/16                  19:40:50.6                1.5577836353E+2           3.3687500000E+1           7.8685647639E+2           -1.1101301010E+2          5.1052094622E+1           3.7093920153E+1          
06/04/16                  19:40:55.6                1.5577842200E+2           3.3687500000E+1           7.8691291880E+2           -1.1262081902E+2          6.1035452611E+1           7.8446731309E+1          
06/04/16                  19:41:00.7                1.5577848051E+2           3.3687500000E+1           7.8730888757E+2           -1.1596531250E+2          7.6779798040E+1           -1.3711407100E+2         
06/04/16                  19:41:05.7                1.5577853909E+2           3.3687500000E+1           7.8717702572E+2           -1.1392365156E+2          6.0203434123E+1           -6.1138540675E+1         
06/04/16                  19:41:10.8                1.5577859786E+2           3.3687500000E+1           7.8681135309E+2           -1.1229623518E+2          5.0248283063E+1           9.2895180297E+1          
06/04/16                  19:41:17.7                1.5577867770E+2           3.3687500000E+1           7.8690863653E+2           -1.1314304420E+2          5.2053143918E+1           7.5987341942E+1          
06/04/16                  19:41:22.8                1.5577873616E+2           3.3687500000E+1           7.8699887935E+2           -1.1495329336E+2          6.1443620565E+1           2.4317504412E+1          
06/04/16                  19:41:27.8                1.5577879466E+2           3.3650000000E+1           7.8714532381E+2           -1.1621591104E+2          6.5252804750E+1           -7.7278046810E+1         
06/04/16                  19:41:32.9                1.5577885317E+2           3.3625000000E+1           7.8706268857E+2           -1.1599284691E+2          6.6596575510E+1           8.1947557105E+1          
06/04/16                  19:41:37.9                1.5577891163E+2           3.3625000000E+1           7.8714550375E+2           -1.1684832228E+2          6.7283856019E+1           -2.3301906648E+1         
06/04/16                  19:41:43.0                1.5577897025E+2           3.3625000000E+1           7.8734705125E+2           -1.1834138723E+2          7.5704369494E+1           -1.0136354636E+2         
06/04/16                  19:41:48.0                1.5577902860E+2           3.3625000000E+1           7.8712537109E+2           -1.1707760718E+2          6.3846828325E+1           1.6343402528E+1          
06/04/16                  19:41:53.1                1.5577908709E+2           3.3625000000E+1           7.8716341178E+2           -1.1714624966E+2          6.4486763023E+1           -1.9725996442E+0         
06/04/16                  19:41:58.1                1.5577914564E+2           3.3625000000E+1           7.8732746444E+2           -1.1846388564E+2          7.2398660557E+1           -1.1349853754E+2         
06/04/16                  19:42:03.2                1.5577920423E+2           3.3625000000E+1           7.8704635412E+2           -1.1838204125E+2          7.0377984223E+1           5.6653024000E+1          
06/04/16                  19:42:08.3                1.5577926295E+2           3.3625000000E+1           7.8699299637E+2           -1.1722079561E+2          5.7140383477E+1           2.2226991544E+1          
06/04/16                  19:42:15.2                1.5577934268E+2           3.3625000000E+1           7.8686944070E+2           -1.1710899073E+2          5.3962102713E+1           8.6723547150E+1          
06/04/16                  19:42:20.2                1.5577940109E+2           3.3625000000E+1           7.8723242857E+2           -1.2000016413E+2          7.3819402390E+1           -1.2407525015E+1         
06/04/16                  19:42:25.3                1.5577945961E+2           3.3625000000E+1           7.8701622729E+2           -1.1878890768E+2          6.4980215820E+1           -1.3812775237E+1         
06/04/16                  19:42:30.3                1.5577951818E+2           3.3625000000E+1           7.8724903019E+2           -1.1998085263E+2          6.8536891333E+1           -7.8563094781E+1         
06/04/16                  19:42:35.4                1.5577957674E+2           3.3625000000E+1           7.8703148707E+2           -1.1933445824E+2          6.5388782901E+1           7.3948084503E+1          
06/04/16                  19:42:40.5                1.5577963543E+2           3.3625000000E+1           7.8735129915E+2           -1.2128101283E+2          7.2116373218E+1           -8.0119435736E+1         
06/04/16                  19:42:45.5                1.5577969379E+2           3.3625000000E+1           7.8682404900E+2           -1.1862013793E+2          5.2974394831E+1           5.9226402882E+1          
06/04/16                  19:42:50.5                1.5577975229E+2           3.3625000000E+1           7.8690730800E+2           -1.1943060032E+2          5.9393136026E+1           1.8536293548E+2          
06/04/16                  19:42:55.6                1.5577981084E+2           3.3625000000E+1           7.8743008928E+2           -1.2228064050E+2          7.5415930993E+1           -2.4021912869E+2         
06/04/16                  19:43:00.7                1.5577986936E+2           3.3625000000E+1           7.8698708254E+2           -1.1990774371E+2          5.6077318044E+1           2.3959573957E+1          
06/04/16                  19:43:05.7                1.5577992798E+2           3.3625000000E+1           7.8699576996E+2           -1.2082038695E+2          6.2380240603E+1           1.0266023149E+2          
06/04/16                  19:43:12.6                1.5578000766E+2           3.3625000000E+1           7.8755062872E+2           -1.2497746257E+2          9.0896446522E+1           -2.0952359305E+2         
06/04/16                  19:43:17.7                1.5578006603E+2           3.3625000000E+1           7.8661603748E+2           -1.1849531597E+2          4.6457039606E+1           2.6741458447E+2          
06/04/16                  19:43:22.7                1.5578012454E+2           3.3625000000E+1           7.8686793359E+2           -1.2084658815E+2          5.4550140185E+1           5.8818270482E+1          
06/04/16                  19:43:27.8                1.5578018306E+2           3.3625000000E+1           7.8699619590E+2           -1.2154513756E+2          5.6497572376E+1           -4.3872448493E+1         
06/04/16                  19:43:32.8                1.5578024159E+2           3.3625000000E+1           7.8734393977E+2           -1.2455071637E+2          7.4454453240E+1           -1.2401851769E+2         
06/04/16                  19:43:37.9                1.5578030017E+2           3.3625000000E+1           7.8699162289E+2           -1.2260214931E+2          6.1628491846E+1           4.4002476174E+1          
06/04/16                  19:43:42.9                1.5578035850E+2           3.3625000000E+1           7.8697640661E+2           -1.2394752195E+2          7.4007207526E+1           1.0468896724E+2          
06/04/16                  19:43:48.0                1.5578041696E+2           3.3625000000E+1           7.8712283664E+2           -1.2472794022E+2          7.6820560376E+1           6.3593404347E+1          
06/04/16                  19:43:53.0                1.5578047551E+2           3.3612500000E+1           7.8725477131E+2           -1.2466265892E+2          6.6846411570E+1           -1.1370270009E+2         
06/04/16                  19:43:58.1                1.5578053406E+2           3.3625000000E+1           7.8710673534E+2           -1.2369975030E+2          6.2186207124E+1           -7.7759430008E+1         
06/04/16                  19:44:03.2                1.5578059273E+2           3.3625000000E+1           7.8712048728E+2           -1.2430393425E+2          6.6907430709E+1           4.0000529934E+1          
06/04/16                  19:44:10.0                1.5578067241E+2           3.3625000000E+1           7.8730934509E+2           -1.2654313682E+2          7.8503316664E+1           -1.0672698585E+2         
06/04/16                  19:44:15.1                1.5578073085E+2           3.3612500000E+1           7.8710892928E+2           -1.2487085853E+2          6.4458481204E+1           -7.3117270502E+1         
06/04/16                  19:44:20.1                1.5578078930E+2           3.3625000000E+1           7.8693679986E+2           -1.2404754916E+2          6.4060063750E+1           8.1433650005E+1          
06/04/16                  19:44:25.2                1.5578084792E+2           3.3612500000E+1           7.8694497989E+2           -1.2428274747E+2          5.8381011354E+1           6.4266673022E+1          
06/04/16                  19:44:30.3                1.5578090638E+2           3.3625000000E+1           7.8712044060E+2           -1.2522681364E+2          6.6544307813E+1           5.3238872780E+1          
06/04/16                  19:44:35.3                1.5578096489E+2           3.3575000000E+1           7.8710871405E+2           -1.2561160994E+2          6.7358715295E+1           -2.3057883062E+1         
06/04/16                  19:44:40.4                1.5578102323E+2           3.3625000000E+1           7.8713450134E+2           -1.2507317296E+2          6.1412342331E+1           1.7748296559E+1          
06/04/16                  19:44:45.4                1.5578108179E+2           3.3625000000E+1           7.8736562610E+2           -1.2743482961E+2          7.5047767913E+1           -1.3726368024E+2         
06/04/16                  19:44:50.5                1.5578114044E+2           3.3587500000E+1           7.8689842711E+2           -1.2516010993E+2          6.1320053871E+1           1.7433455548E+2          
06/04/16                  19:44:55.5                1.5578119897E+2           3.3583333330E+1           7.8684389819E+2           -1.2522152901E+2          5.7587593660E+1           1.0996830895E+2          
06/04/16                  19:45:00.6                1.5578125779E+2           3.3562500000E+1           7.8727595308E+2           -1.2833837017E+2          7.5924019837E+1           -1.8040919526E+2         
06/04/16                  19:45:07.5                1.5578133756E+2           3.3562500000E+1           7.8719255826E+2           -1.2844027139E+2          7.7610585382E+1           1.9939725094E+1          
06/04/16                  19:45:12.6                1.5578139597E+2           3.3562500000E+1           7.8701601611E+2           -1.2717692414E+2          7.0310137564E+1           1.2736490500E+2          
06/04/16                  19:45:17.6                1.5578145445E+2           3.3562500000E+1           7.8744875298E+2           -1.3089057910E+2          9.2222872511E+1           -1.9281307406E+2         
06/04/16                  19:45:22.7                1.5578151308E+2           3.3562500000E+1           7.8679137995E+2           -1.2764930528E+2          6.6744704178E+1           1.9060900277E+2          
06/04/16                  19:45:27.7                1.5578157163E+2           3.3562500000E+1           7.8719081706E+2           -1.3011811364E+2          8.0557568296E+1           -6.0123853881E+1         
06/04/16                  19:45:32.8                1.5578163036E+2           3.3562500000E+1           7.8721747744E+2           -1.2955142605E+2          7.3423222087E+1           -4.9118104308E+1         
06/04/16                  19:45:37.9                1.5578168872E+2           3.3562500000E+1           7.8743090889E+2           -1.3218865142E+2          9.4385398475E+1           -1.5354477300E+2         
06/04/16                  19:45:42.9                1.5578174725E+2           3.3537500000E+1           7.8706467879E+2           -1.2940741508E+2          6.6084417238E+1           8.0610597275E+1          
06/04/16                  19:45:48.0                1.5578180571E+2           3.3537500000E+1           7.8744026779E+2           -1.2700098150E+2          8.1078955309E+1           -1.7184213614E+2         
06/04/16                  19:45:53.0                1.5578186428E+2           3.3562500000E+1           7.8715314780E+2           -1.2974946663E+2          7.5314145314E+1           -1.8175953314E+1         
06/04/16                  19:45:58.1                1.5578192288E+2           3.3550000000E+1           7.8729711542E+2           -1.2989361081E+2          8.4005843153E+1           -1.0001527851E+2         
06/04/16                  19:46:05.0                1.5578200251E+2           3.3550000000E+1           7.8712939090E+2           -1.3127151144E+2          7.1707806095E+1           -6.6591766937E+0         
06/04/16                  19:46:10.0                1.5578206089E+2           3.3525000000E+1           7.8741464776E+2           -1.2421332156E+2          8.1255657364E+1           -1.9994314524E+2         
06/04/16                  19:46:15.1                1.5578211946E+2           3.3537500000E+1           7.8721320281E+2           -1.2230395022E+2          6.4394313809E+1           -8.6676918343E+1         
06/04/16                  19:46:20.1                1.5578217803E+2           3.3512500000E+1           7.8748259689E+2           -1.2252103755E+2          8.3577982521E+1           -8.8526243585E+1         
06/04/16                  19:46:25.2                1.5578223658E+2           3.3500000000E+1           7.8706466402E+2           -1.1520890838E+2          5.8572256412E+1           -5.8674948496E+1         
06/04/16                  19:46:30.2                1.5578229514E+2           3.3500000000E+1           7.8769471938E+2           -1.2729374209E+2          8.7131781173E+1           -2.7683867951E+2         
06/04/16                  19:46:35.3                1.5578235358E+2           3.3500000000E+1           7.8706499139E+2           -1.3220938915E+2          7.5767045479E+1           4.1089197432E+1          
06/04/16                  19:46:40.4                1.5578241226E+2           3.3500000000E+1           7.8721505777E+2           -1.3489829592E+2          8.8958579972E+1           -1.7592702381E+0         
06/04/16                  19:46:45.4                1.5578247062E+2           3.3500000000E+1           7.8712673398E+2           -1.3327830168E+2          7.3332695379E+1           -3.5001025175E+1         
06/04/16                  19:46:50.5                1.5578252913E+2           3.3500000000E+1           7.8711173308E+2           -1.3376933452E+2          8.0274765789E+1           -2.7139354145E+1         
06/04/16                  19:46:55.5                1.5578258776E+2           3.3500000000E+1           7.8725862252E+2           -1.3365406312E+2          7.9559126042E+1           -7.6253120997E+1         
06/04/16                  19:47:02.4                1.5578266738E+2           3.3525000000E+1           7.8701126956E+2           -1.3285305556E+2          7.2889955536E+1           1.6770675448E+2          
06/04/16                  19:47:07.4                1.5578272569E+2           3.3525000000E+1           7.8688519391E+2           -1.3163478400E+2          6.0150454425E+1           1.7110603433E+2          
06/04/16                  19:47:12.5                1.5578278426E+2           3.3525000000E+1           7.8694226328E+2           -1.2233138422E+2          6.1942097381E+1           6.8008749677E+1          
06/04/16                  19:47:17.5                1.5578284166E+2           3.3500000000E+1           7.8755588164E+2           -1.2108079827E+2          5.7021499026E+1           -5.1300002484E+2         
06/04/16                  19:47:22.6                1.5578290146E+2           3.3500000000E+1           7.8813013915E+2           3.4346358351E+3           -2.5952868031E+1          -1.5683216157E+2         
06/04/16                  19:47:27.8                1.5578296085E+2           3.3500000000E+1           7.8802150666E+2           1.1065275909E+4           -2.2257037561E+1          -1.8177212921E+2         
06/04/16                  19:47:33.1                1.5578302213E+2           3.3500000000E+1           7.8542709823E+2           1.6541728895E+4           -2.1573368847E+1          -1.7362641061E+2         
06/04/16                  19:47:38.6                1.5578308597E+2           3.3500000000E+1           7.8617223671E+2           1.9522292180E+4           -2.2245716953E+1          -1.7837111947E+2         
06/04/16                  19:47:44.3                1.5578315177E+2           3.3500000000E+1           7.8621353980E+2           2.1036684331E+4           -2.2463150583E+1          -1.7937896862E+2         
06/04/16                  19:47:50.1                1.5578321944E+2           3.3500000000E+1           7.8656346901E+2           2.1811999947E+4           -2.2522664991E+1          -1.8066018374E+2         
06/04/16                  19:47:56.0                1.5578328765E+2           3.3500000000E+1           7.8655039681E+2           2.2216646837E+4           -2.2749089558E+1          -1.8156093159E+2         
06/04/16                  19:48:03.7                1.5578337642E+2           3.3500000000E+1           7.8621217089E+2           2.2485327991E+4           -2.3131775812E+1          -1.8035457091E+2         
06/04/16                  19:48:09.6                1.5578344461E+2           3.3500000000E+1           7.8693133637E+2           2.2602159377E+4           -2.3595907830E+1          -1.8239881828E+2         
06/04/16                  19:48:15.5                1.5578351308E+2           3.3500000000E+1           7.8628265243E+2           2.2679837613E+4           -2.3297843327E+1          -1.8124682707E+2         
06/04/16                  19:48:21.6                1.5578358402E+2           3.3520833330E+1           7.8651970608E+2           2.2731092668E+4           -2.3604232586E+1          -1.8112621974E+2         
06/04/16                  19:48:27.7                1.5578365457E+2           3.3500000000E+1           7.8674631965E+2           2.2769733328E+4           -2.3298362619E+1          -1.8239279799E+2         
06/04/16                  19:48:33.7                1.5578372342E+2           3.3552083330E+1           7.8651404322E+2           2.2806241361E+4           -2.3557082040E+1          -1.8175223528E+2         
06/04/16                  19:48:39.5                1.5578379153E+2           3.3552083330E+1           7.8676116391E+2           2.2844538631E+4           -2.3324694108E+1          -1.8267098677E+2         
06/04/16                  19:48:45.4                1.5578385994E+2           3.3531250000E+1           7.8685018017E+2           2.2858259130E+4           -2.3499054175E+1          -1.8214881636E+2         
06/04/16                  19:48:51.5                1.5578393000E+2           3.3541666670E+1           7.8652747378E+2           2.2885480696E+4           -2.3561847182E+1          -1.8094202805E+2         
06/04/16                  19:48:57.5                1.5578399907E+2           3.3541666670E+1           7.8666596137E+2           2.2908349155E+4           -2.3507909656E+1          -1.8224500349E+2         
06/04/16                  19:49:03.5                1.5578406834E+2           3.3525000000E+1           7.8643886808E+2           2.2921193221E+4           -2.3661327662E+1          -1.8124966272E+2         
06/04/16                  19:49:11.3                1.5578415870E+2           3.3520833330E+1           7.8650712311E+2           2.2948830666E+4           -2.3406463235E+1          -1.8169064418E+2         
06/04/16                  19:49:17.2                1.5578422775E+2           3.3500000000E+1           7.8687622971E+2           2.2971607223E+4           -2.3246364701E+1          -1.8228246449E+2         
06/04/16                  19:49:23.1                1.5578429574E+2           3.3510416670E+1           7.8634660948E+2           2.2992573772E+4           -2.3744599512E+1          -1.8063661085E+2         
06/04/16                  19:49:29.1                1.5578436503E+2           3.3531250000E+1           7.8648484747E+2           2.3009847897E+4           -2.3614306161E+1          -1.8139578776E+2         
06/04/16                  19:49:35.2                1.5578443560E+2           3.3541666670E+1           7.8658700168E+2           2.3026580921E+4           -2.3310593888E+1          -1.8171589331E+2         
06/04/16                  19:49:41.3                1.5578450587E+2           3.3531250000E+1           7.8702871461E+2           2.3043944099E+4           -2.3365725681E+1          -1.8244294557E+2         
06/04/16                  19:49:47.3                1.5578457538E+2           3.3562500000E+1           7.8692093790E+2           2.3070921124E+4           -2.3263708628E+1          -1.8207036685E+2         
06/04/16                  19:49:53.3                1.5578464481E+2           3.3562500000E+1           7.8674381220E+2           2.3092242909E+4           -2.3674653969E+1          -1.8233981664E+2         
06/04/16                  19:49:59.3                1.5578471469E+2           3.3552083330E+1           7.8700696107E+2           2.3103006944E+4           -2.3593449183E+1          -1.8218976790E+2         
06/04/16                  19:50:05.4                1.5578478497E+2           3.3562500000E+1           7.8650610639E+2           2.3127507287E+4           -2.3588144120E+1          -1.8133773594E+2         
06/04/16                  19:50:11.4                1.5578485497E+2           3.3583333330E+1           7.8645270907E+2           2.3157639167E+4           -2.3592502969E+1          -1.8119130278E+2         
06/04/16                  19:50:19.4                1.5578494700E+2           3.3604166670E+1           7.8670693874E+2           2.3169701074E+4           -2.3569041296E+1          -1.8118618691E+2         
06/04/16                  19:50:25.2                1.5578501494E+2           3.3625000000E+1           7.8684584269E+2           2.3201633725E+4           -2.3470721689E+1          -1.8173472586E+2         
06/04/16                  19:50:31.2                1.5578508411E+2           3.3625000000E+1           7.8670626225E+2           2.3223275573E+4           -2.3500698822E+1          -1.8053007010E+2         
06/04/16                  19:50:37.3                1.5578515439E+2           3.3625000000E+1           7.8704562584E+2           2.3227800989E+4           -2.3280531247E+1          -1.8189614146E+2         
06/04/16                  19:50:43.4                1.5578522469E+2           3.3625000000E+1           7.8673689371E+2           2.3251116260E+4           -2.3818615889E+1          -1.8096688757E+2         
06/04/16                  19:50:49.3                1.5578529355E+2           3.3614583330E+1           7.8684844399E+2           2.3276770593E+4           -2.3419716351E+1          -1.8180073292E+2         
06/04/16                  19:50:55.4                1.5578536368E+2           3.3625000000E+1           7.8731713662E+2           2.3301730906E+4           -2.3270388286E+1          -1.8251768805E+2         
06/04/16                  19:51:01.5                1.5578543505E+2           3.3625000000E+1           7.8696204930E+2           2.3323030464E+4           -2.3474406611E+1          -1.8096007722E+2         
06/04/16                  19:51:07.6                1.5578550509E+2           3.3625000000E+1           7.8693896286E+2           2.3334888164E+4           -2.3828030640E+1          -1.8134426731E+2         
06/04/16                  19:51:13.8                1.5578557701E+2           3.3625000000E+1           7.8680634061E+2           2.3368304363E+4           -2.3513646750E+1          -1.8087022600E+2         
06/04/16                  19:51:19.8                1.5578564637E+2           3.3645833330E+1           7.8726658657E+2           2.3390434214E+4           -2.3415900504E+1          -1.8186031628E+2         
06/04/16                  19:51:27.8                1.5578573878E+2           3.3666666670E+1           7.8700351080E+2           2.3420781730E+4           -2.3693151883E+1          -1.8151944726E+2         
06/04/16                  19:51:33.8                1.5578580880E+2           3.3666666670E+1           7.8683914045E+2           2.3442416595E+4           -2.3504899591E+1          -1.8028171686E+2         
06/04/16                  19:51:40.0                1.5578588037E+2           3.3687500000E+1           7.7189744395E+2           2.4117016227E+4           -2.5449386890E+1          -6.1626957294E+1         
06/04/16                  19:51:45.9                1.5578594796E+2           3.3687500000E+1           7.9542269046E+2           8.8521595705E+3           -2.2609888990E+1          -5.1873328320E+2         
06/04/16                  19:51:50.9                1.5578600660E+2           3.3687500000E+1           7.8771670688E+2           3.3992466647E+3           -2.4462741709E+1          -1.8717982695E+2         
06/04/16                  19:51:56.0                1.5578606537E+2           3.3700000000E+1           7.8722347233E+2           1.7101289759E+3           -2.2653936043E+1          -1.7965802365E+2         
06/04/16                  19:52:01.0                1.5578612378E+2           3.3687500000E+1           7.8724268701E+2           9.3675392484E+2           -1.9905954844E+1          -1.7522479906E+2         
06/04/16                  19:52:06.1                1.5578618251E+2           3.3712500000E+1           7.8735356771E+2           6.1926821291E+2           -1.5216868326E+1          -1.8262937177E+2         
06/04/16                  19:52:11.2                1.5578624110E+2           3.3725000000E+1           7.8708496342E+2           4.2602571541E+2           -1.3603092412E+1          -1.6014675455E+2         
06/04/16                  19:52:16.2                1.5578629961E+2           3.3734375000E+1           7.8720667176E+2           2.7576086570E+2           -9.2230038973E+0          -1.7026252298E+2         
06/04/16                  19:52:21.3                1.5578635820E+2           3.3750000000E+1           7.8758013348E+2           1.8445659188E+2           4.2850244493E-1           -2.0516528762E+2         
