DATE                      TIME                      DAYS_SINCE_JAN            DAS_TEMP_(C)              BASELINE                  H2O                       D_1816                    D_DH                     
02/15/16                  10:52:54.5                4.5453408818E+1           2.8375000000E+1           7.9085242011E+2           4.5863771379E+3           -1.0563385487E+1          -1.3494491898E+2         
02/15/16                  10:52:59.6                4.5453468353E+1           2.8437500000E+1           7.9107260047E+2           4.5804505075E+3           -9.4783324971E+0          -1.3486027473E+2         
02/15/16                  10:53:06.6                4.5453548762E+1           2.8475000000E+1           7.9115821466E+2           4.5833197645E+3           -9.7453977227E+0          -1.3428731540E+2         
02/15/16                  10:53:11.6                4.5453607528E+1           2.8500000000E+1           7.9061666123E+2           4.5913936268E+3           -1.0582139132E+1          -1.3291513016E+2         
02/15/16                  10:53:16.7                4.5453666493E+1           2.8537500000E+1           7.9087905289E+2           4.5881888975E+3           -9.7126747925E+0          -1.3628863626E+2         
02/15/16                  10:53:21.8                4.5453725431E+1           2.8562500000E+1           7.9098669858E+2           4.5890759384E+3           -9.0941324568E+0          -1.3878543209E+2         
02/15/16                  10:53:26.9                4.5453784419E+1           2.8604166670E+1           7.9099190168E+2           4.5824996353E+3           -8.5458634362E+0          -1.4051809706E+2         
02/15/16                  10:53:32.0                4.5453843513E+1           2.8612500000E+1           7.9105667008E+2           4.5830566485E+3           -9.5236723172E+0          -1.4315650470E+2         
02/15/16                  10:53:37.1                4.5453902398E+1           2.8625000000E+1           7.9075825825E+2           4.5908448602E+3           -9.3354993636E+0          -1.3946468756E+2         
02/15/16                  10:53:42.2                4.5453961316E+1           2.8687500000E+1           7.9090247888E+2           4.5932491416E+3           -8.9293466848E+0          -1.4367700736E+2         
02/15/16                  10:53:47.3                4.5454020190E+1           2.8700000000E+1           7.9080721485E+2           4.5938543209E+3           -8.7496200936E+0          -1.4273987704E+2         
02/15/16                  10:53:52.4                4.5454079086E+1           2.8729166670E+1           7.9049033813E+2           4.5953431477E+3           -9.4486068833E+0          -1.3881104891E+2         
02/15/16                  10:53:57.5                4.5454138337E+1           2.8750000000E+1           7.9120913713E+2           4.5938952775E+3           -8.1726825711E+0          -1.4974903698E+2         
02/15/16                  10:54:04.5                4.5454219118E+1           2.8812500000E+1           7.9075144426E+2           4.6010314495E+3           -8.8271724736E+0          -1.4709413236E+2         
02/15/16                  10:54:09.6                4.5454277790E+1           2.8812500000E+1           7.9068883303E+2           4.6044134628E+3           -8.9530163690E+0          -1.4447853758E+2         
02/15/16                  10:54:14.7                4.5454336812E+1           2.8850000000E+1           7.9064063459E+2           4.6040308370E+3           -8.8223168683E+0          -1.4447470258E+2         
02/15/16                  10:54:19.8                4.5454395931E+1           2.8875000000E+1           7.9096155041E+2           4.6017038305E+3           -8.4846122353E+0          -1.5145001523E+2         
02/15/16                  10:54:24.9                4.5454454876E+1           2.8875000000E+1           7.9042796949E+2           4.6065346380E+3           -8.8599759989E+0          -1.4721689734E+2         
02/15/16                  10:54:29.9                4.5454513838E+1           2.8912500000E+1           7.9049982307E+2           4.6105713835E+3           -9.4465726430E+0          -1.4773387265E+2         
02/15/16                  10:54:35.0                4.5454572378E+1           2.8887500000E+1           7.8999773431E+2           4.6158680902E+3           -1.0095879552E+1          -1.3836011741E+2         
02/15/16                  10:54:40.1                4.5454631324E+1           2.8937500000E+1           7.9041609542E+2           4.6092653832E+3           -9.8284720999E+0          -1.4992847034E+2         
02/15/16                  10:54:45.2                4.5454690248E+1           2.8937500000E+1           7.9029977454E+2           4.6054358257E+3           -9.3630637421E+0          -1.4628712340E+2         
02/15/16                  10:54:50.3                4.5454749171E+1           2.8937500000E+1           7.9004905021E+2           4.6070867474E+3           -9.5921842675E+0          -1.4227654577E+2         
02/15/16                  10:54:55.4                4.5454808236E+1           2.9000000000E+1           7.9015676383E+2           4.6106255300E+3           -9.8938899999E+0          -1.4521745203E+2         
02/15/16                  10:55:02.3                4.5454888545E+1           2.9000000000E+1           7.8976653138E+2           4.6161422823E+3           -1.0260261361E+1          -1.4338790728E+2         
02/15/16                  10:55:07.4                4.5454947401E+1           2.9000000000E+1           7.8953453594E+2           4.6153799197E+3           -1.0133295686E+1          -1.3754478704E+2         
02/15/16                  10:55:12.5                4.5455006401E+1           2.9025000000E+1           7.9005230406E+2           4.6122857667E+3           -9.8264744236E+0          -1.4798092452E+2         
02/15/16                  10:55:17.6                4.5455065326E+1           2.9062500000E+1           7.8969700110E+2           4.6145287680E+3           -1.0103524487E+1          -1.4174535502E+2         
02/15/16                  10:55:22.7                4.5455124375E+1           2.9062500000E+1           7.9011691484E+2           4.6135388764E+3           -8.9091470302E+0          -1.4742176229E+2         
02/15/16                  10:55:27.8                4.5455183545E+1           2.9125000000E+1           7.8972299727E+2           4.6156865213E+3           -9.5173466015E+0          -1.4458153961E+2         
02/15/16                  10:55:32.9                4.5455242291E+1           2.9112500000E+1           7.9012460356E+2           4.6172642156E+3           -9.6056861571E+0          -1.5311148678E+2         
02/15/16                  10:55:38.0                4.5455301603E+1           2.9125000000E+1           7.8980388807E+2           4.6183918484E+3           -9.6521330212E+0          -1.5000310524E+2         
02/15/16                  10:55:43.1                4.5455360494E+1           2.9125000000E+1           7.8931994771E+2           4.6230310296E+3           -1.0267951644E+1          -1.4559354224E+2         
02/15/16                  10:55:48.2                4.5455419275E+1           2.9125000000E+1           7.8965385999E+2           4.6203830881E+3           -9.9830558766E+0          -1.4817269286E+2         
02/15/16                  10:55:53.3                4.5455478136E+1           2.9137500000E+1           7.8973109668E+2           4.6211929572E+3           -9.4543289153E+0          -1.4957435451E+2         
02/15/16                  10:56:00.2                4.5455558349E+1           2.9150000000E+1           7.8940807808E+2           4.6226210995E+3           -1.0509654624E+1          -1.4848305760E+2         
02/15/16                  10:56:05.3                4.5455617087E+1           2.9187500000E+1           7.8964491594E+2           4.6182365938E+3           -9.7028519210E+0          -1.4957077858E+2         
02/15/16                  10:56:10.4                4.5455676168E+1           2.9175000000E+1           7.8937596545E+2           4.6246516531E+3           -1.0671711410E+1          -1.4968788007E+2         
02/15/16                  10:56:15.5                4.5455735081E+1           2.9187500000E+1           7.8932613691E+2           4.6266554462E+3           -1.0170704729E+1          -1.4692636694E+2         
02/15/16                  10:56:20.5                4.5455793838E+1           2.9187500000E+1           7.8913015380E+2           4.6309627337E+3           -1.0762233591E+1          -1.4518621716E+2         
02/15/16                  10:56:25.6                4.5455852813E+1           2.9175000000E+1           7.8954189884E+2           4.6302218858E+3           -1.0307784642E+1          -1.5642638350E+2         
02/15/16                  10:56:30.7                4.5455911731E+1           2.9150000000E+1           7.8899252692E+2           4.6324007992E+3           -1.1002518972E+1          -1.4798743158E+2         
02/15/16                  10:56:35.8                4.5455970939E+1           2.9162500000E+1           7.8926535804E+2           4.6298797444E+3           -1.0340172016E+1          -1.4923534985E+2         
02/15/16                  10:56:41.0                4.5456030126E+1           2.9125000000E+1           7.8912805399E+2           4.6279161243E+3           -1.0738288624E+1          -1.4963347629E+2         
02/15/16                  10:56:46.0                4.5456088897E+1           2.9140625000E+1           7.8889011640E+2           4.6315692866E+3           -1.0930795706E+1          -1.4954759875E+2         
02/15/16                  10:56:51.1                4.5456147783E+1           2.9125000000E+1           7.8893575487E+2           4.6397014631E+3           -1.0736912629E+1          -1.4587665980E+2         
02/15/16                  10:56:58.1                4.5456229059E+1           2.9125000000E+1           7.8910548208E+2           4.6472893420E+3           -1.1026044199E+1          -1.5291967920E+2         
02/15/16                  10:57:03.2                4.5456287715E+1           2.9075000000E+1           7.8896249721E+2           4.6410282918E+3           -1.0966214612E+1          -1.5091713945E+2         
02/15/16                  10:57:08.3                4.5456346932E+1           2.9062500000E+1           7.8854697001E+2           4.6397772899E+3           -1.1544030219E+1          -1.4355790158E+2         
02/15/16                  10:57:13.4                4.5456405813E+1           2.9062500000E+1           7.8829428368E+2           4.6397157508E+3           -1.1970963282E+1          -1.4331416721E+2         
02/15/16                  10:57:18.5                4.5456464791E+1           2.9031250000E+1           7.8850031844E+2           4.6346672096E+3           -1.1596823392E+1          -1.4675022390E+2         
02/15/16                  10:57:23.6                4.5456523523E+1           2.9000000000E+1           7.8853361587E+2           4.6349254752E+3           -1.1991800087E+1          -1.5071850212E+2         
02/15/16                  10:57:28.6                4.5456582149E+1           2.8975000000E+1           7.8829468440E+2           4.6390137843E+3           -1.2237641117E+1          -1.4420457911E+2         
02/15/16                  10:57:33.7                4.5456640913E+1           2.8937500000E+1           7.8872728616E+2           4.6356187205E+3           -1.1225453101E+1          -1.4945288188E+2         
02/15/16                  10:57:38.8                4.5456700164E+1           2.8925000000E+1           7.8813035254E+2           4.6438389000E+3           -1.2365061151E+1          -1.4381275009E+2         
02/15/16                  10:57:43.9                4.5456759068E+1           2.8875000000E+1           7.8869422381E+2           4.6439677257E+3           -1.1319252738E+1          -1.5394695328E+2         
02/15/16                  10:57:49.1                4.5456818508E+1           2.8825000000E+1           7.8824880677E+2           4.6482551190E+3           -1.2490612178E+1          -1.4487970744E+2         
02/15/16                  10:57:56.0                4.5456899269E+1           2.8812500000E+1           7.8812731913E+2           4.6489786740E+3           -1.2614018370E+1          -1.4417172055E+2         
02/15/16                  10:58:01.1                4.5456958075E+1           2.8800000000E+1           7.8845912064E+2           4.6429985853E+3           -1.2056684597E+1          -1.4981579323E+2         
02/15/16                  10:58:06.3                4.5457017502E+1           2.8762500000E+1           7.8831000500E+2           4.6474366015E+3           -1.2331010393E+1          -1.4796269369E+2         
02/15/16                  10:58:11.4                4.5457076773E+1           2.8750000000E+1           7.8802596938E+2           4.6489666839E+3           -1.3313693079E+1          -1.4757693078E+2         
02/15/16                  10:58:16.5                4.5457135678E+1           2.8729166670E+1           7.8820701061E+2           4.6467160953E+3           -1.2476341447E+1          -1.4767047373E+2         
02/15/16                  10:58:21.6                4.5457195002E+1           2.8687500000E+1           7.8782897260E+2           4.6523540641E+3           -1.3388588557E+1          -1.4201982699E+2         
02/15/16                  10:58:26.7                4.5457253723E+1           2.8675000000E+1           7.8857890346E+2           4.6524723175E+3           -1.2402404742E+1          -1.5343203624E+2         
02/15/16                  10:58:31.8                4.5457312813E+1           2.8650000000E+1           7.8848231743E+2           4.6615047889E+3           -1.3018500950E+1          -1.5523667875E+2         
02/15/16                  10:58:36.9                4.5457371666E+1           2.8625000000E+1           7.8813141376E+2           4.6717055153E+3           -1.3059171261E+1          -1.4567554269E+2         
02/15/16                  10:58:41.9                4.5457430479E+1           2.8625000000E+1           7.8809433069E+2           4.6724370750E+3           -1.2887158261E+1          -1.4844495628E+2         
02/15/16                  10:58:47.1                4.5457489793E+1           2.8612500000E+1           7.8826209937E+2           4.6665625604E+3           -1.3061855884E+1          -1.4884832138E+2         
02/15/16                  10:58:54.0                4.5457570406E+1           2.8562500000E+1           7.8837079506E+2           4.6688400726E+3           -1.3028673047E+1          -1.5103908500E+2         
02/15/16                  10:58:59.1                4.5457629084E+1           2.8550000000E+1           7.8831779416E+2           4.6760285370E+3           -1.3176195087E+1          -1.5131927732E+2         
02/15/16                  10:59:04.2                4.5457688197E+1           2.8550000000E+1           7.8833968113E+2           4.6834377811E+3           -1.3094920923E+1          -1.5202693330E+2         
02/15/16                  10:59:09.3                4.5457747103E+1           2.8512500000E+1           7.8784311598E+2           4.6865775205E+3           -1.4331443732E+1          -1.4440501217E+2         
02/15/16                  10:59:14.4                4.5457806258E+1           2.8500000000E+1           7.8819010510E+2           4.6834583004E+3           -1.3303808876E+1          -1.5244207046E+2         
02/15/16                  10:59:19.5                4.5457865514E+1           2.8487500000E+1           7.8793821236E+2           4.6865355537E+3           -1.4235885481E+1          -1.4598956619E+2         
02/15/16                  10:59:24.6                4.5457924682E+1           2.8450000000E+1           7.8765554785E+2           4.6864237729E+3           -1.4567923120E+1          -1.4282360129E+2         
02/15/16                  10:59:29.7                4.5457983435E+1           2.8427083330E+1           7.8803860529E+2           4.6884076275E+3           -1.3875864513E+1          -1.5048579016E+2         
02/15/16                  10:59:34.8                4.5458042403E+1           2.8437500000E+1           7.8756449795E+2           4.7015527372E+3           -1.4752220484E+1          -1.4289151099E+2         
02/15/16                  10:59:39.9                4.5458101438E+1           2.8375000000E+1           7.8820262544E+2           4.6986480310E+3           -1.3906407628E+1          -1.5064477028E+2         
02/15/16                  10:59:45.1                4.5458160943E+1           2.8375000000E+1           7.8793336498E+2           4.7046050624E+3           -1.4250625096E+1          -1.4697311625E+2         
02/15/16                  10:59:52.0                4.5458241319E+1           2.8362500000E+1           7.8838461241E+2           4.7010038876E+3           -1.3991286466E+1          -1.5286437586E+2         
02/15/16                  10:59:57.1                4.5458300155E+1           2.8325000000E+1           7.8790356498E+2           4.7018569980E+3           -1.4910890481E+1          -1.4761999122E+2         
02/15/16                  11:00:02.2                4.5458359455E+1           2.8350000000E+1           7.8806917324E+2           4.7006277137E+3           -1.4371379897E+1          -1.4979084908E+2         
02/15/16                  11:00:07.3                4.5458418405E+1           2.8312500000E+1           7.8785472684E+2           4.7024691106E+3           -1.4685719554E+1          -1.4510440177E+2         
02/15/16                  11:00:12.4                4.5458477561E+1           2.8312500000E+1           7.8812933410E+2           4.7023978071E+3           -1.4708237120E+1          -1.4962057887E+2         
02/15/16                  11:00:17.5                4.5458536697E+1           2.8312500000E+1           7.8809474813E+2           4.7042083037E+3           -1.4959774653E+1          -1.5159854775E+2         
02/15/16                  11:00:22.6                4.5458595290E+1           2.8312500000E+1           7.8806008196E+2           4.7107594623E+3           -1.4974144199E+1          -1.5127182137E+2         
02/15/16                  11:00:27.7                4.5458653936E+1           2.8275000000E+1           7.8825891977E+2           4.7058703378E+3           -1.4754148645E+1          -1.5570384758E+2         
02/15/16                  11:00:32.8                4.5458713040E+1           2.8250000000E+1           7.8784306792E+2           4.7108200778E+3           -1.5414581897E+1          -1.4606332775E+2         
02/15/16                  11:00:37.9                4.5458772230E+1           2.8250000000E+1           7.8781187625E+2           4.7122612569E+3           -1.5086287132E+1          -1.4610917654E+2         
02/15/16                  11:00:43.0                4.5458831717E+1           2.8250000000E+1           7.8819886138E+2           4.7137824855E+3           -1.5193742768E+1          -1.5321767348E+2         
02/15/16                  11:00:50.0                4.5458912177E+1           2.8200000000E+1           7.8789521371E+2           4.7273559518E+3           -1.5707714698E+1          -1.4627377423E+2         
02/15/16                  11:00:55.0                4.5458970958E+1           2.8200000000E+1           7.8799545562E+2           4.7319227647E+3           -1.5387479499E+1          -1.4894622679E+2         
02/15/16                  11:01:00.2                4.5459030164E+1           2.8187500000E+1           7.8798300784E+2           4.7301993667E+3           -1.5706545993E+1          -1.4783238862E+2         
02/15/16                  11:01:05.3                4.5459089445E+1           2.8187500000E+1           7.8802968330E+2           4.7254509114E+3           -1.5699549321E+1          -1.5117234067E+2         
02/15/16                  11:01:10.4                4.5459148724E+1           2.8187500000E+1           7.8782439889E+2           4.7292828285E+3           -1.5785734771E+1          -1.4888255598E+2         
02/15/16                  11:01:15.5                4.5459207728E+1           2.8125000000E+1           7.8802088389E+2           4.7281858408E+3           -1.5574464385E+1          -1.4948609714E+2         
02/15/16                  11:01:20.6                4.5459266674E+1           2.8125000000E+1           7.8793568949E+2           4.7304443819E+3           -1.5847933582E+1          -1.4855346929E+2         
02/15/16                  11:01:25.7                4.5459325745E+1           2.8125000000E+1           7.8814454611E+2           4.7298507222E+3           -1.5689366553E+1          -1.5101830674E+2         
02/15/16                  11:01:30.8                4.5459384802E+1           2.8125000000E+1           7.8775061466E+2           4.7387288924E+3           -1.6185486338E+1          -1.4705577424E+2         
02/15/16                  11:01:35.9                4.5459443980E+1           2.8125000000E+1           7.8811577599E+2           4.7482931988E+3           -1.5737569524E+1          -1.5274445445E+2         
02/15/16                  11:01:41.0                4.5459503338E+1           2.8125000000E+1           7.8804457636E+2           4.7536421277E+3           -1.6148076712E+1          -1.4778214603E+2         
02/15/16                  11:01:48.0                4.5459583934E+1           2.8087500000E+1           7.8798666401E+2           4.7510666588E+3           -1.6452488822E+1          -1.4967797869E+2         
02/15/16                  11:01:53.1                4.5459642812E+1           2.8087500000E+1           7.8816640236E+2           4.7419597735E+3           -1.6184441165E+1          -1.5369371973E+2         
02/15/16                  11:01:58.2                4.5459701515E+1           2.8062500000E+1           7.8776516621E+2           4.7449787180E+3           -1.6473592664E+1          -1.4328119152E+2         
02/15/16                  11:02:03.2                4.5459760356E+1           2.8062500000E+1           7.8754908933E+2           4.7433640823E+3           -1.7090019294E+1          -1.4259604519E+2         
02/15/16                  11:02:08.3                4.5459819008E+1           2.8062500000E+1           7.8809025068E+2           4.7331232381E+3           -1.6111433407E+1          -1.5469364132E+2         
02/15/16                  11:02:13.4                4.5459877992E+1           2.8037500000E+1           7.8802379953E+2           4.7356977170E+3           -1.6240062996E+1          -1.5011027524E+2         
02/15/16                  11:02:18.5                4.5459936836E+1           2.8012500000E+1           7.8787891513E+2           4.7377065781E+3           -1.6748795387E+1          -1.4801781768E+2         
02/15/16                  11:02:23.6                4.5459996044E+1           2.8000000000E+1           7.8798656656E+2           4.7374640982E+3           -1.6608147828E+1          -1.5132942089E+2         
02/15/16                  11:02:28.7                4.5460055264E+1           2.8000000000E+1           7.8838677142E+2           4.7397027218E+3           -1.6094060935E+1          -1.5630844549E+2         
02/15/16                  11:02:33.8                4.5460114325E+1           2.8000000000E+1           7.8798472002E+2           4.7414913326E+3           -1.6774258598E+1          -1.4873746921E+2         
02/15/16                  11:02:38.9                4.5460173077E+1           2.8000000000E+1           7.8795098100E+2           4.7437024997E+3           -1.6714412288E+1          -1.4745978629E+2         
02/15/16                  11:02:45.8                4.5460253132E+1           2.8000000000E+1           7.8804810998E+2           4.7486163181E+3           -1.6741041373E+1          -1.5130121412E+2         
02/15/16                  11:02:50.9                4.5460312055E+1           2.7950000000E+1           7.8790906933E+2           4.7536458375E+3           -1.6847632961E+1          -1.4729633826E+2         
02/15/16                  11:02:56.0                4.5460370919E+1           2.7937500000E+1           7.8806563953E+2           4.7606817967E+3           -1.6711975876E+1          -1.5061154246E+2         
02/15/16                  11:03:01.1                4.5460429689E+1           2.7937500000E+1           7.8807834556E+2           4.7632771906E+3           -1.6791440764E+1          -1.5074294881E+2         
02/15/16                  11:03:06.1                4.5460488388E+1           2.7937500000E+1           7.8838682899E+2           4.7613818239E+3           -1.6435240809E+1          -1.5413776441E+2         
02/15/16                  11:03:11.2                4.5460547421E+1           2.7937500000E+1           7.8770189797E+2           4.7668178312E+3           -1.7354235945E+1          -1.4469662946E+2         
02/15/16                  11:03:16.3                4.5460606160E+1           2.7937500000E+1           7.8815661950E+2           4.7637714417E+3           -1.7155037351E+1          -1.5446762469E+2         
02/15/16                  11:03:21.4                4.5460664963E+1           2.7937500000E+1           7.8808815261E+2           4.7705698767E+3           -1.6858631058E+1          -1.4985525227E+2         
02/15/16                  11:03:26.5                4.5460723892E+1           2.7925000000E+1           7.8804882268E+2           4.7737379121E+3           -1.7303685211E+1          -1.5009002848E+2         
02/15/16                  11:03:31.6                4.5460782830E+1           2.7921875000E+1           7.8807232951E+2           4.7699815164E+3           -1.6955712831E+1          -1.5330410387E+2         
02/15/16                  11:03:36.7                4.5460841880E+1           2.7937500000E+1           7.8788078796E+2           4.7685806939E+3           -1.7230467205E+1          -1.4850207279E+2         
02/15/16                  11:03:43.6                4.5460921990E+1           2.7900000000E+1           7.8779193750E+2           4.7670864543E+3           -1.7684401186E+1          -1.4871375904E+2         
02/15/16                  11:03:48.7                4.5460980758E+1           2.7912500000E+1           7.8801314044E+2           4.7662078818E+3           -1.7251744313E+1          -1.5112082493E+2         
02/15/16                  11:03:53.8                4.5461039970E+1           2.7900000000E+1           7.8785455123E+2           4.7714648803E+3           -1.7488910011E+1          -1.4517457170E+2         
02/15/16                  11:03:58.9                4.5461098837E+1           2.7900000000E+1           7.8803141001E+2           4.7779754175E+3           -1.7440310415E+1          -1.4945822396E+2         
02/15/16                  11:04:04.0                4.5461157706E+1           2.7875000000E+1           7.8788612974E+2           4.7893220967E+3           -1.7692146877E+1          -1.4922585836E+2         
02/15/16                  11:04:09.1                4.5461217016E+1           2.7900000000E+1           7.8836949770E+2           4.7843492438E+3           -1.7100806761E+1          -1.5335158374E+2         
02/15/16                  11:04:14.2                4.5461275886E+1           2.7875000000E+1           7.8808153451E+2           4.7807819547E+3           -1.7292945323E+1          -1.4967221396E+2         
02/15/16                  11:04:19.3                4.5461334804E+1           2.7875000000E+1           7.8800057767E+2           4.7767543783E+3           -1.7571140181E+1          -1.5121296111E+2         
02/15/16                  11:04:24.4                4.5461393795E+1           2.7875000000E+1           7.8816851565E+2           4.7775145265E+3           -1.7689312376E+1          -1.5210207277E+2         
02/15/16                  11:04:29.5                4.5461452846E+1           2.7875000000E+1           7.8768971259E+2           4.7873104142E+3           -1.8232963408E+1          -1.4753441429E+2         
02/15/16                  11:04:34.6                4.5461512184E+1           2.7875000000E+1           7.8801882398E+2           4.7937434132E+3           -1.7848766109E+1          -1.5043178852E+2         
02/15/16                  11:04:41.6                4.5461592727E+1           2.7862500000E+1           7.8831332040E+2           4.7932874988E+3           -1.7224132034E+1          -1.5375321669E+2         
02/15/16                  11:04:46.6                4.5461651487E+1           2.7850000000E+1           7.8799932748E+2           4.7904081320E+3           -1.7728283421E+1          -1.4822222952E+2         
02/15/16                  11:04:51.8                4.5461710749E+1           2.7850000000E+1           7.8857527850E+2           4.7808579391E+3           -1.6996748232E+1          -1.5773299904E+2         
02/15/16                  11:04:56.9                4.5461770236E+1           2.7850000000E+1           7.8801773039E+2           4.7827372982E+3           -1.7618372223E+1          -1.5013127504E+2         
02/15/16                  11:05:02.0                4.5461829448E+1           2.7875000000E+1           7.8808783059E+2           4.7856875088E+3           -1.7603257507E+1          -1.4931020983E+2         
02/15/16                  11:05:07.2                4.5461888997E+1           2.7812500000E+1           7.8827231970E+2           4.7867737808E+3           -1.7526846217E+1          -1.5520029546E+2         
02/15/16                  11:05:12.2                4.5461947812E+1           2.7812500000E+1           7.8816163466E+2           4.7946354879E+3           -1.7826861219E+1          -1.5598105793E+2         
02/15/16                  11:05:17.3                4.5462006471E+1           2.7837500000E+1           7.8829181467E+2           4.8007818772E+3           -1.7450601822E+1          -1.5617355314E+2         
02/15/16                  11:05:22.4                4.5462065770E+1           2.7825000000E+1           7.8868140217E+2           4.7989080350E+3           -1.6856450327E+1          -1.5877419611E+2         
02/15/16                  11:05:27.5                4.5462124987E+1           2.7812500000E+1           7.8822857804E+2           4.7955311793E+3           -1.7558948039E+1          -1.5534301165E+2         
02/15/16                  11:05:32.7                4.5462184162E+1           2.7812500000E+1           7.8783208073E+2           4.7964071292E+3           -1.8277438226E+1          -1.4851624268E+2         
02/15/16                  11:05:39.6                4.5462264757E+1           2.7812500000E+1           7.8817325165E+2           4.7934785257E+3           -1.7873230062E+1          -1.5394489301E+2         
02/15/16                  11:05:44.7                4.5462323536E+1           2.7837500000E+1           7.8757591457E+2           4.7954038688E+3           -1.8582011134E+1          -1.4572380757E+2         
02/15/16                  11:05:49.8                4.5462382669E+1           2.7812500000E+1           7.8818441954E+2           4.7931612823E+3           -1.7882036013E+1          -1.5182926701E+2         
02/15/16                  11:05:54.9                4.5462441648E+1           2.7812500000E+1           7.8811632873E+2           4.7975597076E+3           -1.7701694995E+1          -1.5183031802E+2         
02/15/16                  11:06:00.0                4.5462500614E+1           2.7812500000E+1           7.8808509364E+2           4.7952346076E+3           -1.8022780397E+1          -1.4831075949E+2         
02/15/16                  11:06:05.1                4.5462559856E+1           2.7812500000E+1           7.8801991331E+2           4.7946272010E+3           -1.8256107749E+1          -1.5277895420E+2         
02/15/16                  11:06:10.2                4.5462618589E+1           2.7812500000E+1           7.8783364615E+2           4.7995846489E+3           -1.8343631216E+1          -1.4869586507E+2         
02/15/16                  11:06:15.3                4.5462677379E+1           2.7787500000E+1           7.8818997980E+2           4.8074279881E+3           -1.7902720380E+1          -1.5078703002E+2         
02/15/16                  11:06:20.4                4.5462736603E+1           2.7787500000E+1           7.8814244035E+2           4.8196158780E+3           -1.7850576271E+1          -1.5122435489E+2         
02/15/16                  11:06:25.5                4.5462795589E+1           2.7796875000E+1           7.8834482416E+2           4.8175730510E+3           -1.7522045108E+1          -1.5574365212E+2         
02/15/16                  11:06:30.6                4.5462854668E+1           2.7800000000E+1           7.8868919943E+2           4.8122838207E+3           -1.7230725019E+1          -1.5965983346E+2         
02/15/16                  11:06:37.5                4.5462935048E+1           2.7775000000E+1           7.8829082435E+2           4.8168473780E+3           -1.7950129217E+1          -1.5500624826E+2         
02/15/16                  11:06:42.6                4.5462993941E+1           2.7762500000E+1           7.8833666942E+2           4.8202655310E+3           -1.7888682764E+1          -1.5512311332E+2         
02/15/16                  11:06:47.7                4.5463052669E+1           2.7762500000E+1           7.8826875504E+2           4.8225948460E+3           -1.7892524314E+1          -1.5355335322E+2         
02/15/16                  11:06:52.8                4.5463111483E+1           2.7750000000E+1           7.8817352770E+2           4.8216607761E+3           -1.8364341940E+1          -1.5105085677E+2         
02/15/16                  11:06:57.9                4.5463170312E+1           2.7750000000E+1           7.8786647191E+2           4.8203957642E+3           -1.8712262533E+1          -1.4802957676E+2         
02/15/16                  11:07:03.0                4.5463229647E+1           2.7762500000E+1           7.8835688788E+2           4.8166572793E+3           -1.8141605391E+1          -1.5643552452E+2         
02/15/16                  11:07:08.1                4.5463288255E+1           2.7750000000E+1           7.8845065323E+2           4.8208158783E+3           -1.7779519997E+1          -1.5441557739E+2         
02/15/16                  11:07:13.1                4.5463347104E+1           2.7750000000E+1           7.8814481311E+2           4.8271392186E+3           -1.8482713703E+1          -1.5061471213E+2         
02/15/16                  11:07:18.3                4.5463406522E+1           2.7750000000E+1           7.8802396737E+2           4.8275260327E+3           -1.8508387879E+1          -1.4959605240E+2         
02/15/16                  11:07:23.4                4.5463466031E+1           2.7750000000E+1           7.8810907921E+2           4.8253924155E+3           -1.8348278644E+1          -1.5130184912E+2         
02/15/16                  11:07:28.6                4.5463525687E+1           2.7750000000E+1           7.8816486446E+2           4.8277096828E+3           -1.8312837219E+1          -1.5247442546E+2         
02/15/16                  11:07:35.5                4.5463605788E+1           2.7750000000E+1           7.8777874166E+2           4.8288261518E+3           -1.9089640149E+1          -1.4602810260E+2         
02/15/16                  11:07:40.6                4.5463664430E+1           2.7750000000E+1           7.8801522350E+2           4.8235919967E+3           -1.8773242390E+1          -1.5124654159E+2         
02/15/16                  11:07:45.7                4.5463723726E+1           2.7750000000E+1           7.8812743466E+2           4.8219647571E+3           -1.8468417964E+1          -1.5155467542E+2         
02/15/16                  11:07:50.8                4.5463783123E+1           2.7700000000E+1           7.8813070584E+2           4.8250878495E+3           -1.8537227131E+1          -1.5231525281E+2         
02/15/16                  11:07:55.9                4.5463841998E+1           2.7708333330E+1           7.8833912513E+2           4.8324421838E+3           -1.8226118829E+1          -1.5272052453E+2         
02/15/16                  11:08:01.0                4.5463901574E+1           2.7687500000E+1           7.8831148934E+2           4.8469422945E+3           -1.8410324940E+1          -1.5624156630E+2         
02/15/16                  11:08:06.2                4.5463960797E+1           2.7687500000E+1           7.8827700256E+2           4.8517010874E+3           -1.8636344778E+1          -1.5551217920E+2         
02/15/16                  11:08:11.3                4.5464020029E+1           2.7687500000E+1           7.8809306186E+2           4.8450552981E+3           -1.8582261730E+1          -1.5257745075E+2         
02/15/16                  11:08:16.4                4.5464078888E+1           2.7687500000E+1           7.8816229720E+2           4.8363326696E+3           -1.8514030461E+1          -1.5465338591E+2         
02/15/16                  11:08:21.5                4.5464138001E+1           2.7687500000E+1           7.8800913792E+2           4.8351972646E+3           -1.8575768160E+1          -1.5071470315E+2         
02/15/16                  11:08:26.6                4.5464197373E+1           2.7687500000E+1           7.8827729664E+2           4.8351192699E+3           -1.8056804892E+1          -1.5261222175E+2         
02/15/16                  11:08:33.6                4.5464278056E+1           2.7687500000E+1           7.8788010408E+2           4.8385752499E+3           -1.9027992490E+1          -1.4888567479E+2         
02/15/16                  11:08:38.7                4.5464337164E+1           2.7687500000E+1           7.8796583836E+2           4.8373938748E+3           -1.9066822716E+1          -1.5121461134E+2         
02/15/16                  11:08:43.8                4.5464396652E+1           2.7687500000E+1           7.8780202002E+2           4.8383282642E+3           -1.9200349770E+1          -1.4925432631E+2         
02/15/16                  11:08:48.9                4.5464455737E+1           2.7687500000E+1           7.8846107447E+2           4.8357046460E+3           -1.8522735217E+1          -1.5569055853E+2         
02/15/16                  11:08:54.0                4.5464514636E+1           2.7687500000E+1           7.8838809424E+2           4.8364542183E+3           -1.8248517537E+1          -1.5437555003E+2         
02/15/16                  11:08:59.1                4.5464573712E+1           2.7687500000E+1           7.8791120686E+2           4.8437816843E+3           -1.8811290940E+1          -1.4652575020E+2         
02/15/16                  11:09:04.2                4.5464632559E+1           2.7675000000E+1           7.8827784170E+2           4.8518626260E+3           -1.8639077150E+1          -1.5738741944E+2         
02/15/16                  11:09:09.3                4.5464691588E+1           2.7687500000E+1           7.8812800315E+2           4.8618040796E+3           -1.8730784954E+1          -1.5060793918E+2         
02/15/16                  11:09:14.4                4.5464750514E+1           2.7675000000E+1           7.8805417938E+2           4.8630261818E+3           -1.8718890571E+1          -1.5129222592E+2         
02/15/16                  11:09:19.5                4.5464809249E+1           2.7666666670E+1           7.8782932811E+2           4.8583261623E+3           -1.9018396193E+1          -1.4571047796E+2         
02/15/16                  11:09:24.6                4.5464868366E+1           2.7650000000E+1           7.8844284918E+2           4.8488498929E+3           -1.8357050033E+1          -1.5716776130E+2         
02/15/16                  11:09:31.5                4.5464948461E+1           2.7625000000E+1           7.8814792720E+2           4.8540324343E+3           -1.8715573335E+1          -1.5217447196E+2         
02/15/16                  11:09:36.5                4.5465006872E+1           2.7637500000E+1           7.8820189441E+2           4.8564949649E+3           -1.8745489774E+1          -1.5332014435E+2         
02/15/16                  11:09:41.6                4.5465065592E+1           2.7637500000E+1           7.8822475193E+2           4.8557779700E+3           -1.8816984680E+1          -1.5229172061E+2         
02/15/16                  11:09:46.7                4.5465124551E+1           2.7625000000E+1           7.8821770954E+2           4.8524346102E+3           -1.8611971453E+1          -1.4933722634E+2         
02/15/16                  11:09:51.8                4.5465183429E+1           2.7625000000E+1           7.8783669845E+2           4.8584185064E+3           -1.9102251675E+1          -1.4677883688E+2         
02/15/16                  11:09:56.9                4.5465242407E+1           2.7625000000E+1           7.8823200606E+2           4.8554983982E+3           -1.8618834653E+1          -1.5092483030E+2         
02/15/16                  11:10:02.0                4.5465301315E+1           2.7625000000E+1           7.8809461272E+2           4.8535722462E+3           -1.8927078862E+1          -1.5460607130E+2         
02/15/16                  11:10:07.1                4.5465360356E+1           2.7625000000E+1           7.8767138681E+2           4.8568891848E+3           -1.9285430346E+1          -1.4365500512E+2         
02/15/16                  11:10:12.2                4.5465419442E+1           2.7625000000E+1           7.8796964437E+2           4.8599695759E+3           -1.9121718132E+1          -1.4808954574E+2         
02/15/16                  11:10:17.3                4.5465478704E+1           2.7625000000E+1           7.8830579794E+2           4.8658262373E+3           -1.8469152707E+1          -1.5380217248E+2         
02/15/16                  11:10:22.4                4.5465537846E+1           2.7625000000E+1           7.8807969078E+2           4.8688717938E+3           -1.8932939207E+1          -1.5151793993E+2         
02/15/16                  11:10:29.4                4.5465618512E+1           2.7625000000E+1           7.8841289348E+2           4.8691790341E+3           -1.8405668630E+1          -1.5440419101E+2         
02/15/16                  11:10:34.5                4.5465677775E+1           2.7625000000E+1           7.8843312089E+2           4.8701347543E+3           -1.8629127124E+1          -1.5588936741E+2         
02/15/16                  11:10:39.6                4.5465737122E+1           2.7625000000E+1           7.8852057048E+2           4.8690241502E+3           -1.8107305020E+1          -1.5676969972E+2         
02/15/16                  11:10:44.7                4.5465795981E+1           2.7650000000E+1           7.8814749174E+2           4.8693986789E+3           -1.8744848210E+1          -1.5186618632E+2         
02/15/16                  11:10:49.8                4.5465854922E+1           2.7625000000E+1           7.8808327830E+2           4.8692641107E+3           -1.9022524290E+1          -1.5070770166E+2         
02/15/16                  11:10:54.9                4.5465914068E+1           2.7625000000E+1           7.8818455897E+2           4.8684794826E+3           -1.8677255238E+1          -1.5079674548E+2         
02/15/16                  11:11:00.0                4.5465973038E+1           2.7625000000E+1           7.8823440917E+2           4.8689529480E+3           -1.8539493389E+1          -1.5159817005E+2         
02/15/16                  11:11:05.1                4.5466032064E+1           2.7625000000E+1           7.8816011319E+2           4.8709053018E+3           -1.8459349049E+1          -1.4979709236E+2         
02/15/16                  11:11:10.2                4.5466091262E+1           2.7612500000E+1           7.8828513479E+2           4.8706983781E+3           -1.8334763191E+1          -1.5513284519E+2         
02/15/16                  11:11:15.4                4.5466150620E+1           2.7625000000E+1           7.8847819550E+2           4.8704452819E+3           -1.8393472634E+1          -1.5974702770E+2         
02/15/16                  11:11:20.5                4.5466209600E+1           2.7625000000E+1           7.8786908827E+2           4.8757518872E+3           -1.9050835616E+1          -1.4912104796E+2         
02/15/16                  11:11:27.4                4.5466289597E+1           2.7625000000E+1           7.8799276768E+2           4.8729813690E+3           -1.9035648657E+1          -1.4968542792E+2         
02/15/16                  11:11:32.5                4.5466348403E+1           2.7625000000E+1           7.8813014053E+2           4.8690306340E+3           -1.8609479306E+1          -1.4967712362E+2         
02/15/16                  11:11:37.6                4.5466407692E+1           2.7625000000E+1           7.8803139808E+2           4.8712276663E+3           -1.9076851586E+1          -1.5081939069E+2         
02/15/16                  11:11:42.7                4.5466466622E+1           2.7625000000E+1           7.8752749026E+2           4.8777032637E+3           -1.9185348883E+1          -1.4508974144E+2         
02/15/16                  11:11:47.7                4.5466525303E+1           2.7625000000E+1           7.8774745842E+2           4.8785603079E+3           -1.9405832181E+1          -1.4692285955E+2         
02/15/16                  11:11:52.8                4.5466584461E+1           2.7587500000E+1           7.8795844756E+2           4.8793142997E+3           -1.8920480723E+1          -1.4802874580E+2         
02/15/16                  11:11:57.9                4.5466643366E+1           2.7575000000E+1           7.8820594787E+2           4.8802607973E+3           -1.8658966761E+1          -1.5292028992E+2         
02/15/16                  11:12:03.0                4.5466702124E+1           2.7562500000E+1           7.8862368740E+2           4.8785295079E+3           -1.8188919345E+1          -1.5897156384E+2         
02/15/16                  11:12:08.1                4.5466761035E+1           2.7562500000E+1           7.8850580653E+2           4.8818430127E+3           -1.8587847561E+1          -1.5627874330E+2         
02/15/16                  11:12:13.2                4.5466820064E+1           2.7562500000E+1           7.8776533276E+2           4.8867569232E+3           -1.9287723845E+1          -1.4752774862E+2         
02/15/16                  11:12:18.3                4.5466879286E+1           2.7562500000E+1           7.8801063312E+2           4.8858335046E+3           -1.8943965148E+1          -1.5284576042E+2         
02/15/16                  11:12:25.3                4.5466959671E+1           2.7562500000E+1           7.8839881009E+2           4.8839790604E+3           -1.8340455396E+1          -1.5655875512E+2         
02/15/16                  11:12:30.4                4.5467018737E+1           2.7562500000E+1           7.8820970446E+2           4.8854741453E+3           -1.8848654472E+1          -1.5674578064E+2         
02/15/16                  11:12:35.5                4.5467077851E+1           2.7562500000E+1           7.8861787179E+2           4.8844458393E+3           -1.8240952307E+1          -1.5860570968E+2         
02/15/16                  11:12:40.6                4.5467136799E+1           2.7562500000E+1           7.8801223316E+2           4.8922907706E+3           -1.9046125190E+1          -1.5059027400E+2         
02/15/16                  11:12:45.7                4.5467195728E+1           2.7562500000E+1           7.8809131248E+2           4.8939744483E+3           -1.8560928812E+1          -1.5259001343E+2         
02/15/16                  11:12:50.8                4.5467255375E+1           2.7562500000E+1           7.8811210354E+2           4.8908290385E+3           -1.8701085148E+1          -1.4881237440E+2         
02/15/16                  11:12:56.0                4.5467314906E+1           2.7562500000E+1           7.8809592458E+2           4.8887825834E+3           -1.8882940933E+1          -1.5137231783E+2         
02/15/16                  11:13:01.1                4.5467374192E+1           2.7562500000E+1           7.8790007656E+2           4.8873176614E+3           -1.8917290074E+1          -1.4718973933E+2         
02/15/16                  11:13:06.2                4.5467433498E+1           2.7562500000E+1           7.8809748250E+2           4.8878576035E+3           -1.8802278581E+1          -1.5038517529E+2         
02/15/16                  11:13:11.3                4.5467492652E+1           2.7562500000E+1           7.8829855252E+2           4.8893347100E+3           -1.8567285355E+1          -1.5453528514E+2         
02/15/16                  11:13:16.4                4.5467551596E+1           2.7562500000E+1           7.8789649382E+2           4.8946690052E+3           -1.9085927359E+1          -1.4840403410E+2         
02/15/16                  11:13:23.4                4.5467632022E+1           2.7562500000E+1           7.8791488236E+2           4.9030450149E+3           -1.9239512198E+1          -1.5003128110E+2         
02/15/16                  11:13:28.4                4.5467690699E+1           2.7562500000E+1           7.8814025454E+2           4.9105347568E+3           -1.8558052017E+1          -1.4972010271E+2         
02/15/16                  11:13:33.5                4.5467749704E+1           2.7562500000E+1           7.8822590900E+2           4.9143182089E+3           -1.8634647608E+1          -1.5379299712E+2         
02/15/16                  11:13:38.6                4.5467808759E+1           2.7562500000E+1           7.8806056957E+2           4.9089755356E+3           -1.9105149907E+1          -1.5294241409E+2         
02/15/16                  11:13:43.7                4.5467867404E+1           2.7562500000E+1           7.8784203955E+2           4.9039784464E+3           -1.9285106562E+1          -1.4903915191E+2         
02/15/16                  11:13:48.8                4.5467926164E+1           2.7562500000E+1           7.8832636487E+2           4.9004981159E+3           -1.8648338424E+1          -1.5569785044E+2         
02/15/16                  11:13:53.8                4.5467984915E+1           2.7550000000E+1           7.8830374054E+2           4.9031998842E+3           -1.8654265262E+1          -1.5460588733E+2         
02/15/16                  11:13:58.9                4.5468043700E+1           2.7562500000E+1           7.8826648497E+2           4.9041787774E+3           -1.8874394628E+1          -1.5420745809E+2         
02/15/16                  11:14:04.0                4.5468102414E+1           2.7562500000E+1           7.8848133265E+2           4.9028915857E+3           -1.8342901480E+1          -1.5562011893E+2         
02/15/16                  11:14:09.1                4.5468161237E+1           2.7562500000E+1           7.8798743265E+2           4.9072932364E+3           -1.8957399266E+1          -1.5202457158E+2         
02/15/16                  11:14:14.2                4.5468220313E+1           2.7546875000E+1           7.8794155666E+2           4.9077432544E+3           -1.8814602566E+1          -1.4995933652E+2         
02/15/16                  11:14:21.1                4.5468300442E+1           2.7525000000E+1           7.8777240794E+2           4.9090862770E+3           -1.9227446226E+1          -1.4684412586E+2         
02/15/16                  11:14:26.2                4.5468359385E+1           2.7512500000E+1           7.8817504601E+2           4.9061079660E+3           -1.8744447567E+1          -1.5540770455E+2         
02/15/16                  11:14:31.3                4.5468418193E+1           2.7512500000E+1           7.8843265011E+2           4.9050559508E+3           -1.8523132978E+1          -1.5634696525E+2         
02/15/16                  11:14:36.4                4.5468477087E+1           2.7525000000E+1           7.8834474011E+2           4.9032015978E+3           -1.8405041272E+1          -1.5488863432E+2         
02/15/16                  11:14:41.5                4.5468535903E+1           2.7541666670E+1           7.8809516778E+2           4.9035185413E+3           -1.8808557124E+1          -1.5151536766E+2         
02/15/16                  11:14:46.6                4.5468595455E+1           2.7525000000E+1           7.8827346379E+2           4.9012602470E+3           -1.8547746767E+1          -1.5409078897E+2         
02/15/16                  11:14:51.6                4.5468653932E+1           2.7512500000E+1           7.8817539130E+2           4.8999467733E+3           -1.8289557620E+1          -1.5793349080E+2         
02/15/16                  11:14:56.8                4.5468713745E+1           2.7512500000E+1           7.8829775465E+2           4.8620024223E+3           -1.8488827849E+1          -1.5280153148E+2         
02/15/16                  11:15:01.9                4.5468772700E+1           2.7500000000E+1           7.8829396795E+2           4.9486931034E+3           -1.8763622904E+1          -1.5252336556E+2         
02/15/16                  11:15:07.0                4.5468831089E+1           2.7500000000E+1           7.8836409621E+2           5.0303666613E+3           -1.8494864466E+1          -1.5686754898E+2         
02/15/16                  11:15:12.2                4.5468891212E+1           2.7500000000E+1           7.8786963367E+2           4.3107031282E+3           -1.8176458688E+1          -1.5003254025E+2         
02/15/16                  11:15:19.1                4.5468971430E+1           2.7525000000E+1           7.8806732344E+2           2.6280598485E+3           -1.7236205814E+1          -1.5533300119E+2         
02/15/16                  11:15:24.2                4.5469030186E+1           2.7525000000E+1           7.8786351005E+2           1.9444432755E+3           -1.6636655632E+1          -1.4589154265E+2         
02/15/16                  11:15:29.2                4.5469088774E+1           2.7525000000E+1           7.8808026590E+2           1.5987607873E+3           -1.4677248546E+1          -1.5439647674E+2         
02/15/16                  11:15:34.3                4.5469147339E+1           2.7525000000E+1           7.8791299209E+2           1.4309554281E+3           -1.3108543922E+1          -1.4531896720E+2         
02/15/16                  11:15:39.4                4.5469206056E+1           2.7546875000E+1           7.8772752240E+2           1.3500305041E+3           -1.2781414774E+1          -1.4371501837E+2         
02/15/16                  11:15:44.4                4.5469264883E+1           2.7512500000E+1           7.8741645281E+2           1.3113031624E+3           -1.3874452203E+1          -1.2624069314E+2         
02/15/16                  11:15:49.5                4.5469323516E+1           2.7525000000E+1           7.8791563840E+2           1.2856298699E+3           -1.0615615633E+1          -1.3834055237E+2         
02/15/16                  11:15:54.6                4.5469382236E+1           2.7525000000E+1           7.8784074228E+2           1.2725728332E+3           -1.0137395658E+1          -1.4058676620E+2         
02/15/16                  11:15:59.6                4.5469440818E+1           2.7500000000E+1           7.8784771578E+2           1.2620989786E+3           -1.0987244704E+1          -1.3906114623E+2         
02/15/16                  11:16:04.7                4.5469499483E+1           2.7520833330E+1           7.8768982273E+2           1.2511654382E+3           -1.1338580787E+1          -1.2411031802E+2         
02/15/16                  11:16:09.8                4.5469558288E+1           2.7550000000E+1           7.8831632067E+2           1.2334213698E+3           -7.1570495005E+0          -1.6344779869E+2         
02/15/16                  11:16:16.7                4.5469638236E+1           2.7500000000E+1           7.8833491470E+2           1.2208374228E+3           -6.7409624317E+0          -1.6429743569E+2         
02/15/16                  11:16:21.8                4.5469696974E+1           2.7512500000E+1           7.8791127188E+2           1.2183483482E+3           -9.1458825981E+0          -1.2766886936E+2         
02/15/16                  11:16:26.9                4.5469755901E+1           2.7512500000E+1           7.8762329508E+2           1.2147990040E+3           -1.0300789181E+1          -1.1496541612E+2         
02/15/16                  11:16:31.9                4.5469814461E+1           2.7500000000E+1           7.8798123449E+2           1.2082558039E+3           -7.8465562584E+0          -1.2930052579E+2         
02/15/16                  11:16:37.0                4.5469872978E+1           2.7500000000E+1           7.8823206212E+2           1.2036186608E+3           -8.2477942451E+0          -1.6981403547E+2         
02/15/16                  11:16:42.1                4.5469931949E+1           2.7500000000E+1           7.8812046861E+2           1.2019277968E+3           -8.0776502131E+0          -1.5061167369E+2         
02/15/16                  11:16:47.1                4.5469990616E+1           2.7500000000E+1           7.8767184703E+2           1.2036264626E+3           -1.0423540811E+1          -1.2980972680E+2         
02/15/16                  11:16:52.2                4.5470049093E+1           2.7500000000E+1           7.8827552562E+2           1.1976012268E+3           -6.9457251771E+0          -1.6144525004E+2         
02/15/16                  11:16:57.2                4.5470107594E+1           2.7500000000E+1           7.8830580892E+2           1.2191239951E+3           -7.3966297011E+0          -1.5388629144E+2         
02/15/16                  11:17:02.3                4.5470166158E+1           2.7500000000E+1           7.8799768151E+2           1.3380162801E+3           -1.0075828177E+1          -1.4632405602E+2         
02/15/16                  11:17:07.4                4.5470224767E+1           2.7500000000E+1           7.8807417298E+2           1.5551995958E+3           -1.1244719350E+1          -1.4985700605E+2         
02/15/16                  11:17:14.3                4.5470304676E+1           2.7500000000E+1           7.8826564558E+2           1.8685086556E+3           -1.2002252970E+1          -1.5639858906E+2         
02/15/16                  11:17:19.3                4.5470363206E+1           2.7500000000E+1           7.8831762274E+2           2.2383027562E+3           -1.3788811808E+1          -1.5384902951E+2         
02/15/16                  11:17:24.4                4.5470422095E+1           2.7500000000E+1           7.8847910607E+2           2.6860651511E+3           -1.4498394378E+1          -1.5508687075E+2         
02/15/16                  11:17:29.5                4.5470481020E+1           2.7500000000E+1           7.8796075793E+2           2.9361884671E+3           -1.5965710898E+1          -1.4401721027E+2         
02/15/16                  11:17:34.6                4.5470539847E+1           2.7500000000E+1           7.8753457501E+2           3.0802975855E+3           -1.7018469636E+1          -1.3547602344E+2         
02/15/16                  11:17:39.7                4.5470598659E+1           2.7500000000E+1           7.8759442642E+2           3.0563917025E+3           -1.7075216190E+1          -1.3869251679E+2         
02/15/16                  11:17:44.7                4.5470657316E+1           2.7500000000E+1           7.8792265789E+2           2.5889647956E+3           -1.5940005180E+1          -1.4321700523E+2         
02/15/16                  11:17:49.8                4.5470716147E+1           2.7500000000E+1           7.8767019376E+2           1.9757423071E+3           -1.5036567901E+1          -1.3281640953E+2         
02/15/16                  11:17:54.9                4.5470774899E+1           2.7500000000E+1           7.8803785678E+2           1.5673921140E+3           -1.2285916851E+1          -1.4126537800E+2         
02/15/16                  11:18:00.0                4.5470833481E+1           2.7500000000E+1           7.8774217939E+2           1.3516579123E+3           -1.2456145892E+1          -1.3095591636E+2         
02/15/16                  11:18:05.0                4.5470892250E+1           2.7500000000E+1           7.8815575292E+2           1.2373615364E+3           -9.0919665100E+0          -1.5406458070E+2         
02/15/16                  11:18:11.9                4.5470972111E+1           2.7500000000E+1           7.8790778243E+2           1.1754954406E+3           -9.2133697239E+0          -1.4048841431E+2         
02/15/16                  11:18:17.0                4.5471030647E+1           2.7500000000E+1           7.8768495619E+2           1.1584516946E+3           -9.9468318872E+0          -1.2996192187E+2         
02/15/16                  11:18:22.1                4.5471089288E+1           2.7500000000E+1           7.8776632175E+2           1.1487486660E+3           -9.2093724980E+0          -1.2480846034E+2         
02/15/16                  11:18:27.1                4.5471148059E+1           2.7500000000E+1           7.8794548382E+2           1.1436897265E+3           -8.1561058423E+0          -1.4570670936E+2         
02/15/16                  11:18:32.2                4.5471206702E+1           2.7500000000E+1           7.8833069062E+2           1.1398165299E+3           -6.7340045934E+0          -1.6408376423E+2         
02/15/16                  11:18:37.3                4.5471265459E+1           2.7500000000E+1           7.8777696496E+2           1.1440015961E+3           -8.9316483730E+0          -1.2467694294E+2         
02/15/16                  11:18:42.3                4.5471324061E+1           2.7500000000E+1           7.8764026770E+2           1.1470184595E+3           -8.9977146264E+0          -1.1557526092E+2         
02/15/16                  11:18:47.4                4.5471382776E+1           2.7500000000E+1           7.8794707986E+2           1.1521848643E+3           -8.8138624156E+0          -1.2939076880E+2         
02/15/16                  11:18:52.5                4.5471441367E+1           2.7487500000E+1           7.8773290152E+2           1.1610740451E+3           -9.3639772719E+0          -1.3669826754E+2         
02/15/16                  11:18:57.5                4.5471499975E+1           2.7458333330E+1           7.8785478069E+2           1.1723800896E+3           -8.6283875397E+0          -1.3896885817E+2         
02/15/16                  11:19:02.6                4.5471558632E+1           2.7462500000E+1           7.8797852577E+2           1.1926496468E+3           -7.9051687124E+0          -1.3582959200E+2         
02/15/16                  11:19:09.5                4.5471638280E+1           2.7437500000E+1           7.8785252096E+2           1.2352301592E+3           -9.2953117404E+0          -1.3601977407E+2         
02/15/16                  11:19:14.6                4.5471696833E+1           2.7437500000E+1           7.8827426221E+2           1.2598534724E+3           -7.3371061489E+0          -1.5389066530E+2         
02/15/16                  11:19:19.6                4.5471755698E+1           2.7437500000E+1           7.8817617825E+2           1.2819211587E+3           -8.5558695671E+0          -1.5753024969E+2         
02/15/16                  11:19:24.7                4.5471814443E+1           2.7437500000E+1           7.8832257539E+2           1.2992287384E+3           -7.7261096657E+0          -1.6186035026E+2         
02/15/16                  11:19:29.8                4.5471873074E+1           2.7437500000E+1           7.8822954109E+2           1.3508742257E+3           -8.1351824866E+0          -1.4677554216E+2         
02/15/16                  11:19:34.9                4.5471931982E+1           2.7437500000E+1           7.8804033566E+2           1.4619107802E+3           -1.0040362788E+1          -1.3938381039E+2         
02/15/16                  11:19:40.0                4.5471990796E+1           2.7437500000E+1           7.8796580789E+2           1.6040000357E+3           -1.1460140039E+1          -1.4464826039E+2         
02/15/16                  11:19:45.0                4.5472049524E+1           2.7437500000E+1           7.8802548803E+2           1.7370129601E+3           -1.1555113620E+1          -1.4022427762E+2         
02/15/16                  11:19:50.1                4.5472108390E+1           2.7437500000E+1           7.8787823700E+2           1.8513653768E+3           -1.3163913170E+1          -1.4531188760E+2         
02/15/16                  11:19:55.2                4.5472167070E+1           2.7437500000E+1           7.8792114200E+2           1.9401216124E+3           -1.3436537264E+1          -1.4021678962E+2         
02/15/16                  11:20:00.3                4.5472226127E+1           2.7437500000E+1           7.8782769959E+2           2.0082994442E+3           -1.3958659588E+1          -1.3894563629E+2         
02/15/16                  11:20:07.2                4.5472305950E+1           2.7437500000E+1           7.8823871660E+2           2.0744640974E+3           -1.2942845766E+1          -1.5610438234E+2         
02/15/16                  11:20:12.3                4.5472364703E+1           2.7437500000E+1           7.8818232400E+2           2.1186454679E+3           -1.3511583954E+1          -1.5288221550E+2         
02/15/16                  11:20:17.3                4.5472423548E+1           2.7450000000E+1           7.8770611505E+2           2.1565634438E+3           -1.5000681042E+1          -1.3861389247E+2         
02/15/16                  11:20:22.4                4.5472482192E+1           2.7450000000E+1           7.8762831921E+2           2.1880314668E+3           -1.5423485746E+1          -1.3702215644E+2         
02/15/16                  11:20:27.5                4.5472540902E+1           2.7500000000E+1           7.8787706929E+2           2.2113063170E+3           -1.4829929881E+1          -1.5115640697E+2         
02/15/16                  11:20:32.6                4.5472600024E+1           2.7500000000E+1           7.8807595831E+2           2.2282078285E+3           -1.4053880424E+1          -1.4830441810E+2         
02/15/16                  11:20:37.7                4.5472658749E+1           2.7487500000E+1           7.8819902637E+2           2.2422163533E+3           -1.4197886756E+1          -1.6001028065E+2         
02/15/16                  11:20:42.7                4.5472717590E+1           2.7450000000E+1           7.8800145901E+2           2.2618767580E+3           -1.4728632767E+1          -1.5193663148E+2         
02/15/16                  11:20:47.8                4.5472776205E+1           2.7475000000E+1           7.8843083097E+2           2.2803477666E+3           -1.3483184984E+1          -1.5938707634E+2         
02/15/16                  11:20:52.9                4.5472834880E+1           2.7437500000E+1           7.8795038955E+2           2.3050343063E+3           -1.4867623881E+1          -1.3934284704E+2         
02/15/16                  11:20:58.0                4.5472893811E+1           2.7437500000E+1           7.8801791457E+2           2.3207108295E+3           -1.5050199114E+1          -1.5197197924E+2         
02/15/16                  11:21:04.9                4.5472973727E+1           2.7437500000E+1           7.8832250641E+2           2.3284557815E+3           -1.3967355790E+1          -1.5654705379E+2         
02/15/16                  11:21:10.0                4.5473032528E+1           2.7437500000E+1           7.8813697629E+2           2.3355165043E+3           -1.4453844655E+1          -1.5610116404E+2         
02/15/16                  11:21:15.0                4.5473091301E+1           2.7437500000E+1           7.8804902634E+2           2.3405567285E+3           -1.4750423571E+1          -1.5084514314E+2         
02/15/16                  11:21:20.1                4.5473150062E+1           2.7437500000E+1           7.8776166803E+2           2.3467236974E+3           -1.5498209100E+1          -1.3809545865E+2         
02/15/16                  11:21:25.2                4.5473208846E+1           2.7437500000E+1           7.8796031036E+2           2.3518831410E+3           -1.5318469002E+1          -1.4839620893E+2         
02/15/16                  11:21:30.3                4.5473267705E+1           2.7437500000E+1           7.8837155192E+2           2.3569764440E+3           -1.4098372235E+1          -1.5649094135E+2         
02/15/16                  11:21:35.4                4.5473326756E+1           2.7437500000E+1           7.8802986613E+2           2.3670076957E+3           -1.5160646033E+1          -1.4627108444E+2         
02/15/16                  11:21:40.5                4.5473385567E+1           2.7450000000E+1           7.8805818776E+2           2.3742477046E+3           -1.5323299248E+1          -1.5504709043E+2         
02/15/16                  11:21:45.5                4.5473444303E+1           2.7437500000E+1           7.8754509548E+2           2.3837878795E+3           -1.6742236844E+1          -1.3751748634E+2         
02/15/16                  11:21:50.6                4.5473503113E+1           2.7437500000E+1           7.8780657262E+2           2.3883377217E+3           -1.5765567175E+1          -1.4330339113E+2         
02/15/16                  11:21:55.7                4.5473561793E+1           2.7450000000E+1           7.8821084407E+2           2.3915608329E+3           -1.4412320321E+1          -1.5581769803E+2         
02/15/16                  11:22:02.6                4.5473641783E+1           2.7462500000E+1           7.8812349120E+2           2.4016279043E+3           -1.4958883747E+1          -1.5309142838E+2         
02/15/16                  11:22:07.7                4.5473700676E+1           2.7437500000E+1           7.8803991387E+2           2.4090183617E+3           -1.4790591880E+1          -1.5168673987E+2         
02/15/16                  11:22:12.8                4.5473759557E+1           2.7437500000E+1           7.8810788851E+2           2.4130006239E+3           -1.4698067972E+1          -1.4806025789E+2         
02/15/16                  11:22:17.9                4.5473818477E+1           2.7437500000E+1           7.8785620317E+2           2.4194353506E+3           -1.5603461674E+1          -1.4344433179E+2         
02/15/16                  11:22:22.9                4.5473877203E+1           2.7437500000E+1           7.8797550558E+2           2.4224626947E+3           -1.5353383658E+1          -1.4072351630E+2         
02/15/16                  11:22:28.0                4.5473935945E+1           2.7437500000E+1           7.8782502539E+2           2.4264893130E+3           -1.6152114005E+1          -1.3965162442E+2         
02/15/16                  11:22:33.1                4.5473994612E+1           2.7437500000E+1           7.8783210842E+2           2.4287947742E+3           -1.5822332662E+1          -1.4848203987E+2         
02/15/16                  11:22:38.2                4.5474053491E+1           2.7437500000E+1           7.8788922626E+2           2.4314935949E+3           -1.5573743624E+1          -1.4247502797E+2         
02/15/16                  11:22:43.2                4.5474112208E+1           2.7437500000E+1           7.8823450248E+2           2.4348599069E+3           -1.4906596542E+1          -1.5644101305E+2         
02/15/16                  11:22:48.3                4.5474170897E+1           2.7437500000E+1           7.8846860964E+2           2.4353008273E+3           -1.4352943374E+1          -1.6308097922E+2         
02/15/16                  11:22:53.4                4.5474229690E+1           2.7437500000E+1           7.8831086829E+2           2.4408128406E+3           -1.4529938158E+1          -1.5849419569E+2         
02/15/16                  11:23:00.3                4.5474309728E+1           2.7437500000E+1           7.8822403330E+2           2.4523085009E+3           -1.5037859583E+1          -1.5678180997E+2         
02/15/16                  11:23:05.4                4.5474368401E+1           2.7437500000E+1           7.8802704263E+2           2.4586771840E+3           -1.5545766639E+1          -1.4973593636E+2         
02/15/16                  11:23:10.5                4.5474427214E+1           2.7437500000E+1           7.8798289501E+2           2.4589672407E+3           -1.5441407173E+1          -1.4768610642E+2         
02/15/16                  11:23:15.6                4.5474486179E+1           2.7437500000E+1           7.8803433087E+2           2.4609054352E+3           -1.5729293249E+1          -1.4780191852E+2         
02/15/16                  11:23:20.6                4.5474544643E+1           2.7437500000E+1           7.8801111871E+2           2.4592184963E+3           -1.4387663176E+1          -1.4692480176E+2         
02/15/16                  11:23:25.8                4.5474604266E+1           2.7437500000E+1           7.8810245742E+2           2.4439866752E+3           -1.5075136065E+1          -1.4846972928E+2         
02/15/16                  11:23:30.8                4.5474662909E+1           2.7437500000E+1           7.8792816477E+2           2.4860928475E+3           -1.5913800658E+1          -1.4551600721E+2         
02/15/16                  11:23:35.9                4.5474721616E+1           2.7437500000E+1           7.8807402008E+2           2.5551203122E+3           -1.6176031120E+1          -1.4680707940E+2         
02/15/16                  11:23:41.0                4.5474780176E+1           2.7437500000E+1           7.8829908741E+2           2.4746986838E+3           -1.4821577743E+1          -1.5639474828E+2         
02/15/16                  11:23:46.0                4.5474838814E+1           2.7437500000E+1           7.8802433795E+2           1.9939633363E+3           -1.4138272663E+1          -1.4773900482E+2         
02/15/16                  11:23:51.1                4.5474897642E+1           2.7437500000E+1           7.8758822881E+2           1.6035307385E+3           -1.4372710717E+1          -1.3038266173E+2         
02/15/16                  11:23:58.0                4.5474977533E+1           2.7437500000E+1           7.8791093887E+2           1.3311391023E+3           -1.1865492810E+1          -1.4523552307E+2         
02/15/16                  11:24:03.1                4.5475036271E+1           2.7437500000E+1           7.8800268998E+2           1.2418555301E+3           -1.0361013468E+1          -1.4390003626E+2         
02/15/16                  11:24:08.2                4.5475094947E+1           2.7437500000E+1           7.8794660758E+2           1.1992704124E+3           -9.4178824062E+0          -1.3746850133E+2         
02/15/16                  11:24:13.2                4.5475153773E+1           2.7437500000E+1           7.8753165427E+2           1.1810036894E+3           -1.1335392521E+1          -1.1855055761E+2         
02/15/16                  11:24:18.3                4.5475212720E+1           2.7437500000E+1           7.8793116743E+2           1.1663300715E+3           -8.5890452754E+0          -1.4086743740E+2         
02/15/16                  11:24:23.4                4.5475271646E+1           2.7425000000E+1           7.8797571920E+2           1.1603586064E+3           -8.5935299684E+0          -1.4354046822E+2         
02/15/16                  11:24:28.5                4.5475330019E+1           2.7437500000E+1           7.8767390871E+2           1.1570411932E+3           -1.0363003185E+1          -1.3044381662E+2         
02/15/16                  11:24:33.5                4.5475388736E+1           2.7437500000E+1           7.8800572722E+2           1.1479576210E+3           -8.0339159201E+0          -1.5147257551E+2         
02/15/16                  11:24:38.6                4.5475447496E+1           2.7437500000E+1           7.8753439551E+2           1.1455845369E+3           -1.1601109450E+1          -1.1646804168E+2         
02/15/16                  11:24:43.7                4.5475506093E+1           2.7437500000E+1           7.8764427251E+2           1.1409535064E+3           -1.0067904944E+1          -1.1629601105E+2         
02/15/16                  11:24:48.8                4.5475565118E+1           2.7437500000E+1           7.8788246128E+2           1.1366838329E+3           -9.4631778452E+0          -1.2786317572E+2         
02/15/16                  11:24:55.7                4.5475645049E+1           2.7412500000E+1           7.8794622482E+2           1.1329509011E+3           -8.2958445022E+0          -1.4610666669E+2         
02/15/16                  11:25:00.7                4.5475703664E+1           2.7400000000E+1           7.8757232256E+2           1.1333681911E+3           -1.0549358130E+1          -1.1278995898E+2         
02/15/16                  11:25:05.8                4.5475762490E+1           2.7375000000E+1           7.8813648984E+2           1.1284020090E+3           -7.0907700512E+0          -1.4774501517E+2         
02/15/16                  11:25:10.9                4.5475821389E+1           2.7387500000E+1           7.8815988467E+2           1.1293241656E+3           -7.4249392737E+0          -1.5831627988E+2         
02/15/16                  11:25:16.0                4.5475880296E+1           2.7395833330E+1           7.8806181591E+2           1.1320116827E+3           -7.1651145854E+0          -1.4981910893E+2         
02/15/16                  11:25:21.1                4.5475938865E+1           2.7375000000E+1           7.8795679756E+2           1.1510560117E+3           -8.7942862249E+0          -1.4101113683E+2         
02/15/16                  11:25:26.1                4.5475997576E+1           2.7387500000E+1           7.8788357290E+2           1.2494832297E+3           -1.0277365247E+1          -1.4123693361E+2         
02/15/16                  11:25:31.2                4.5476056266E+1           2.7375000000E+1           7.8794953736E+2           1.4544320047E+3           -1.1442830927E+1          -1.3397470328E+2         
02/15/16                  11:25:36.3                4.5476114973E+1           2.7375000000E+1           7.8840334827E+2           1.6734519991E+3           -1.1148737172E+1          -1.5480226205E+2         
02/15/16                  11:25:41.4                4.5476173623E+1           2.7395833330E+1           7.8819178977E+2           1.8518279910E+3           -1.2358331182E+1          -1.4902913401E+2         
02/15/16                  11:25:46.4                4.5476232541E+1           2.7412500000E+1           7.8787026277E+2           1.9803237850E+3           -1.4352964131E+1          -1.3636642890E+2         
02/15/16                  11:25:53.3                4.5476312376E+1           2.7375000000E+1           7.8810368456E+2           2.0909984939E+3           -1.4330219839E+1          -1.4700103057E+2         
02/15/16                  11:25:58.4                4.5476371013E+1           2.7375000000E+1           7.8817778227E+2           2.1460245349E+3           -1.4005152573E+1          -1.4803014739E+2         
02/15/16                  11:26:03.5                4.5476429680E+1           2.7375000000E+1           7.8816496467E+2           2.1917138013E+3           -1.4608908862E+1          -1.5470754228E+2         
02/15/16                  11:26:08.5                4.5476488341E+1           2.7375000000E+1           7.8815581827E+2           2.2266565058E+3           -1.4612541932E+1          -1.5366175120E+2         
02/15/16                  11:26:13.6                4.5476547125E+1           2.7375000000E+1           7.8802326962E+2           2.2558311086E+3           -1.5409560530E+1          -1.4632919513E+2         
02/15/16                  11:26:18.7                4.5476605828E+1           2.7375000000E+1           7.8775042535E+2           2.2807946332E+3           -1.6003423730E+1          -1.3659961592E+2         
02/15/16                  11:26:23.7                4.5476664351E+1           2.7375000000E+1           7.8827988199E+2           2.2955599822E+3           -1.4438656911E+1          -1.5442698176E+2         
02/15/16                  11:26:28.8                4.5476722984E+1           2.7375000000E+1           7.8794129267E+2           2.3166876756E+3           -1.5873136843E+1          -1.4208494838E+2         
02/15/16                  11:26:33.9                4.5476781813E+1           2.7387500000E+1           7.8761994252E+2           2.3363024994E+3           -1.6632388169E+1          -1.3307992762E+2         
02/15/16                  11:26:39.0                4.5476840592E+1           2.7375000000E+1           7.8798485995E+2           2.3532120379E+3           -1.5887937843E+1          -1.5273235959E+2         
02/15/16                  11:26:44.1                4.5476899384E+1           2.7387500000E+1           7.8763152050E+2           2.3734982598E+3           -1.6733171398E+1          -1.3928916564E+2         
02/15/16                  11:26:51.0                4.5476979294E+1           2.7387500000E+1           7.8813574836E+2           2.3908271375E+3           -1.5502583385E+1          -1.4915570910E+2         
02/15/16                  11:26:56.0                4.5477038006E+1           2.7375000000E+1           7.8798205044E+2           2.4024793142E+3           -1.6110678502E+1          -1.4563589672E+2         
02/15/16                  11:27:01.1                4.5477096774E+1           2.7412500000E+1           7.8803313983E+2           2.4118355096E+3           -1.5641402282E+1          -1.4118158470E+2         
02/15/16                  11:27:06.2                4.5477155566E+1           2.7400000000E+1           7.8760844770E+2           2.4625759061E+3           -1.6953189881E+1          -1.3465755798E+2         
02/15/16                  11:27:11.3                4.5477214411E+1           2.7375000000E+1           7.8823726726E+2           2.4624890070E+3           -1.5681912106E+1          -1.5769411846E+2         
