DATE                      TIME                      DAYS_SINCE_JAN            DAS_TEMP_(C)              BASELINE                  H2O                       D_1816                    D_DH                     
02/11/16                  12:30:43.9                4.1521342224E+1           2.0453125000E+1           7.8751250039E+2           2.3351328846E+1           8.0959227319E+2           1.0386833127E+3          
02/11/16                  12:30:50.5                4.1521418869E+1           2.0437500000E+1           7.8722556466E+2           2.6456727835E+1           5.8158023977E+2           1.8688071092E+3          
02/11/16                  12:30:59.6                4.1521524227E+1           2.0491071430E+1           7.8765249243E+2           2.4373860591E+1           7.3722243805E+2           -7.3960002530E+2         
02/11/16                  12:31:06.4                4.1521602061E+1           2.0500000000E+1           7.8724728298E+2           2.5377507899E+1           6.3155004691E+2           1.0785515143E+2          
02/11/16                  12:31:13.4                4.1521683833E+1           2.0500000000E+1           7.8713528436E+2           2.3301837396E+1           7.4174040737E+2           1.4937402700E+3          
02/11/16                  12:31:20.8                4.1521768885E+1           2.0500000000E+1           7.8726885876E+2           2.5891504283E+1           6.2746989181E+2           1.7413207701E+3          
02/11/16                  12:31:27.7                4.1521848596E+1           2.0512500000E+1           7.8738594434E+2           2.4028798295E+1           7.2977054982E+2           1.2645323188E+3          
02/11/16                  12:31:34.9                4.1521932148E+1           2.0562500000E+1           7.8723639908E+2           2.4537244968E+1           6.3256883776E+2           6.5114663507E+2          
02/11/16                  12:31:42.2                4.1522016546E+1           2.0562500000E+1           7.8701686715E+2           2.5784782234E+1           5.8523265874E+2           1.9310076243E+3          
02/11/16                  12:31:49.2                4.1522097926E+1           2.0625000000E+1           7.8735055243E+2           2.5765266265E+1           6.0067162630E+2           5.5805145396E+2          
02/11/16                  12:31:56.4                4.1522181341E+1           2.0625000000E+1           7.8724698359E+2           2.4390347835E+1           6.9389690444E+2           1.6071419286E+3          
02/11/16                  12:32:03.7                4.1522265097E+1           2.0637500000E+1           7.8724314003E+2           2.3691591299E+1           7.0418661348E+2           6.3356760993E+2          
02/11/16                  12:32:10.8                4.1522347965E+1           2.0696428570E+1           7.8672346156E+2           2.7153880052E+1           5.1325702956E+2           2.8434981942E+3          
02/11/16                  12:32:20.2                4.1522456291E+1           2.0750000000E+1           7.8735098496E+2           2.3700183803E+1           7.0731830558E+2           1.4441777002E+3          
02/11/16                  12:32:27.2                4.1522537482E+1           2.0758928570E+1           7.8705539954E+2           2.3976127627E+1           6.6825880717E+2           1.4690882524E+3          
02/11/16                  12:32:34.3                4.1522619717E+1           2.0750000000E+1           7.8700821393E+2           2.7894628057E+1           4.9601818773E+2           2.1118199962E+3          
02/11/16                  12:32:41.3                4.1522700301E+1           2.0741071430E+1           7.8723007145E+2           2.5131158933E+1           5.8467223570E+2           1.2080555802E+3          
02/11/16                  12:32:48.3                4.1522781742E+1           2.0750000000E+1           7.8711777457E+2           2.5459044563E+1           6.2314739908E+2           1.4853517561E+3          
02/11/16                  12:32:55.2                4.1522862059E+1           2.0723214290E+1           7.8724486872E+2           2.3542482912E+1           6.8823886450E+2           9.6565568111E+2          
02/11/16                  12:33:02.6                4.1522946855E+1           2.0723214290E+1           7.8706213432E+2           2.3804306973E+1           6.4310441640E+2           1.5943467969E+3          
02/11/16                  12:33:09.5                4.1523027579E+1           2.0812500000E+1           7.8709962681E+2           2.5177578731E+1           5.7530931683E+2           2.4082739733E+3          
02/11/16                  12:33:16.7                4.1523110745E+1           2.0812500000E+1           7.8708643712E+2           2.5166682262E+1           5.5677159480E+2           1.8879052540E+3          
02/11/16                  12:33:23.9                4.1523193312E+1           2.0825000000E+1           7.8704163388E+2           2.4121902241E+1           6.5592824629E+2           2.3566782982E+3          
02/11/16                  12:33:31.0                4.1523275541E+1           2.0812500000E+1           7.8735853499E+2           2.4037785876E+1           6.1899726157E+2           4.8567956521E+2          
02/11/16                  12:33:40.8                4.1523389274E+1           2.0812500000E+1           7.8743181517E+2           2.4443573028E+1           6.6509616712E+2           3.8642024793E+1          
02/11/16                  12:33:48.1                4.1523473608E+1           2.0830357140E+1           7.8713857405E+2           2.5138232401E+1           6.2849481877E+2           1.7534334522E+3          
02/11/16                  12:33:55.1                4.1523554752E+1           2.0734375000E+1           7.8714507207E+2           2.4446868795E+1           6.3207983551E+2           2.7958276852E+3          
02/11/16                  12:34:02.2                4.1523637213E+1           2.0697916670E+1           7.8733948225E+2           2.2701276978E+1           7.4755386272E+2           2.5730085202E+2          
02/11/16                  12:34:09.0                4.1523716130E+1           2.0675000000E+1           7.8732166815E+2           2.2794826752E+1           7.3969296410E+2           3.2395914009E+2          
02/11/16                  12:34:15.9                4.1523795759E+1           2.0607142860E+1           7.8708505617E+2           2.5484164718E+1           5.7770297859E+2           2.5241276016E+3          
02/11/16                  12:34:22.6                4.1523873073E+1           2.0572916670E+1           7.8714993269E+2           2.4444813427E+1           6.4903474207E+2           2.4635002788E+3          
02/11/16                  12:34:29.3                4.1523951062E+1           2.0562500000E+1           7.8718906668E+2           2.2548323133E+1           7.3564188374E+2           1.7549779615E+3          
02/11/16                  12:34:36.0                4.1524028878E+1           2.0589285710E+1           7.8728445505E+2           2.1135295938E+1           8.5210628137E+2           9.0512050633E+2          
02/11/16                  12:34:42.7                4.1524105652E+1           2.0609375000E+1           7.8696783483E+2           2.5904849054E+1           5.3001271536E+2           2.7574683507E+3          
02/11/16                  12:34:49.4                4.1524183640E+1           2.0625000000E+1           7.8717022195E+2           2.3659283665E+1           7.0027361921E+2           2.3156991820E+3          
02/11/16                  12:34:58.3                4.1524285929E+1           2.0625000000E+1           7.8727687152E+2           2.1893579972E+1           7.8105016929E+2           1.8260552510E+3          
02/11/16                  12:35:04.8                4.1524361473E+1           2.0607142860E+1           7.8707922990E+2           2.3955930875E+1           6.3301348352E+2           2.2920272569E+3          
02/11/16                  12:35:11.3                4.1524437359E+1           2.0607142860E+1           7.8729630142E+2           2.1320248830E+1           7.6795127439E+2           1.0004570334E+3          
02/11/16                  12:35:18.1                4.1524515696E+1           2.0607142860E+1           7.8640067980E+2           2.6005111145E+1           4.8395700179E+2           5.2652141284E+3          
02/11/16                  12:35:25.2                4.1524597934E+1           2.0625000000E+1           7.8716521484E+2           2.3134424358E+1           7.2489755763E+2           2.5123000933E+3          
02/11/16                  12:35:31.9                4.1524674947E+1           2.0645833330E+1           7.8725131705E+2           2.0487114677E+1           8.8617534389E+2           2.6609203532E+3          
02/11/16                  12:35:38.4                4.1524751041E+1           2.0687500000E+1           7.8726480927E+2           2.0876435758E+1           8.8407019479E+2           1.7048747853E+3          
02/11/16                  12:35:45.0                4.1524826911E+1           2.0705357140E+1           7.8737166252E+2           2.1203130713E+1           8.5479026607E+2           1.5804355944E+3          
02/11/16                  12:35:51.7                4.1524904742E+1           2.0750000000E+1           7.8721806685E+2           2.1363220825E+1           8.5805517819E+2           2.5044824779E+3          
02/11/16                  12:35:58.4                4.1524982281E+1           2.0750000000E+1           7.8744960515E+2           2.0654933342E+1           9.1612755671E+2           1.3690834039E+3          
02/11/16                  12:36:05.2                4.1525061064E+1           2.0705357140E+1           7.8736931860E+2           2.0888478852E+1           9.0542425564E+2           7.6345692662E+2          
02/11/16                  12:36:14.1                4.1525164039E+1           2.0732142860E+1           7.8717276753E+2           2.2818173811E+1           7.3540994093E+2           1.8581810292E+3          
02/11/16                  12:36:20.8                4.1525241693E+1           2.0739583330E+1           7.8677148764E+2           2.3105802901E+1           6.6116635844E+2           3.7264263044E+3          
02/11/16                  12:36:27.4                4.1525317539E+1           2.0741071430E+1           7.8756591628E+2           2.1110062987E+1           8.9926564849E+2           3.5890858944E+2          
02/11/16                  12:36:34.1                4.1525395405E+1           2.0723214290E+1           7.8727895267E+2           2.2038772289E+1           8.1092137757E+2           2.3443432043E+3          
02/11/16                  12:36:40.7                4.1525472075E+1           2.0687500000E+1           7.8762975253E+2           1.8291463514E+1           1.1413095744E+3           2.8327296186E+2          
02/11/16                  12:36:47.5                4.1525550321E+1           2.0678571430E+1           7.8771594245E+2           1.8147107556E+1           1.1503797665E+3           8.3135089088E+1          
02/11/16                  12:36:54.4                4.1525630473E+1           2.0589285710E+1           7.8734961532E+2           2.2376024573E+1           7.7852657216E+2           1.5255442403E+3          
02/11/16                  12:37:01.0                4.1525706825E+1           2.0562500000E+1           7.8743948914E+2           1.9940982704E+1           9.4871958031E+2           9.1975264388E+2          
02/11/16                  12:37:07.9                4.1525786677E+1           2.0562500000E+1           7.8733464373E+2           2.2853361880E+1           7.4659717308E+2           2.4245841432E+3          
02/11/16                  12:37:14.7                4.1525865607E+1           2.0550000000E+1           7.8732754446E+2           2.1290454140E+1           8.8478421804E+2           2.1993796273E+3          
02/11/16                  12:37:21.3                4.1525941711E+1           2.0526785710E+1           7.8734296625E+2           2.1123202812E+1           8.9061662732E+2           1.8212565362E+3          
02/11/16                  12:37:30.3                4.1526046195E+1           2.0517857140E+1           7.8714060135E+2           2.2910672967E+1           7.1984294229E+2           2.4863839481E+3          
02/11/16                  12:37:37.1                4.1526124225E+1           2.0458333330E+1           7.8723118446E+2           2.2576002398E+1           7.5946159518E+2           2.4258692686E+3          
02/11/16                  12:37:43.6                4.1526199095E+1           2.0410714290E+1           7.8778243379E+2           2.1459074206E+1           9.3785126825E+2           5.2625205127E+1          
02/11/16                  12:37:50.3                4.1526277111E+1           2.0364583330E+1           7.8739768729E+2           1.9751475005E+1           9.2094586542E+2           1.5397555111E+3          
02/11/16                  12:37:56.9                4.1526353908E+1           2.0400000000E+1           7.8776208623E+2           1.7621091877E+1           1.2501353719E+3           2.4487484986E+2          
02/11/16                  12:38:03.6                4.1526431462E+1           2.0437500000E+1           7.8772405381E+2           1.8413915634E+1           1.1406694073E+3           -5.7264730017E+2         
02/11/16                  12:38:10.0                4.1526504644E+1           2.0410714290E+1           7.8754734109E+2           2.2472573907E+1           8.8194354830E+2           8.7858885026E+2          
02/11/16                  12:38:16.6                4.1526581565E+1           2.0364583330E+1           7.8748392129E+2           2.3347020502E+1           7.3616050094E+2           1.8474702153E+3          
02/11/16                  12:38:23.0                4.1526655307E+1           2.0375000000E+1           7.8724108395E+2           2.4469074025E+1           6.6857153192E+2           2.6222556607E+3          
02/11/16                  12:38:29.4                4.1526729800E+1           2.0375000000E+1           7.8725147163E+2           2.2736699458E+1           6.8937380614E+2           2.7363178978E+3          
02/11/16                  12:38:35.9                4.1526804582E+1           2.0312500000E+1           7.8746709076E+2           2.0512322612E+1           8.2778056056E+2           4.7207022424E+2          
02/11/16                  12:38:44.4                4.1526903148E+1           2.0303571430E+1           7.8748359790E+2           2.1123248963E+1           8.7167835195E+2           1.2879318706E+3          
02/11/16                  12:38:50.8                4.1526977954E+1           2.0291666670E+1           7.8771820117E+2           1.9754951946E+1           9.2910475768E+2           -2.1474301069E+1         
02/11/16                  12:38:57.2                4.1527051288E+1           2.0260416670E+1           7.8705264811E+2           2.3547780870E+1           6.9251849453E+2           3.7023805363E+3          
02/11/16                  12:39:03.9                4.1527128795E+1           2.0258928570E+1           7.8767341640E+2           1.8316810838E+1           1.1660654950E+3           4.9664647532E+2          
02/11/16                  12:39:10.4                4.1527204806E+1           2.0234375000E+1           7.8757882990E+2           2.1812860513E+1           8.1956348772E+2           1.0719089773E+3          
02/11/16                  12:39:17.1                4.1527281377E+1           2.0107142860E+1           7.8740257191E+2           2.1970704345E+1           7.6648941463E+2           3.1249412793E+3          
02/11/16                  12:39:23.5                4.1527355872E+1           2.0031250000E+1           7.8737952542E+2           2.1030634226E+1           8.3018814182E+2           2.0138715071E+3          
02/11/16                  12:39:30.1                4.1527432573E+1           1.9937500000E+1           7.8768958703E+2           2.0548059099E+1           9.5738319076E+2           -1.5599965367E+2         
02/11/16                  12:39:36.7                4.1527509089E+1           1.9875000000E+1           7.8725715790E+2           2.3352374090E+1           6.7588506604E+2           1.9465197810E+3          
02/11/16                  12:39:43.1                4.1527582324E+1           1.9875000000E+1           7.8733643551E+2           2.1768267906E+1           8.0568677022E+2           2.5732908002E+3          
02/11/16                  12:39:49.6                4.1527657493E+1           1.9839285710E+1           7.8753811817E+2           2.2085193518E+1           7.8184799654E+2           1.8219603956E+3          
02/11/16                  12:39:58.3                4.1527759058E+1           1.9812500000E+1           7.8735978022E+2           2.2783286786E+1           8.0733198186E+2           1.2018152372E+3          
02/11/16                  12:40:04.6                4.1527832047E+1           1.9812500000E+1           7.8709996895E+2           2.4347875762E+1           6.6000260583E+2           3.2407302529E+3          
02/11/16                  12:40:11.0                4.1527905368E+1           1.9854166670E+1           7.8745491743E+2           2.1330618040E+1           8.2164558338E+2           8.6717555137E+2          
02/11/16                  12:40:17.3                4.1527979152E+1           1.9927083330E+1           7.8772997839E+2           2.1924961658E+1           8.0002819844E+2           -9.9593117320E+2         
02/11/16                  12:40:23.7                4.1528052422E+1           1.9887500000E+1           7.8753821374E+2           2.1448171835E+1           9.0178465165E+2           1.1173962305E+3          
02/11/16                  12:40:30.1                4.1528126220E+1           1.9916666670E+1           7.8776533506E+2           2.1257634320E+1           9.1395205061E+2           -9.7752038453E+2         
02/11/16                  12:40:36.3                4.1528198306E+1           1.9895833330E+1           7.8784680234E+2           2.3473766509E+1           8.7078077964E+2           8.2612528692E+2          
02/11/16                  12:40:42.6                4.1528271954E+1           1.9875000000E+1           7.8748419564E+2           2.3679624047E+1           7.4278320567E+2           1.0457205724E+3          
02/11/16                  12:40:49.1                4.1528346307E+1           1.9802083330E+1           7.8740018966E+2           2.3204585879E+1           7.8719676287E+2           2.1489180318E+3          
02/11/16                  12:40:55.6                4.1528422245E+1           1.9750000000E+1           7.8727651114E+2           2.4762184221E+1           6.9532298592E+2           2.9714486671E+3          
02/11/16                  12:41:02.0                4.1528495598E+1           1.9718750000E+1           7.8762180688E+2           2.3136820036E+1           8.2562477450E+2           1.2225150800E+3          
02/11/16                  12:41:10.1                4.1528590259E+1           1.9708333330E+1           7.8731460493E+2           2.3570842785E+1           7.4008687390E+2           2.3306585383E+3          
02/11/16                  12:41:16.6                4.1528664722E+1           1.9732142860E+1           7.8733453081E+2           2.5381903573E+1           5.9944026322E+2           1.6220454473E+3          
02/11/16                  12:41:23.3                4.1528741964E+1           1.9687500000E+1           7.8710155903E+2           2.5543922583E+1           6.3059781374E+2           2.8507819831E+3          
02/11/16                  12:41:29.6                4.1528814892E+1           1.9660714290E+1           7.8761808807E+2           2.2928559238E+1           8.1254240500E+2           5.0003838694E+2          
02/11/16                  12:41:35.9                4.1528888127E+1           1.9625000000E+1           7.8781575855E+2           2.0835938325E+1           9.4703297340E+2           4.6066731121E+1          
02/11/16                  12:41:42.2                4.1528961308E+1           1.9651785710E+1           7.8753595609E+2           2.2491160122E+1           8.4106324101E+2           1.9197034121E+3          
02/11/16                  12:41:48.5                4.1529034294E+1           1.9687500000E+1           7.8743244109E+2           2.2140697729E+1           8.0136956657E+2           2.0040724992E+3          
02/11/16                  12:41:54.8                4.1529107080E+1           1.9770833330E+1           7.8753966773E+2           2.2843618535E+1           7.2939342154E+2           1.2254802823E+3          
02/11/16                  12:42:01.1                4.1529179423E+1           1.9770833330E+1           7.8689622100E+2           2.7579854287E+1           4.7400965923E+2           3.7026822980E+3          
02/11/16                  12:42:07.6                4.1529255203E+1           1.9765625000E+1           7.8792929765E+2           2.0471319653E+1           9.7208469645E+2           -3.6728628442E+2         
02/11/16                  12:42:14.2                4.1529331843E+1           1.9854166670E+1           7.8736637126E+2           2.2327013185E+1           7.5566528197E+2           3.0317381001E+3          
02/11/16                  12:42:22.9                4.1529431720E+1           1.9937500000E+1           7.8734797888E+2           2.1141089832E+1           8.7886828469E+2           2.6907008773E+3          
02/11/16                  12:42:29.1                4.1529504161E+1           1.9937500000E+1           7.8750744309E+2           2.2806964380E+1           8.2025218894E+2           1.4106626803E+3          
02/11/16                  12:42:35.4                4.1529576722E+1           1.9979166670E+1           7.8754415814E+2           2.0731784698E+1           9.4712926668E+2           1.2512920289E+3          
02/11/16                  12:42:41.7                4.1529650393E+1           2.0093750000E+1           7.8756004904E+2           2.0834535487E+1           9.8653966615E+2           1.5924079113E+3          
02/11/16                  12:42:48.2                4.1529724967E+1           2.0187500000E+1           7.8775372924E+2           1.9724057900E+1           9.9742583158E+2           -2.7564681420E+2         
02/11/16                  12:42:54.6                4.1529799346E+1           2.0312500000E+1           7.8747199455E+2           2.1902565483E+1           8.4007253149E+2           1.3517813282E+3          
02/11/16                  12:43:00.9                4.1529871771E+1           2.0375000000E+1           7.8748040887E+2           2.1924698649E+1           8.4545661681E+2           1.4093808274E+3          
02/11/16                  12:43:07.2                4.1529944920E+1           2.0375000000E+1           7.8771612184E+2           2.0702555023E+1           1.0371678600E+3           6.4798109410E+2          
02/11/16                  12:43:13.5                4.1530018436E+1           2.0427083330E+1           7.8771072712E+2           2.1186729276E+1           9.4635451543E+2           7.1694999645E+2          
02/11/16                  12:43:19.8                4.1530090432E+1           2.0437500000E+1           7.8724916699E+2           2.2501951187E+1           8.0056174924E+2           2.0789034284E+3          
02/11/16                  12:43:26.2                4.1530164778E+1           2.0437500000E+1           7.8754203352E+2           2.1337331918E+1           9.4719527697E+2           1.1243773224E+3          
02/11/16                  12:43:34.9                4.1530265561E+1           2.0458333330E+1           7.8733685788E+2           2.2100866457E+1           8.7303441047E+2           2.0305677025E+3          
02/11/16                  12:43:41.2                4.1530338859E+1           2.0508928570E+1           7.8757234281E+2           2.2792405627E+1           7.6850081418E+2           4.2302502280E+2          
02/11/16                  12:43:47.5                4.1530411945E+1           2.0520833330E+1           7.8729684155E+2           2.1589590305E+1           8.6647103544E+2           1.9045612790E+3          
02/11/16                  12:43:53.9                4.1530485121E+1           2.0562500000E+1           7.8743533771E+2           2.1169288318E+1           8.6710806090E+2           1.9268329231E+3          
02/11/16                  12:44:00.3                4.1530559034E+1           2.0578125000E+1           7.8766118180E+2           1.9477565146E+1           1.0624970000E+3           1.4164321552E+3          
02/11/16                  12:44:06.6                4.1530632751E+1           2.0604166670E+1           7.8759310967E+2           2.1047892686E+1           9.1950061348E+2           1.0981752045E+3          
02/11/16                  12:44:12.8                4.1530704058E+1           2.0562500000E+1           7.8750745931E+2           2.0300601154E+1           8.9225505776E+2           1.3721553940E+3          
02/11/16                  12:44:19.0                4.1530775753E+1           2.0580357140E+1           7.8754345948E+2           2.2271592022E+1           8.7205953047E+2           1.2845395123E+3          
02/11/16                  12:44:25.2                4.1530847608E+1           2.0614583330E+1           7.8737049554E+2           2.1243338844E+1           8.4260542857E+2           2.8139103769E+3          
02/11/16                  12:44:31.4                4.1530920090E+1           2.0625000000E+1           7.8763176361E+2           1.8894101511E+1           1.0038063658E+3           -4.0684638175E+2         
02/11/16                  12:44:37.7                4.1530992835E+1           2.0656250000E+1           7.8756854347E+2           2.0041324723E+1           9.0345838158E+2           1.4216734213E+3          
02/11/16                  12:44:46.0                4.1531088042E+1           2.0697916670E+1           7.8719884992E+2           2.1073004947E+1           8.0433721861E+2           3.8881732968E+3          
02/11/16                  12:44:52.2                4.1531160136E+1           2.0758928570E+1           7.8825910322E+2           1.6438525646E+1           1.3433430664E+3           -4.4970575840E+3         
02/11/16                  12:44:58.5                4.1531233383E+1           2.0843750000E+1           7.8767744458E+2           1.9817318243E+1           9.3379161201E+2           1.3861161357E+2          
02/11/16                  12:45:04.8                4.1531306449E+1           2.0864583330E+1           7.8763897630E+2           1.8123535874E+1           1.0422157776E+3           1.4170057043E+2          
02/11/16                  12:45:11.2                4.1531380167E+1           2.0875000000E+1           7.8744330701E+2           1.8402385430E+1           1.0147135630E+3           8.8919640843E+2          
02/11/16                  12:45:17.6                4.1531454762E+1           2.0927083330E+1           7.8728957755E+2           1.9251857017E+1           8.6668036815E+2           1.7565284410E+3          
02/11/16                  12:45:24.0                4.1531528552E+1           2.0982142860E+1           7.8759265029E+2           1.8185664666E+1           1.0893403894E+3           8.9379439155E+2          
02/11/16                  12:45:30.3                4.1531601411E+1           2.1000000000E+1           7.8759744253E+2           1.7808832702E+1           1.1151685165E+3           1.2218275187E+3          
02/11/16                  12:45:36.6                4.1531674543E+1           2.1020833330E+1           7.8714230239E+2           2.0402486675E+1           8.3323049285E+2           3.2942034358E+3          
02/11/16                  12:45:42.9                4.1531747464E+1           2.1012500000E+1           7.8778472095E+2           1.7336537824E+1           1.1707075062E+3           -8.4135610478E+2         
02/11/16                  12:45:49.1                4.1531819295E+1           2.1041666670E+1           7.8739471936E+2           2.0556867819E+1           8.6415149917E+2           1.6340783351E+3          
02/11/16                  12:45:57.2                4.1531913189E+1           2.1062500000E+1           7.8716229779E+2           2.1778949541E+1           7.7196365753E+2           3.3087906737E+3          
02/11/16                  12:46:03.5                4.1531986053E+1           2.1098214290E+1           7.8747890624E+2           2.1073663158E+1           8.4819860229E+2           1.3559582727E+3          
02/11/16                  12:46:09.9                4.1532059035E+1           2.1125000000E+1           7.8749658236E+2           1.9891825662E+1           9.7104475139E+2           1.5731406214E+3          
02/11/16                  12:46:16.1                4.1532131395E+1           2.1145833330E+1           7.8751976437E+2           2.1380992360E+1           8.1680493186E+2           1.6684929653E+3          
02/11/16                  12:46:22.3                4.1532203218E+1           2.1125000000E+1           7.8739149428E+2           2.1887547141E+1           8.0658763862E+2           1.9998517047E+3          
02/11/16                  12:46:28.6                4.1532276170E+1           2.1062500000E+1           7.8739573409E+2           2.2441248083E+1           7.5635698693E+2           1.8064589798E+3          
02/11/16                  12:46:34.9                4.1532348758E+1           2.1083333330E+1           7.8753398147E+2           2.0467808295E+1           9.0688923893E+2           1.0780094669E+3          
02/11/16                  12:46:41.1                4.1532420898E+1           2.1098214290E+1           7.8715485062E+2           2.2772779199E+1           7.1373829195E+2           2.9774016783E+3          
02/11/16                  12:46:47.3                4.1532492647E+1           2.1041666670E+1           7.8747147580E+2           2.1424562774E+1           8.1775774516E+2           6.6254891683E+2          
02/11/16                  12:46:53.5                4.1532564702E+1           2.1000000000E+1           7.8749630063E+2           1.9051734813E+1           9.9809306952E+2           2.0050028535E+3          
02/11/16                  12:46:59.8                4.1532636779E+1           2.1031250000E+1           7.8767284323E+2           2.0519915240E+1           8.9248458053E+2           1.2599590861E+3          
02/11/16                  12:47:07.8                4.1532729870E+1           2.1062500000E+1           7.8755651865E+2           1.9239552601E+1           9.9182834690E+2           8.1571324290E+2          
02/11/16                  12:47:14.0                4.1532801882E+1           2.1125000000E+1           7.8790207057E+2           1.7461146387E+1           1.2345548025E+3           -1.6159200690E+3         
02/11/16                  12:47:20.2                4.1532873705E+1           2.1125000000E+1           7.8736416827E+2           1.9493848594E+1           9.2278076926E+2           2.9916734996E+3          
02/11/16                  12:47:26.5                4.1532946166E+1           2.1093750000E+1           7.8788767511E+2           1.9165247166E+1           1.0123780647E+3           -6.9860268918E+2         
02/11/16                  12:47:32.7                4.1533017907E+1           2.1125000000E+1           7.8727122272E+2           2.1227932272E+1           8.2475436544E+2           1.8190266085E+3          
02/11/16                  12:47:38.9                4.1533090218E+1           2.1062500000E+1           7.8806526500E+2           1.8665336970E+1           1.0492651037E+3           -2.2038470494E+3         
02/11/16                  12:47:45.0                4.1533160823E+1           2.1010416670E+1           7.8702571524E+2           2.3042645242E+1           6.4827870692E+2           3.0254247204E+3          
02/11/16                  12:47:51.2                4.1533232332E+1           2.0958333330E+1           7.8742684457E+2           1.9855829573E+1           8.6596382976E+2           1.4468378122E+3          
02/11/16                  12:47:57.4                4.1533303972E+1           2.0901785710E+1           7.8720403102E+2           2.1103336951E+1           8.2370571929E+2           3.9369729159E+3          
02/11/16                  12:48:03.5                4.1533374859E+1           2.0875000000E+1           7.8777365988E+2           1.9256659347E+1           1.0648677529E+3           3.9908163788E+2          
02/11/16                  12:48:09.6                4.1533445140E+1           2.0843750000E+1           7.8782605565E+2           2.0501789326E+1           9.4198927774E+2           -1.0803508221E+2         
02/11/16                  12:48:17.6                4.1533537457E+1           2.0927083330E+1           7.8744766085E+2           2.1242470585E+1           7.7728148552E+2           1.9495266820E+3          
02/11/16                  12:48:23.6                4.1533607535E+1           2.0927083330E+1           7.8728497408E+2           2.0496692646E+1           8.4959544557E+2           1.9158988501E+3          
02/11/16                  12:48:29.8                4.1533678655E+1           2.0958333330E+1           7.8716176656E+2           2.1799056428E+1           7.7706535145E+2           3.2208010663E+3          
02/11/16                  12:48:35.9                4.1533749705E+1           2.0937500000E+1           7.8754899948E+2           2.0371410771E+1           9.6818679249E+2           1.8881406580E+3          
02/11/16                  12:48:42.0                4.1533819645E+1           2.0968750000E+1           7.8740550768E+2           1.9904668480E+1           8.9250225826E+2           1.5653414244E+3          
02/11/16                  12:48:48.1                4.1533890901E+1           2.1000000000E+1           7.8775767748E+2           1.9809664447E+1           1.0118389155E+3           -3.8592376865E+2         
02/11/16                  12:48:54.4                4.1533963126E+1           2.1000000000E+1           7.8729438338E+2           2.2386511672E+1           6.9841217224E+2           1.4296593666E+3          
02/11/16                  12:49:00.5                4.1534034692E+1           2.1000000000E+1           7.8751320460E+2           2.2495162591E+1           7.5834210163E+2           4.2467412642E+2          
02/11/16                  12:49:06.7                4.1534105824E+1           2.0968750000E+1           7.8770707448E+2           1.9781703607E+1           8.9460290102E+2           -1.1527658937E+3         
02/11/16                  12:49:12.9                4.1534177102E+1           2.0937500000E+1           7.8748133118E+2           1.9666473023E+1           9.3028646722E+2           4.3620171185E+2          
02/11/16                  12:49:19.1                4.1534248970E+1           2.0906250000E+1           7.8727355212E+2           2.0425573040E+1           8.0668684902E+2           1.7996540068E+3          
02/11/16                  12:49:27.0                4.1534340534E+1           2.0812500000E+1           7.8757651171E+2           2.0227753375E+1           9.3343879813E+2           1.0730581247E+3          
02/11/16                  12:49:33.0                4.1534410764E+1           2.0770833330E+1           7.8763197801E+2           2.0419209978E+1           8.7613306310E+2           -4.9541665800E+2         
02/11/16                  12:49:39.2                4.1534482520E+1           2.0750000000E+1           7.8745167289E+2           2.1293875893E+1           8.6203225239E+2           1.5389349919E+3          
02/11/16                  12:49:45.4                4.1534553480E+1           2.0750000000E+1           7.8757339735E+2           2.0831929135E+1           9.1010402902E+2           1.1026469965E+3          
02/11/16                  12:49:51.7                4.1534627077E+1           2.0750000000E+1           7.8754640391E+2           2.2042998895E+1           7.8245375474E+2           5.3924563901E+2          
02/11/16                  12:49:57.9                4.1534698800E+1           2.0750000000E+1           7.8750871706E+2           2.0062360987E+1           9.3564137095E+2           2.5314306583E+3          
02/11/16                  12:50:03.6                4.1534763970E+1           2.0781250000E+1           7.8746265365E+2           2.0295513197E+1           9.0483423685E+2           1.5167460368E+3          
02/11/16                  12:50:09.5                4.1534833035E+1           2.0812500000E+1           7.8766844825E+2           2.2903777993E+1           8.6109382872E+2           1.0116786812E+3          
02/11/16                  12:50:15.5                4.1534902598E+1           2.0875000000E+1           7.8740505596E+2           2.2382749391E+1           7.7701288768E+2           2.1234644247E+3          
02/11/16                  12:50:21.6                4.1534972596E+1           2.0875000000E+1           7.8756073429E+2           2.2930517068E+1           7.3426016332E+2           5.5376536104E+2          
02/11/16                  12:50:27.7                4.1535043880E+1           2.0875000000E+1           7.8751495965E+2           2.2041502528E+1           8.8333255429E+2           1.7008828850E+3          
02/11/16                  12:50:35.8                4.1535136733E+1           2.0885416670E+1           7.8732598463E+2           2.2710931839E+1           7.1066792877E+2           1.8210530590E+3          
02/11/16                  12:50:41.8                4.1535207162E+1           2.0937500000E+1           7.8775762318E+2           1.9900865287E+1           1.0006057163E+3           -3.7715214476E+2         
02/11/16                  12:50:47.9                4.1535277350E+1           2.0937500000E+1           7.8795676918E+2           1.9858953421E+1           1.0091753040E+3           -1.0740323591E+3         
02/11/16                  12:50:54.0                4.1535347449E+1           2.0875000000E+1           7.8726521632E+2           2.4061251596E+1           7.0204129197E+2           2.4649899298E+3          
02/11/16                  12:51:00.1                4.1535418033E+1           2.0843750000E+1           7.8764591437E+2           2.0421423560E+1           8.8055673467E+2           7.2274769583E+2          
02/11/16                  12:51:06.2                4.1535489001E+1           2.0812500000E+1           7.8730824142E+2           2.5381485777E+1           6.4964335945E+2           2.7697298064E+3          
02/11/16                  12:51:12.1                4.1535557868E+1           2.0770833330E+1           7.8755153219E+2           2.1802865699E+1           7.8739356011E+2           -8.0797761804E+1         
02/11/16                  12:51:18.1                4.1535626787E+1           2.0750000000E+1           7.8767657444E+2           2.1252526138E+1           8.7485624748E+2           4.0056007867E+2          
02/11/16                  12:51:24.2                4.1535696965E+1           2.0791666670E+1           7.8733141130E+2           2.2459548946E+1           8.4199237547E+2           3.1494161558E+3          
02/11/16                  12:51:30.3                4.1535768258E+1           2.0812500000E+1           7.8733010070E+2           2.1480994452E+1           7.6555272228E+2           9.1839081827E+2          
02/11/16                  12:51:36.3                4.1535837019E+1           2.0833333330E+1           7.8760469772E+2           2.0349603690E+1           9.0278919045E+2           3.7795324231E+2          
02/11/16                  12:51:44.1                4.1535928113E+1           2.0885416670E+1           7.8725288639E+2           2.2017246146E+1           7.7173491468E+2           2.0517813232E+3          
02/11/16                  12:51:50.3                4.1535999111E+1           2.0937500000E+1           7.8739719204E+2           2.1188414149E+1           7.9996645823E+2           2.1803445246E+3          
02/11/16                  12:51:56.3                4.1536069062E+1           2.0958333330E+1           7.8755650373E+2           2.0071179579E+1           8.6293443293E+2           5.7120806000E+2          
02/11/16                  12:52:02.6                4.1536141522E+1           2.1000000000E+1           7.8760327889E+2           2.0338519883E+1           8.8461679235E+2           1.2156163943E+3          
02/11/16                  12:52:08.8                4.1536213262E+1           2.1000000000E+1           7.8729093419E+2           2.1890407266E+1           7.9143986037E+2           2.7511905844E+3          
02/11/16                  12:52:14.9                4.1536284075E+1           2.1000000000E+1           7.8765846611E+2           2.1373212539E+1           8.5070711524E+2           2.6730771589E+1          
02/11/16                  12:52:20.7                4.1536351264E+1           2.1062500000E+1           7.8746363981E+2           2.1270592824E+1           8.3137335495E+2           2.0853772779E+3          
02/11/16                  12:52:26.5                4.1536418743E+1           2.1114583330E+1           7.8748621060E+2           2.1350111567E+1           8.1603551819E+2           7.0154585954E+2          
02/11/16                  12:52:32.5                4.1536488029E+1           2.1187500000E+1           7.8759652196E+2           2.0631418757E+1           9.1115200103E+2           -6.7042592901E+1         
02/11/16                  12:52:38.5                4.1536557438E+1           2.1250000000E+1           7.8714386657E+2           2.2876677596E+1           7.1028751205E+2           2.5050172801E+3          
02/11/16                  12:52:44.5                4.1536626619E+1           2.1250000000E+1           7.8742599975E+2           2.0820233055E+1           8.7479567074E+2           9.4133228235E+2          
02/11/16                  12:52:52.4                4.1536718020E+1           2.1312500000E+1           7.8749214006E+2           2.2123069070E+1           8.0867875397E+2           2.2800005979E+3          
02/11/16                  12:52:58.3                4.1536786612E+1           2.1312500000E+1           7.8734096029E+2           2.1157793174E+1           7.8586595831E+2           2.1480635798E+3          
02/11/16                  12:53:04.2                4.1536855194E+1           2.1312500000E+1           7.8754605734E+2           1.9073146988E+1           9.2194733937E+2           -2.5507677905E+2         
02/11/16                  12:53:10.1                4.1536923318E+1           2.1333333330E+1           7.8737973777E+2           2.1943677807E+1           7.9318213219E+2           6.1064903747E+2          
02/11/16                  12:53:15.9                4.1536990177E+1           2.1375000000E+1           7.8729341756E+2           2.2423910478E+1           7.3175870940E+2           1.5644286777E+3          
02/11/16                  12:53:21.6                4.1537056710E+1           2.1416666670E+1           7.8758458586E+2           2.1722612110E+1           8.4830375736E+2           3.5133753080E+2          
02/11/16                  12:53:27.3                4.1537122377E+1           2.1437500000E+1           7.8752999572E+2           2.0879066866E+1           7.9093181234E+2           6.0136753985E+2          
02/11/16                  12:53:33.0                4.1537188356E+1           2.1468750000E+1           7.8727495027E+2           2.3850310923E+1           6.6116770114E+2           2.1133951977E+3          
02/11/16                  12:53:38.6                4.1537252562E+1           2.1489583330E+1           7.8750735910E+2           2.1023250331E+1           8.7196631898E+2           2.2185128435E+3          
02/11/16                  12:53:44.3                4.1537318898E+1           2.1500000000E+1           7.8746522340E+2           2.0244258679E+1           8.7039991110E+2           1.7279517414E+3          
02/11/16                  12:53:50.0                4.1537385276E+1           2.1500000000E+1           7.8737596108E+2           2.2650282139E+1           7.1318378452E+2           2.4309652298E+3          
02/11/16                  12:53:57.8                4.1537475176E+1           2.1489583330E+1           7.8726828454E+2           2.0678726978E+1           8.4094967750E+2           1.5060891279E+3          
02/11/16                  12:54:03.7                4.1537543386E+1           2.1500000000E+1           7.8731707126E+2           2.1076823858E+1           7.6264725390E+2           1.6152227930E+3          
02/11/16                  12:54:09.5                4.1537610244E+1           2.1500000000E+1           7.8757718482E+2           2.1155175635E+1           7.9757178016E+2           1.3664058040E+3          
02/11/16                  12:54:15.2                4.1537676919E+1           2.1500000000E+1           7.8767688952E+2           2.1270953131E+1           8.0975196927E+2           -1.5260912233E+2         
02/11/16                  12:54:21.2                4.1537745434E+1           2.1500000000E+1           7.8759778015E+2           2.0308314058E+1           8.2073514839E+2           6.0786882132E+2          
02/11/16                  12:54:27.1                4.1537814033E+1           2.1500000000E+1           7.8742572434E+2           2.1472070223E+1           7.1424956222E+2           1.0961219221E+3          
02/11/16                  12:54:33.1                4.1537883315E+1           2.1500000000E+1           7.8738153786E+2           2.1814052488E+1           7.2729917578E+2           1.1185302313E+3          
02/11/16                  12:54:38.9                4.1537950968E+1           2.1500000000E+1           7.8784983126E+2           1.9165407725E+1           9.9503879766E+2           -1.1409286268E+3         
02/11/16                  12:54:44.6                4.1538017165E+1           2.1487500000E+1           7.8697578011E+2           2.7434887864E+1           4.8175567678E+2           3.2277857339E+3          
02/11/16                  12:54:50.3                4.1538082450E+1           2.1515625000E+1           7.8704250710E+2           2.4489644179E+1           6.0467287382E+2           2.4335392219E+3          
02/11/16                  12:54:55.9                4.1538147124E+1           2.1562500000E+1           7.8734961237E+2           2.2914059962E+1           6.6553378813E+2           1.0860473361E+3          
02/11/16                  12:55:03.6                4.1538236990E+1           2.1562500000E+1           7.8764126455E+2           2.0580303218E+1           8.9098853087E+2           3.4265596870E+2          
02/11/16                  12:55:09.7                4.1538306855E+1           2.1552083330E+1           7.8735226605E+2           2.2791884216E+1           6.5643023906E+2           2.1233033292E+3          
02/11/16                  12:55:15.4                4.1538372991E+1           2.1500000000E+1           7.8748792566E+2           2.1438305228E+1           7.4175444959E+2           4.3065737397E+2          
02/11/16                  12:55:21.1                4.1538439598E+1           2.1500000000E+1           7.8740951243E+2           2.1089247642E+1           7.7943975422E+2           7.9333040813E+2          
02/11/16                  12:55:27.0                4.1538507641E+1           2.1500000000E+1           7.8694541139E+2           2.3288700914E+1           5.7995987766E+2           3.2342314524E+3          
02/11/16                  12:55:32.9                4.1538575335E+1           2.1489583330E+1           7.8744916695E+2           1.9122305085E+1           9.3076778384E+2           2.2025749039E+3          
02/11/16                  12:55:38.6                4.1538641598E+1           2.1447916670E+1           7.8751974494E+2           2.1421251740E+1           7.7402828437E+2           1.3864715560E+3          
02/11/16                  12:55:44.3                4.1538707326E+1           2.1437500000E+1           7.8723928247E+2           2.2572217879E+1           6.0435252560E+2           2.3060403778E+3          
02/11/16                  12:55:50.0                4.1538773967E+1           2.1437500000E+1           7.8733244730E+2           2.0761010937E+1           7.3858085983E+2           8.6007795597E+2          
02/11/16                  12:55:55.6                4.1538838058E+1           2.1437500000E+1           7.8721959865E+2           2.1801421608E+1           6.6044539484E+2           1.9968827319E+3          
02/11/16                  12:56:01.4                4.1538905856E+1           2.1406250000E+1           7.8738601846E+2           2.0665357266E+1           7.7824601979E+2           1.7067310987E+3          
02/11/16                  12:56:08.9                4.1538992523E+1           2.1337500000E+1           7.8709349162E+2           2.1455473074E+1           6.7069964768E+2           3.1395400565E+3          
02/11/16                  12:56:14.5                4.1539057310E+1           2.1250000000E+1           7.8750432520E+2           1.9800637836E+1           8.6957722356E+2           1.9571197962E+3          
02/11/16                  12:56:20.3                4.1539124710E+1           2.1166666670E+1           7.8748702334E+2           1.9886031360E+1           8.0812230821E+2           7.4968834067E+2          
02/11/16                  12:56:26.3                4.1539193625E+1           2.1135416670E+1           7.8746347541E+2           2.0464966775E+1           7.5314333572E+2           4.6349197377E+2          
02/11/16                  12:56:32.0                4.1539259292E+1           2.1104166670E+1           7.8719273399E+2           2.0875172025E+1           6.6717358190E+2           2.2903860568E+3          
02/11/16                  12:56:37.4                4.1539321954E+1           2.1012500000E+1           7.8743393518E+2           1.9606143500E+1           8.6613957281E+2           1.7682755544E+3          
02/11/16                  12:56:42.6                4.1539382607E+1           2.1010416670E+1           7.8780523406E+2           1.8393998968E+1           9.6243126947E+2           -2.1892696759E+3         
02/11/16                  12:56:47.9                4.1539444235E+1           2.1000000000E+1           7.8734674771E+2           2.1089367315E+1           7.3680330589E+2           1.7591153018E+3          
02/11/16                  12:56:53.1                4.1539504402E+1           2.0987500000E+1           7.8726887335E+2           1.9791095984E+1           8.1881247368E+2           1.7919777205E+3          
02/11/16                  12:56:58.6                4.1539568133E+1           2.0984375000E+1           7.8751356238E+2           1.8290253805E+1           9.9784893626E+2           9.8997340291E+2          
02/11/16                  12:57:04.3                4.1539633828E+1           2.1062500000E+1           7.8748847571E+2           2.0279546350E+1           8.6046914793E+2           1.6817053324E+3          
02/11/16                  12:57:11.6                4.1539718000E+1           2.1125000000E+1           7.8766957205E+2           1.9863213250E+1           8.9977300554E+2           5.0630075746E+2          
02/11/16                  12:57:17.0                4.1539780649E+1           2.1145833330E+1           7.8767019806E+2           2.0116535211E+1           8.3234425244E+2           -1.2880532555E+1         
02/11/16                  12:57:22.3                4.1539842338E+1           2.1200000000E+1           7.8740059414E+2           2.0545545797E+1           7.4342801890E+2           7.9917035534E+2          
02/11/16                  12:57:27.9                4.1539906944E+1           2.1177083330E+1           7.8756283312E+2           2.0070658335E+1           8.6553522209E+2           -3.1392027380E+2         
02/11/16                  12:57:33.3                4.1539969678E+1           2.1187500000E+1           7.8738454986E+2           1.7592836679E+1           1.0779034870E+3           2.5963151018E+3          
02/11/16                  12:57:38.6                4.1540030165E+1           2.1225000000E+1           7.8747035311E+2           2.1437902267E+1           7.7117503674E+2           1.9794640913E+3          
02/11/16                  12:57:44.0                4.1540093284E+1           2.1166666670E+1           7.8754890915E+2           1.8473012567E+1           9.5850169092E+2           7.2738837498E+2          
02/11/16                  12:57:49.7                4.1540159517E+1           2.1187500000E+1           7.8760710396E+2           2.0649118725E+1           8.3901172385E+2           6.9530702334E+2          
02/11/16                  12:57:55.3                4.1540223920E+1           2.1225000000E+1           7.8776922862E+2           1.9051843759E+1           1.0073036797E+3           -1.0705651970E+3         
02/11/16                  12:58:00.8                4.1540287404E+1           2.1250000000E+1           7.8764424915E+2           1.9213350681E+1           9.1553579770E+2           4.5437342766E+2          
02/11/16                  12:58:06.0                4.1540348191E+1           2.1270833330E+1           7.8777778623E+2           1.7470295204E+1           1.0191055331E+3           -1.6809332987E+3         
02/11/16                  12:58:13.4                4.1540433446E+1           2.1312500000E+1           7.8729487398E+2           2.0683683265E+1           8.2488079413E+2           1.9247831448E+3          
02/11/16                  12:58:18.8                4.1540495532E+1           2.1281250000E+1           7.8706869714E+2           2.2253269614E+1           6.4245581019E+2           3.2532401264E+3          
02/11/16                  12:58:24.2                4.1540558662E+1           2.1200000000E+1           7.8753830709E+2           2.0487300910E+1           8.2384677937E+2           2.9378629111E+2          
02/11/16                  12:58:29.6                4.1540621310E+1           2.1187500000E+1           7.8754301254E+2           1.9575830183E+1           8.6800269939E+2           -7.7948663082E+1         
02/11/16                  12:58:35.1                4.1540684223E+1           2.1187500000E+1           7.8774015056E+2           1.9785797910E+1           8.4705171577E+2           -8.5374555504E+2         
02/11/16                  12:58:40.7                4.1540749165E+1           2.1187500000E+1           7.8771708531E+2           1.9566263191E+1           9.2036164868E+2           -2.6979112768E+2         
02/11/16                  12:58:46.1                4.1540811804E+1           2.1166666670E+1           7.8740258372E+2           2.0513871410E+1           8.0858248642E+2           1.3435290642E+3          
02/11/16                  12:58:51.3                4.1540872388E+1           2.1125000000E+1           7.8730107266E+2           2.1679827680E+1           6.7656949154E+2           1.7858454139E+3          
02/11/16                  12:58:56.6                4.1540933940E+1           2.1100000000E+1           7.8751200417E+2           2.0709165362E+1           7.8955911245E+2           1.2456973575E+3          
02/11/16                  12:59:01.9                4.1540994943E+1           2.1062500000E+1           7.8753498192E+2           2.2031931461E+1           7.1983089976E+2           3.3333057685E+2          
02/11/16                  12:59:07.1                4.1541055479E+1           2.1062500000E+1           7.8776648819E+2           2.1228553486E+1           8.8431058140E+2           -7.2281987914E+2         
02/11/16                  12:59:14.3                4.1541137793E+1           2.1012500000E+1           7.8756710276E+2           2.2206475473E+1           7.2667157167E+2           7.3398241420E+2          
02/11/16                  12:59:19.6                4.1541199705E+1           2.1052083330E+1           7.8766579259E+2           2.0478871300E+1           7.9872015961E+2           -1.8183367948E+2         
02/11/16                  12:59:25.0                4.1541261839E+1           2.1112500000E+1           7.8749311348E+2           1.9982930285E+1           8.8570884591E+2           6.3038412343E+2          
02/11/16                  12:59:30.2                4.1541322270E+1           2.1150000000E+1           7.8746980967E+2           2.1261065749E+1           7.6117866085E+2           1.8743569162E+3          
02/11/16                  12:59:35.5                4.1541383763E+1           2.1187500000E+1           7.8744740685E+2           1.9988672277E+1           8.7565542211E+2           3.9468650925E+2          
02/11/16                  12:59:40.7                4.1541444360E+1           2.1187500000E+1           7.8696409092E+2           2.4181392270E+1           5.5653862751E+2           4.1239451305E+3          
02/11/16                  12:59:46.2                4.1541507169E+1           2.1208333330E+1           7.8745710769E+2           2.1634730101E+1           7.7483168861E+2           1.4843341128E+3          
02/11/16                  12:59:51.4                4.1541568066E+1           2.1250000000E+1           7.8725089625E+2           2.2383816089E+1           6.2702751199E+2           1.6919451446E+3          
02/11/16                  12:59:56.8                4.1541630657E+1           2.1262500000E+1           7.8773120502E+2           2.0473890054E+1           8.8958187148E+2           -1.1431693478E+3         
02/11/16                  13:00:01.9                4.1541689647E+1           2.1250000000E+1           7.8750072631E+2           2.0166488346E+1           9.0097994052E+2           8.0162906632E+2          
02/11/16                  13:00:07.1                4.1541749188E+1           2.1362500000E+1           7.8722091447E+2           2.0851964197E+1           7.6735845253E+2           2.8204516284E+3          
02/11/16                  13:00:14.2                4.1541831491E+1           2.1400000000E+1           7.8732036034E+2           2.1393582644E+1           7.2252598602E+2           4.5445888629E+2          
02/11/16                  13:00:19.3                4.1541890262E+1           2.1437500000E+1           7.8780226597E+2           2.0208250629E+1           8.8695787091E+2           -1.3561542405E+3         
02/11/16                  13:00:24.7                4.1541952863E+1           2.1395833330E+1           7.8745186954E+2           2.2544658006E+1           7.2152492641E+2           6.5630778243E+2          
02/11/16                  13:00:30.0                4.1542014729E+1           2.1437500000E+1           7.8747304033E+2           2.2529628298E+1           7.0748644700E+2           1.5095158724E+3          
02/11/16                  13:00:35.3                4.1542075647E+1           2.1437500000E+1           7.8712656180E+2           2.4004175590E+1           5.4310270548E+2           2.3533852736E+3          
02/11/16                  13:00:40.5                4.1542136113E+1           2.1437500000E+1           7.8742847217E+2           2.2896712223E+1           6.4793848313E+2           5.2191659618E+2          
02/11/16                  13:00:45.6                4.1542195214E+1           2.1425000000E+1           7.8755229407E+2           2.0894450574E+1           7.9546254088E+2           1.5066319228E+3          
02/11/16                  13:00:50.7                4.1542254192E+1           2.1362500000E+1           7.8730446597E+2           2.0652904961E+1           7.0290459538E+2           1.4786568988E+3          
02/11/16                  13:00:55.8                4.1542313449E+1           2.1281250000E+1           7.8730187957E+2           2.0104364032E+1           7.7874986774E+2           1.2004883770E+3          
02/11/16                  13:01:01.2                4.1542375299E+1           2.1250000000E+1           7.8721515097E+2           2.1343034835E+1           6.5775667152E+2           1.2234906400E+3          
02/11/16                  13:01:06.4                4.1542435577E+1           2.1200000000E+1           7.8741052894E+2           2.1259757122E+1           7.7503350058E+2           2.3116528712E+3          
02/11/16                  13:01:13.4                4.1542516349E+1           2.1187500000E+1           7.8760686160E+2           2.0604636797E+1           7.5986845938E+2           9.7151051859E+2          
02/11/16                  13:01:18.7                4.1542577662E+1           2.1237500000E+1           7.8777949749E+2           1.9889413798E+1           8.5595402745E+2           -1.6249481638E+2         
02/11/16                  13:01:23.9                4.1542638648E+1           2.1281250000E+1           7.8734736634E+2           2.1403644605E+1           7.4485380962E+2           1.6284566455E+3          
02/11/16                  13:01:29.4                4.1542701996E+1           2.1300000000E+1           7.8749795977E+2           2.0114071949E+1           7.8769193841E+2           2.5799421435E+2          
02/11/16                  13:01:34.6                4.1542762464E+1           2.1354166670E+1           7.8737069472E+2           1.9341179160E+1           8.6126980415E+2           6.1319987077E+2          
02/11/16                  13:01:39.8                4.1542822804E+1           2.1375000000E+1           7.8710011637E+2           2.3039685535E+1           6.0902098896E+2           2.5651770381E+3          
02/11/16                  13:01:45.0                4.1542882836E+1           2.1287500000E+1           7.8753938833E+2           2.2289052971E+1           7.2563855456E+2           1.9173858507E+3          
02/11/16                  13:01:50.1                4.1542941870E+1           2.1262500000E+1           7.8758492928E+2           2.1267376975E+1           7.2079538263E+2           -1.5891560395E+2         
02/11/16                  13:01:55.2                4.1543001046E+1           2.1312500000E+1           7.8748436142E+2           2.1332731783E+1           7.2583504879E+2           1.7821978915E+3          
02/11/16                  13:02:00.4                4.1543060680E+1           2.1375000000E+1           7.8737831792E+2           2.1075637587E+1           7.8052053373E+2           5.4805580612E+2          
02/11/16                  13:02:05.6                4.1543121039E+1           2.1375000000E+1           7.8757052212E+2           2.1314129135E+1           7.7132751644E+2           5.9536732801E+2          
02/11/16                  13:02:12.6                4.1543201811E+1           2.1362500000E+1           7.8767465978E+2           1.9423301433E+1           8.6420172527E+2           -4.9806035325E+2         
02/11/16                  13:02:17.7                4.1543261410E+1           2.1325000000E+1           7.8731034250E+2           2.1757264102E+1           7.4594570572E+2           1.8052339800E+3          
02/11/16                  13:02:22.9                4.1543321080E+1           2.1350000000E+1           7.8770916286E+2           2.0529860198E+1           7.6472207224E+2           -1.6863366476E+2         
02/11/16                  13:02:28.0                4.1543380222E+1           2.1385416670E+1           7.8721911757E+2           2.2924396543E+1           6.0831087347E+2           1.7487674795E+3          
02/11/16                  13:02:33.2                4.1543439831E+1           2.1375000000E+1           7.8768329081E+2           2.1667527609E+1           7.2656480197E+2           -4.9434692270E+2         
02/11/16                  13:02:38.3                4.1543499118E+1           2.1437500000E+1           7.8731791754E+2           2.1799744254E+1           7.0905785883E+2           1.1171994790E+3          
02/11/16                  13:02:43.4                4.1543557948E+1           2.1437500000E+1           7.8730965100E+2           2.0365962436E+1           7.9871310002E+2           2.2210783976E+3          
02/11/16                  13:02:48.5                4.1543616916E+1           2.1437500000E+1           7.8735953474E+2           2.2111441806E+1           6.9750718792E+2           9.3810111490E+2          
02/11/16                  13:02:53.6                4.1543676091E+1           2.1437500000E+1           7.8772785116E+2           1.9494037345E+1           8.8363260727E+2           -1.3208305195E+3         
02/11/16                  13:02:58.7                4.1543734996E+1           2.1437500000E+1           7.8739483741E+2           2.0977979995E+1           7.4032893442E+2           2.0049157296E+2          
02/11/16                  13:03:03.7                4.1543793789E+1           2.1437500000E+1           7.8785609535E+2           1.9447418255E+1           8.9747931398E+2           -1.6032461624E+3         
02/11/16                  13:03:10.7                4.1543873918E+1           2.1450000000E+1           7.8777183237E+2           1.8649266902E+1           9.2871903197E+2           -9.9919671338E+2         
02/11/16                  13:03:15.8                4.1543933219E+1           2.1487500000E+1           7.8765484942E+2           2.2444305586E+1           6.8659428149E+2           -7.0954633827E+2         
02/11/16                  13:03:20.9                4.1543992830E+1           2.1512500000E+1           7.8767209257E+2           1.9183017422E+1           8.8515755964E+2           -2.2252501151E+2         
02/11/16                  13:03:26.2                4.1544053709E+1           2.1520833330E+1           7.8742121760E+2           2.1689812608E+1           7.1070812941E+2           7.1944249745E+2          
02/11/16                  13:03:31.3                4.1544113158E+1           2.1562500000E+1           7.8771700504E+2           2.0423689258E+1           8.3410966375E+2           -9.3280563248E+2         
02/11/16                  13:03:36.4                4.1544171966E+1           2.1562500000E+1           7.8764014576E+2           1.9902474278E+1           8.4905669169E+2           -5.4625433506E+2         
02/11/16                  13:03:41.5                4.1544230670E+1           2.1550000000E+1           7.8772432693E+2           1.9290975387E+1           9.4087775290E+2           3.1402077054E+2          
02/11/16                  13:03:46.6                4.1544289540E+1           2.1500000000E+1           7.8744295200E+2           2.1095492995E+1           7.4333941617E+2           5.1964945550E+2          
02/11/16                  13:03:51.6                4.1544348153E+1           2.1512500000E+1           7.8727374641E+2           2.3353831664E+1           6.1766071332E+2           2.0939228916E+3          
02/11/16                  13:03:56.8                4.1544407617E+1           2.1520833330E+1           7.8723902839E+2           2.2118809203E+1           5.7757055581E+2           2.1109075923E+3          
02/11/16                  13:04:01.9                4.1544466736E+1           2.1550000000E+1           7.8754859514E+2           2.2247230145E+1           7.1899375571E+2           1.0095827022E+3          
02/11/16                  13:04:08.8                4.1544547257E+1           2.1562500000E+1           7.8723980012E+2           2.1307618478E+1           6.6975713175E+2           1.6274897217E+3          
02/11/16                  13:04:13.9                4.1544606159E+1           2.1562500000E+1           7.8726012135E+2           2.2087671447E+1           6.5973247915E+2           8.7144861056E+2          
02/11/16                  13:04:19.0                4.1544665251E+1           2.1612500000E+1           7.8740054220E+2           2.2816253654E+1           6.6034189204E+2           5.4903397917E+2          
02/11/16                  13:04:24.1                4.1544724270E+1           2.1625000000E+1           7.8754562935E+2           2.2113296833E+1           6.7803980092E+2           -1.7540009201E+2         
02/11/16                  13:04:29.2                4.1544783001E+1           2.1625000000E+1           7.8719301401E+2           2.2337678960E+1           5.9171460066E+2           5.4747564946E+2          
02/11/16                  13:04:34.3                4.1544842002E+1           2.1662500000E+1           7.8721679480E+2           2.3421436645E+1           6.3088047641E+2           1.4715721360E+3          
02/11/16                  13:04:39.4                4.1544900816E+1           2.1687500000E+1           7.8732109308E+2           2.1283580306E+1           6.9517623098E+2           6.2701154108E+2          
02/11/16                  13:04:44.5                4.1544959898E+1           2.1725000000E+1           7.8751740953E+2           1.9682007750E+1           8.2911412587E+2           4.4267618917E+2          
02/11/16                  13:04:49.6                4.1545018892E+1           2.1750000000E+1           7.8779409409E+2           2.1400081034E+1           7.4455045303E+2           -6.1895972582E+2         
02/11/16                  13:04:54.7                4.1545077560E+1           2.1708333330E+1           7.8713992320E+2           2.2047394038E+1           6.5995786552E+2           1.9155164670E+3          
02/11/16                  13:04:59.8                4.1545136579E+1           2.1712500000E+1           7.8761002253E+2           2.1287682358E+1           7.8478088051E+2           2.4461393228E+2          
02/11/16                  13:05:06.6                4.1545216398E+1           2.1725000000E+1           7.8702792483E+2           2.1692935986E+1           6.6520190081E+2           2.2338056688E+3          
02/11/16                  13:05:11.7                4.1545275129E+1           2.1750000000E+1           7.8769965192E+2           2.2206671858E+1           7.3508045926E+2           -4.3717528376E+2         
02/11/16                  13:05:16.9                4.1545335250E+1           2.1737500000E+1           7.8730130308E+2           2.4061783185E+1           5.4941915559E+2           1.5981569743E+3          
02/11/16                  13:05:22.0                4.1545393840E+1           2.1750000000E+1           7.8728781282E+2           2.3505150452E+1           5.8803594347E+2           1.5359217707E+3          
02/11/16                  13:05:27.0                4.1545452452E+1           2.1750000000E+1           7.8751423694E+2           2.2700573118E+1           7.1604564427E+2           -2.1249562425E+1         
02/11/16                  13:05:32.2                4.1545511575E+1           2.1750000000E+1           7.8742834394E+2           2.3566859115E+1           6.4603308693E+2           7.1264795030E+2          
02/11/16                  13:05:37.2                4.1545570182E+1           2.1750000000E+1           7.8753033858E+2           2.2370498483E+1           6.9415919603E+2           2.2125801702E+2          
02/11/16                  13:05:42.4                4.1545630249E+1           2.1787500000E+1           7.8763917226E+2           2.1440519938E+1           7.3637502621E+2           -1.2206945257E+3         
02/11/16                  13:05:47.6                4.1545690787E+1           2.1729166670E+1           7.8775160952E+2           2.1162371196E+1           7.6645180711E+2           -1.2796760490E+3         
02/11/16                  13:05:52.7                4.1545749608E+1           2.1687500000E+1           7.8757190336E+2           2.1591515681E+1           7.3853819594E+2           2.7372438663E+2          
02/11/16                  13:05:57.8                4.1545808387E+1           2.1650000000E+1           7.8726975090E+2           2.3083966272E+1           6.8118106376E+2           2.2687756276E+3          
02/11/16                  13:06:04.7                4.1545888231E+1           2.1562500000E+1           7.8729506305E+2           2.5504147349E+1           5.6843424245E+2           1.5968769909E+3          
02/11/16                  13:06:09.7                4.1545946710E+1           2.1525000000E+1           7.8724386250E+2           2.3661284254E+1           6.1761537210E+2           1.8008784532E+3          
02/11/16                  13:06:14.8                4.1546005449E+1           2.1500000000E+1           7.8778612195E+2           2.3974961701E+1           6.9004667186E+2           -1.0623729829E+3         
02/11/16                  13:06:19.9                4.1546064317E+1           2.1437500000E+1           7.8764844305E+2           2.1756197140E+1           7.6967728207E+2           -1.3566584141E+2         
02/11/16                  13:06:25.0                4.1546123319E+1           2.1437500000E+1           7.8791991130E+2           1.9154464379E+1           9.8322178290E+2           -1.2298082660E+3         
02/11/16                  13:06:30.1                4.1546182137E+1           2.1400000000E+1           7.8756790215E+2           2.2087668443E+1           7.8809850760E+2           -1.9183048332E+2         
02/11/16                  13:06:35.2                4.1546240823E+1           2.1375000000E+1           7.8713537649E+2           2.3681906891E+1           5.6237093044E+2           2.2709953781E+3          
02/11/16                  13:06:40.2                4.1546299387E+1           2.1375000000E+1           7.8740123889E+2           2.2128394649E+1           6.5794603307E+2           1.0807017076E+3          
02/11/16                  13:06:45.3                4.1546357755E+1           2.1362500000E+1           7.8756332380E+2           2.0624530603E+1           8.3176452655E+2           4.7291814810E+2          
02/11/16                  13:06:50.3                4.1546416402E+1           2.1354166670E+1           7.8736561405E+2           2.1693393096E+1           6.7334256704E+2           9.2622271768E+2          
02/11/16                  13:06:55.4                4.1546475240E+1           2.1281250000E+1           7.8766103512E+2           2.0280147166E+1           7.8947317703E+2           -4.4215111678E+2         
02/11/16                  13:07:02.3                4.1546555525E+1           2.1212500000E+1           7.8722145040E+2           2.2830067206E+1           6.1538830238E+2           1.6916029521E+3          
02/11/16                  13:07:07.4                4.1546614257E+1           2.1175000000E+1           7.8732667344E+2           2.2845221966E+1           6.4235278079E+2           1.5547689749E+3          
02/11/16                  13:07:12.5                4.1546673008E+1           2.1162500000E+1           7.8697789403E+2           2.4178514554E+1           5.6002088734E+2           2.5918395161E+3          
02/11/16                  13:07:17.6                4.1546732635E+1           2.1125000000E+1           7.8733780400E+2           2.2373707629E+1           6.5770627757E+2           1.9957932639E+3          
02/11/16                  13:07:22.7                4.1546791448E+1           2.1104166670E+1           7.8723951471E+2           2.4954424645E+1           5.2348772732E+2           1.8172200276E+3          
02/11/16                  13:07:27.8                4.1546850435E+1           2.1062500000E+1           7.8731708848E+2           2.3927874065E+1           5.9672275677E+2           1.3020053316E+3          
02/11/16                  13:07:32.9                4.1546908921E+1           2.1062500000E+1           7.8726963469E+2           2.3552454818E+1           5.9391825519E+2           1.6887056778E+3          
02/11/16                  13:07:37.9                4.1546967549E+1           2.1062500000E+1           7.8734084281E+2           2.2042062915E+1           7.2501692318E+2           1.4440788392E+3          
02/11/16                  13:07:43.0                4.1547026348E+1           2.1100000000E+1           7.8741608530E+2           2.1159360229E+1           7.8562761253E+2           1.6532564839E+3          
02/11/16                  13:07:48.1                4.1547085058E+1           2.1062500000E+1           7.8764458626E+2           2.0427749902E+1           7.8825858338E+2           5.4993462455E+2          
02/11/16                  13:07:53.2                4.1547143855E+1           2.1062500000E+1           7.8766018226E+2           2.0775957860E+1           7.9838322872E+2           3.9451199123E+2          
02/11/16                  13:08:00.1                4.1547223923E+1           2.0950000000E+1           7.8757179735E+2           2.0772664075E+1           8.2982180694E+2           -1.9992895521E+1         
02/11/16                  13:08:05.2                4.1547282533E+1           2.0937500000E+1           7.8771484117E+2           2.2045251044E+1           7.6273561858E+2           -8.7897761758E+2         
02/11/16                  13:08:10.2                4.1547341107E+1           2.0950000000E+1           7.8799055086E+2           2.0538820441E+1           9.1573882449E+2           -1.6725016319E+3         
02/11/16                  13:08:15.3                4.1547399617E+1           2.0900000000E+1           7.8759146339E+2           2.4994778533E+1           6.2197985354E+2           3.5554634157E+2          
02/11/16                  13:08:20.4                4.1547458472E+1           2.0937500000E+1           7.8765130304E+2           2.0120198244E+1           8.8311586485E+2           -1.3466430358E+2         
02/11/16                  13:08:25.5                4.1547517697E+1           2.1000000000E+1           7.8711789268E+2           2.5590162828E+1           5.1073059073E+2           2.1160318748E+3          
02/11/16                  13:08:30.6                4.1547576649E+1           2.1025000000E+1           7.8708797280E+2           2.6184791179E+1           5.0466571616E+2           2.3847341006E+3          
02/11/16                  13:08:35.7                4.1547635806E+1           2.1062500000E+1           7.8727334690E+2           2.3560368388E+1           6.5154928382E+2           2.3876664058E+3          
02/11/16                  13:08:40.8                4.1547694596E+1           2.1062500000E+1           7.8771692274E+2           2.1318413922E+1           7.8428485930E+2           1.2447233689E+2          
02/11/16                  13:08:45.8                4.1547753452E+1           2.1062500000E+1           7.8726573609E+2           2.4514185446E+1           5.7458164838E+2           2.3798267527E+3          
02/11/16                  13:08:50.9                4.1547812232E+1           2.1062500000E+1           7.8724232634E+2           2.4553433111E+1           5.6325321765E+2           1.1080289203E+3          
