DATE                      TIME                      DAYS_SINCE_JAN            DAS_TEMP_(C)              BASELINE                  H2O                       D_1816                    D_DH                     
07/04/16                  09:59:20.6                1.8537454489E+2           3.6230000000E+1           7.8608362108E+2           3.5003936219E+4           7.3144883347E+0           -3.4553686477E+1         
07/04/16                  09:59:44.3                1.8537481922E+2           3.6252604170E+1           7.8621586323E+2           3.5674285122E+4           5.8728885071E+0           -3.3003788149E+1         
07/04/16                  10:00:09.2                1.8537510738E+2           3.6348214290E+1           7.8637590419E+2           3.6114549770E+4           7.9746743225E+0           -3.4154810223E+1         
07/04/16                  10:00:32.9                1.8537538132E+2           3.6307692310E+1           7.8538915801E+2           3.6216682331E+4           6.9802235297E+0           -3.2902161819E+1         
07/04/16                  10:00:54.5                1.8537563094E+2           3.6118750000E+1           7.6834104841E+2           3.6264787997E+4           5.2357151419E+0           1.4619425512E+1          
07/04/16                  10:01:11.4                1.8537582713E+2           3.5987500000E+1           7.8528978670E+2           2.2401996370E+4           5.2483758537E+0           -2.9507228559E+1         
07/04/16                  10:01:18.8                1.8537591268E+2           3.5950000000E+1           7.8660828243E+2           1.1163708543E+4           3.1126901236E-1           -3.3246690045E+1         
07/04/16                  10:01:23.9                1.8537597201E+2           3.5925000000E+1           7.8736647856E+2           7.5674753999E+3           -3.8096144859E-1          -4.3342156620E+1         
07/04/16                  10:01:29.1                1.8537603152E+2           3.5887500000E+1           7.8680963041E+2           5.6480329288E+3           -1.3627886658E+0          -3.7207610441E+1         
07/04/16                  10:01:34.1                1.8537608968E+2           3.5864583330E+1           7.9126605506E+2           4.9459420659E+3           1.1856206710E+2           -2.3057834858E+2         
07/04/16                  10:01:39.3                1.8537614995E+2           3.5875000000E+1           7.8634962852E+2           1.3386437805E+4           2.1179500296E+0           -4.0804490007E+1         
07/04/16                  10:01:45.0                1.8537621576E+2           3.5802083330E+1           7.8595983029E+2           2.3340896499E+4           6.7239968191E+0           -4.6429514306E+1         
07/04/16                  10:01:51.9                1.8537629616E+2           3.5750000000E+1           7.8420446343E+2           2.9397030312E+4           6.2828270398E+0           -3.9764911477E+1         
07/04/16                  10:02:01.9                1.8537641150E+2           3.5750000000E+1           7.8418040182E+2           3.2351939608E+4           6.0381609015E+0           -3.6361738608E+1         
07/04/16                  10:02:17.7                1.8537659423E+2           3.5756250000E+1           7.8620175742E+2           3.3606792533E+4           6.3535469962E+0           -3.9252074657E+1         
07/04/16                  10:02:35.2                1.8537679722E+2           3.5696428570E+1           7.8587650858E+2           3.4125337443E+4           5.7058560449E+0           -3.9458025892E+1         
07/04/16                  10:02:55.8                1.8537703546E+2           3.5772727270E+1           7.8545032660E+2           3.4580374876E+4           5.2885772662E+0           -3.9157004399E+1         
07/04/16                  10:03:17.2                1.8537728340E+2           3.5753472220E+1           7.8523926447E+2           3.4975369942E+4           5.2208160396E+0           -3.9591390238E+1         
07/04/16                  10:03:39.3                1.8537753839E+2           3.5812500000E+1           7.8646409631E+2           3.5126220881E+4           4.6712273934E+0           -4.1537402660E+1         
07/04/16                  10:04:01.2                1.8537779196E+2           3.5909375000E+1           7.8644963108E+2           3.5347688511E+4           3.7568775828E+0           -4.2112901385E+1         
07/04/16                  10:04:20.0                1.8537800927E+2           3.5993055560E+1           7.8650416237E+2           3.5701566249E+4           3.7713149452E+0           -4.1838326185E+1         
07/04/16                  10:04:42.3                1.8537826739E+2           3.6080729170E+1           7.8644692642E+2           3.5965764721E+4           5.1588360069E+0           -4.1249891361E+1         
07/04/16                  10:05:09.3                1.8537858049E+2           3.6209821430E+1           7.8626690922E+2           3.6367939479E+4           1.6467703064E+0           -4.1297214055E+1         
07/04/16                  10:05:36.0                1.8537888963E+2           3.6322500000E+1           7.8635631842E+2           3.6864965936E+4           5.8922156535E+0           -4.0747035617E+1         
07/04/16                  10:06:02.2                1.8537919304E+2           3.6361111110E+1           7.8670561804E+2           3.6839601032E+4           5.1793029769E+0           -4.1730419459E+1         
07/04/16                  10:06:28.7                1.8537949959E+2           3.6377500000E+1           7.8614108338E+2           3.6598733860E+4           4.9235876879E+0           -4.0630901972E+1         
07/04/16                  10:06:51.9                1.8537976756E+2           3.6375000000E+1           7.8702189899E+2           3.6517780044E+4           6.2189960933E+0           -4.2099080881E+1         
07/04/16                  10:07:16.0                1.8538004720E+2           3.6391826920E+1           7.8496464337E+2           3.6412931167E+4           2.4991039385E+0           -4.1082849929E+1         
07/04/16                  10:07:42.5                1.8538035397E+2           3.6375000000E+1           7.8639442365E+2           3.6246090279E+4           3.4139893480E+0           -4.3624013923E+1         
07/04/16                  10:08:10.0                1.8538067178E+2           3.6368303570E+1           7.8745576365E+2           3.6275030897E+4           3.9632121860E+0           -4.5593926690E+1         
07/04/16                  10:08:39.6                1.8538101429E+2           3.6376893940E+1           7.8622705400E+2           3.5840178826E+4           4.0927856785E-1           -4.3721860672E+1         
07/04/16                  10:09:09.4                1.8538135966E+2           3.6422500000E+1           7.8665270826E+2           3.5072862557E+4           4.4491780913E+0           -4.5997392749E+1         
07/04/16                  10:09:30.1                1.8538159894E+2           3.6433593750E+1           7.8652410675E+2           3.4781936122E+4           2.3466172577E+0           -4.6934000243E+1         
07/04/16                  10:09:51.4                1.8538184572E+2           3.6419642860E+1           7.8576510946E+2           3.4819797139E+4           2.6097902754E+0           -4.6218391563E+1         
07/04/16                  10:10:09.7                1.8538205674E+2           3.6388157890E+1           7.8552554483E+2           3.4665422760E+4           2.2611058605E+0           -4.7109779214E+1         
07/04/16                  10:10:32.5                1.8538232141E+2           3.6409375000E+1           7.6570706294E+2           3.0314056830E+4           1.4114112489E+0           -3.4796620452E+1         
07/04/16                  10:10:43.0                1.8538244269E+2           3.6437500000E+1           7.8754937957E+2           1.6959186709E+4           -1.1937042054E-1          -5.0879778658E+1         
07/04/16                  10:10:48.3                1.8538250418E+2           3.6437500000E+1           7.8743375298E+2           1.0271987037E+4           -3.4000827727E+0          -5.3728804088E+1         
07/04/16                  10:10:53.4                1.8538256336E+2           3.6437500000E+1           7.8699602735E+2           6.9624693326E+3           -5.2259869525E+0          -5.2579444641E+1         
07/04/16                  10:11:00.3                1.8538264347E+2           3.6375000000E+1           7.8706781930E+2           4.8405756384E+3           -6.6863367284E+0          -5.3593406193E+1         
07/04/16                  10:11:05.4                1.8538270223E+2           3.6362500000E+1           7.8704768336E+2           4.0708501103E+3           -5.9355673758E+0          -5.0515909756E+1         
07/04/16                  10:11:10.5                1.8538276096E+2           3.6325000000E+1           7.8728636231E+2           3.6134226221E+3           -5.1666617986E+0          -5.6410709343E+1         
07/04/16                  10:11:15.6                1.8538281968E+2           3.6312500000E+1           7.8738438308E+2           3.3166740269E+3           -5.3086047684E+0          -6.0637954268E+1         
07/04/16                  10:11:20.7                1.8538287848E+2           3.6312500000E+1           7.8741113075E+2           3.1543684959E+3           -3.5629266470E+0          -5.6843646067E+1         
07/04/16                  10:11:25.7                1.8538293727E+2           3.6275000000E+1           7.8705773526E+2           3.0411954054E+3           -4.4176677986E+0          -5.1435081900E+1         
07/04/16                  10:11:30.8                1.8538299567E+2           3.6250000000E+1           7.8741946834E+2           2.9442222646E+3           -4.0643465384E+0          -5.0477344578E+1         
07/04/16                  10:11:35.8                1.8538305430E+2           3.6250000000E+1           7.8911026727E+2           5.4803169905E+3           -7.3444338811E+0          -5.4470135247E+1         
07/04/16                  10:11:41.1                1.8538311485E+2           3.6291666670E+1           7.8500157896E+2           1.6082624055E+4           -3.5206636397E-1          -5.2947012452E+1         
07/04/16                  10:11:46.9                1.8538318258E+2           3.6312500000E+1           7.8386924591E+2           2.5371669025E+4           2.1112437382E+0           -5.0304217375E+1         
07/04/16                  10:11:56.4                1.8538329227E+2           3.6400735290E+1           7.8496505583E+2           3.1076802978E+4           3.4621442152E+0           -5.2106043284E+1         
07/04/16                  10:12:22.2                1.8538359041E+2           3.6479166670E+1           7.8424911349E+2           3.4064558465E+4           -1.0411502892E-1          -4.7144554753E+1         
07/04/16                  10:12:37.9                1.8538377219E+2           3.6500000000E+1           7.8577737932E+2           3.4180214927E+4           3.7499894387E-1           -5.2398165312E+1         
07/04/16                  10:12:56.4                1.8538398658E+2           3.6516447370E+1           7.8513040041E+2           3.4593540339E+4           1.8502162722E+0           -5.0132267684E+1         
07/04/16                  10:13:20.1                1.8538426156E+2           3.6427083330E+1           7.8400942511E+2           3.5157238191E+4           -2.1191141093E+0          -4.9781511908E+1         
07/04/16                  10:13:46.4                1.8538456566E+2           3.6437500000E+1           7.8492434926E+2           3.5913334398E+4           -7.0855730702E-1          -4.9583842010E+1         
07/04/16                  10:14:13.3                1.8538487623E+2           3.6439732140E+1           7.8557162737E+2           3.6234828785E+4           -2.9139241607E-1          -5.0321187540E+1         
07/04/16                  10:14:35.4                1.8538513198E+2           3.6440972220E+1           7.8530271846E+2           3.6221302372E+4           -2.9159265806E-1          -5.0423740781E+1         
07/04/16                  10:14:58.1                1.8538539492E+2           3.6351293100E+1           7.8426726917E+2           3.6468788464E+4           -2.1047166277E+0          -4.9545609135E+1         
07/04/16                  10:15:26.7                1.8538572682E+2           3.6192307690E+1           7.8482368367E+2           3.6747224547E+4           -1.2716335556E+0          -4.9737701570E+1         
07/04/16                  10:15:52.0                1.8538601909E+2           3.6053125000E+1           7.8493206674E+2           3.6574247569E+4           -4.0801789688E-2          -5.0332313259E+1         
07/04/16                  10:16:16.8                1.8538630588E+2           3.5854838710E+1           7.8480310144E+2           3.6437515379E+4           -1.3887039207E+0          -5.0273459198E+1         
07/04/16                  10:16:48.5                1.8538667358E+2           3.5884259260E+1           7.8482230301E+2           3.6459393944E+4           -9.4721675071E-1          -5.2557295170E+1         
07/04/16                  10:17:19.5                1.8538703126E+2           3.6036290320E+1           7.8513750041E+2           3.6545032298E+4           -1.6782654348E+0          -5.1714772242E+1         
07/04/16                  10:17:48.5                1.8538736715E+2           3.6226293100E+1           7.8629732273E+2           3.6856720389E+4           -2.4592781784E+0          -5.3308605367E+1         
07/04/16                  10:18:14.7                1.8538767018E+2           3.6273809520E+1           7.8591592633E+2           3.7091699574E+4           -2.5211309065E+0          -5.3108958225E+1         
07/04/16                  10:18:33.9                1.8538789240E+2           3.6294642860E+1           7.8489959660E+2           3.6998248427E+4           -2.3250897710E+0          -5.2467730410E+1         
07/04/16                  10:18:59.9                1.8538819430E+2           3.6350446430E+1           7.8568176206E+2           3.6990339360E+4           -2.5038114311E+0          -5.3662674513E+1         
07/04/16                  10:19:30.7                1.8538855072E+2           3.6478040540E+1           7.8555330154E+2           3.7058736201E+4           -3.1795957914E+0          -5.3505971318E+1         
07/04/16                  10:20:00.8                1.8538889868E+2           3.6553571430E+1           7.8573656049E+2           3.7373831079E+4           -5.6847049005E+0          -5.4265883402E+1         
07/04/16                  10:20:25.2                1.8538918164E+2           3.6637019230E+1           7.7398647977E+2           3.7656303461E+4           -2.9913038402E+0          1.1675921664E+1          
07/04/16                  10:20:41.5                1.8538936959E+2           3.6687500000E+1           7.8726291045E+2           2.0731090928E+4           -3.9494919328E+0          -5.7502811735E+1         
07/04/16                  10:20:46.9                1.8538943199E+2           3.6687500000E+1           7.8561641674E+2           1.2317853735E+4           -7.6957877082E+0          -5.1211748544E+1         
07/04/16                  10:20:53.8                1.8538951249E+2           3.6687500000E+1           7.8689774753E+2           7.1912711480E+3           -1.0645041220E+1          -5.9340424450E+1         
07/04/16                  10:20:58.9                1.8538957129E+2           3.6687500000E+1           7.8724525518E+2           5.4734211155E+3           -1.0377018844E+1          -6.2461846077E+1         
07/04/16                  10:21:04.0                1.8538963023E+2           3.6687500000E+1           7.8743126736E+2           4.5300691758E+3           -9.8050860698E+0          -6.3582260213E+1         
07/04/16                  10:21:09.2                1.8538968992E+2           3.6687500000E+1           7.8733420404E+2           3.9674161212E+3           -9.6399920040E+0          -6.1155978614E+1         
07/04/16                  10:21:14.2                1.8538974853E+2           3.6687500000E+1           7.8738564888E+2           3.6125764223E+3           -9.2046770630E+0          -5.9219287127E+1         
07/04/16                  10:21:19.3                1.8538980728E+2           3.6687500000E+1           7.8705546364E+2           3.4183432216E+3           -9.1139240509E+0          -5.6642377727E+1         
07/04/16                  10:21:24.4                1.8538986613E+2           3.6687500000E+1           7.8741391689E+2           3.2459908391E+3           -4.8866152679E+0          -5.9707766158E+1         
07/04/16                  10:21:29.4                1.8538992446E+2           3.6687500000E+1           7.8791803648E+2           3.1673713574E+3           -7.4679545182E+0          -7.3608104971E+1         
07/04/16                  10:21:34.5                1.8538998308E+2           3.6637500000E+1           7.8915294924E+2           4.2503611707E+3           -1.1387212083E+1          -5.4921985456E+1         
07/04/16                  10:21:39.6                1.8539004242E+2           3.6645833330E+1           7.8611593045E+2           1.3511278080E+4           -6.3359671877E+0          -6.1768185988E+1         
07/04/16                  10:21:45.5                1.8539011045E+2           3.6660714290E+1           7.8623319538E+2           2.4446520299E+4           -2.2802053217E+0          -6.4784730852E+1         
07/04/16                  10:22:00.7                1.8539028606E+2           3.6625000000E+1           7.8586430879E+2           3.3593750716E+4           -1.2733495900E+1          -2.8006217789E+1         
07/04/16                  10:22:20.4                1.8539051494E+2           3.6595394740E+1           7.8487792249E+2           3.5100827147E+4           -4.2918694734E+0          -5.8176450404E+1         
07/04/16                  10:22:43.2                1.8539077883E+2           3.6591145830E+1           7.8550793014E+2           3.5163485416E+4           -3.3999337951E+0          -5.8393257157E+1         
07/04/16                  10:23:08.3                1.8539106882E+2           3.6673611110E+1           7.8425839474E+2           3.5646079077E+4           -5.0372481424E+0          -5.7563662634E+1         
07/04/16                  10:23:30.9                1.8539133099E+2           3.6693750000E+1           7.8497210244E+2           3.5974429957E+4           -3.2321086435E+0          -5.7688438869E+1         
07/04/16                  10:23:56.9                1.8539163183E+2           3.6756465520E+1           7.8620755698E+2           3.6193823882E+4           -4.9915758752E+0          -6.0293655707E+1         
07/04/16                  10:24:27.0                1.8539197984E+2           3.6846153850E+1           7.8477978809E+2           3.6778717212E+4           -4.4186141415E+0          -5.8710331486E+1         
07/04/16                  10:24:50.5                1.8539225131E+2           3.6900568180E+1           7.8549497148E+2           3.7111403056E+4           -5.0142098981E+0          -5.9266887951E+1         
07/04/16                  10:25:13.9                1.8539252254E+2           3.6951923080E+1           7.8410557141E+2           3.7540121544E+4           -4.9287309003E+0          -5.6783765133E+1         
07/04/16                  10:25:44.8                1.8539287989E+2           3.7018145160E+1           7.8505040576E+2           3.7377361495E+4           -5.1053822657E+0          -5.8133295295E+1         
07/04/16                  10:26:12.5                1.8539320051E+2           3.7088942310E+1           7.8489089434E+2           3.7577434185E+4           -3.3004487680E+0          -5.8105419766E+1         
07/04/16                  10:26:43.8                1.8539356286E+2           3.7081730770E+1           7.8512293473E+2           3.7808182163E+4           -6.7476708568E+0          -5.9776491186E+1         
07/04/16                  10:27:09.4                1.8539385939E+2           3.7057692310E+1           7.8495327436E+2           3.7311476073E+4           -4.5892872797E+0          -5.8447770447E+1         
07/04/16                  10:27:37.9                1.8539418972E+2           3.7011574070E+1           7.8489604531E+2           3.7384800402E+4           -6.0688482483E+0          -5.9559748680E+1         
07/04/16                  10:28:00.7                1.8539445332E+2           3.6965625000E+1           7.8610709396E+2           3.7633138299E+4           -4.0623492051E+0          -5.9804905351E+1         
07/04/16                  10:28:23.5                1.8539471731E+2           3.6968750000E+1           7.8475728095E+2           3.7733627402E+4           -5.9440315066E+0          -5.9309695588E+1         
07/04/16                  10:28:51.2                1.8539503784E+2           3.7048076920E+1           7.8568450802E+2           3.7536596857E+4           -5.1372182382E+0          -5.9245861295E+1         
07/04/16                  10:29:14.7                1.8539531017E+2           3.7135869570E+1           7.8483171037E+2           3.7707754577E+4           -7.0677504001E+0          -5.9809718496E+1         
07/04/16                  10:29:39.2                1.8539559335E+2           3.7187500000E+1           7.8536741818E+2           3.8140809387E+4           -7.3144311973E+0          -6.0567734116E+1         
07/04/16                  10:30:02.4                1.8539586188E+2           3.7170000000E+1           7.8501150976E+2           3.8334541806E+4           -8.4725184121E+0          -5.9468807146E+1         
07/04/16                  10:30:24.8                1.8539612147E+2           3.7184659090E+1           7.8562493695E+2           3.8548611817E+4           -6.7380981152E+0          -5.9526765320E+1         
07/04/16                  10:30:51.0                1.8539642450E+2           3.7241379310E+1           7.6949220072E+2           3.8780714258E+4           -8.2584435031E+0          4.0636885790E+0          
07/04/16                  10:31:13.0                1.8539667890E+2           3.7250000000E+1           7.8487204970E+2           1.7940423932E+4           -1.0090400313E+1          -5.5157448913E+1         
07/04/16                  10:31:18.3                1.8539674017E+2           3.7250000000E+1           7.8710655967E+2           1.1023454368E+4           -1.1803326728E+1          -6.7758266478E+1         
07/04/16                  10:31:23.4                1.8539679952E+2           3.7262500000E+1           7.8685622806E+2           7.5977905536E+3           -1.3171574511E+1          -6.8302085313E+1         
07/04/16                  10:31:28.5                1.8539685853E+2           3.7312500000E+1           7.8672250203E+2           5.7632012644E+3           -1.4156631874E+1          -6.5911999136E+1         
07/04/16                  10:31:33.6                1.8539691678E+2           3.7281250000E+1           7.8988265355E+2           4.9856599018E+3           7.1356783518E+1           -1.1635517560E+2         
07/04/16                  10:31:38.8                1.8539697727E+2           3.7312500000E+1           7.8848236018E+2           1.2945697321E+4           -9.8503433431E+0          -7.9109341921E+1         
07/04/16                  10:31:44.5                1.8539704328E+2           3.7375000000E+1           7.8346151143E+2           2.3521753530E+4           -7.3142638070E+0          -6.5244488588E+1         
07/04/16                  10:31:53.2                1.8539714409E+2           3.7375000000E+1           7.8509108760E+2           3.0739605774E+4           -1.2872515309E+1          -6.5595670156E+1         
07/04/16                  10:32:11.9                1.8539736088E+2           3.7369318180E+1           7.8539877148E+2           3.4121280270E+4           -1.8316202187E+1          -5.7308586070E+1         
07/04/16                  10:32:35.3                1.8539763115E+2           3.7375000000E+1           7.8552894996E+2           3.4637421919E+4           -5.4876679509E+0          -6.5338177013E+1         
07/04/16                  10:32:58.5                1.8539789973E+2           3.7318452380E+1           7.8454347796E+2           3.5231807870E+4           -5.9428146046E+0          -6.3112534263E+1         
07/04/16                  10:33:21.4                1.8539816481E+2           3.7365384620E+1           7.8510308143E+2           3.5441444250E+4           -7.6036810011E+0          -6.4353295433E+1         
07/04/16                  10:33:48.4                1.8539847699E+2           3.7372500000E+1           7.8534120508E+2           3.5597380554E+4           -6.5060823307E+0          -6.4695828044E+1         
07/04/16                  10:34:09.7                1.8539872428E+2           3.7371527780E+1           7.8448136655E+2           3.5807967302E+4           -6.8891926079E+0          -6.4103759151E+1         
07/04/16                  10:34:27.3                1.8539892775E+2           3.7419642860E+1           7.8545633420E+2           3.5917801058E+4           -8.4364432729E+0          -6.4773786610E+1         
07/04/16                  10:34:51.6                1.8539920892E+2           3.7434659090E+1           7.8601631169E+2           3.6378872900E+4           -1.0616832843E+1          -6.4966522501E+1         
07/04/16                  10:35:16.4                1.8539949566E+2           3.7440000000E+1           7.8509722378E+2           3.7006599920E+4           -9.4365052037E+0          -6.3991177403E+1         
07/04/16                  10:35:40.1                1.8539977012E+2           3.7460937500E+1           7.8445994709E+2           3.7209461371E+4           -7.4236396086E+0          -6.2638196887E+1         
07/04/16                  10:36:05.0                1.8540005839E+2           3.7442934780E+1           7.8481913514E+2           3.7285960591E+4           -7.7587362788E+0          -6.2983311760E+1         
07/04/16                  10:36:26.8                1.8540031073E+2           3.7554687500E+1           7.8593894339E+2           3.7006921873E+4           -5.1025410715E+0          -6.4444534888E+1         
07/04/16                  10:36:54.4                1.8540063076E+2           3.7549479170E+1           7.8472113561E+2           3.6701875098E+4           -7.1526541879E+0          -6.3546614753E+1         
07/04/16                  10:37:16.1                1.8540088136E+2           3.7562500000E+1           7.8489264012E+2           3.6465656363E+4           -7.7196933458E+0          -6.4458317340E+1         
07/04/16                  10:37:42.3                1.8540118459E+2           3.7500000000E+1           7.8580882914E+2           3.6052676792E+4           -6.5303396311E+0          -6.5675363953E+1         
07/04/16                  10:38:11.3                1.8540152036E+2           3.7500000000E+1           7.8573054986E+2           3.5829159382E+4           -8.0255492832E+0          -6.6072971437E+1         
07/04/16                  10:38:38.1                1.8540183065E+2           3.7537037040E+1           7.8461017599E+2           3.6022869004E+4           -8.2577276333E+0          -6.5859755209E+1         
07/04/16                  10:39:06.9                1.8540216335E+2           3.7518518520E+1           7.8647875623E+2           3.5458625239E+4           -7.0811513524E+0          -6.8861109023E+1         
07/04/16                  10:39:33.8                1.8540247487E+2           3.7500000000E+1           7.8560897119E+2           3.5270889614E+4           -7.6577852556E+0          -6.7749253823E+1         
07/04/16                  10:39:57.0                1.8540274390E+2           3.7443452380E+1           7.8578422631E+2           3.5206484433E+4           -7.8972531939E+0          -6.7196973456E+1         
07/04/16                  10:40:20.1                1.8540301093E+2           3.7430555560E+1           7.8240679188E+2           3.5333697132E+4           -8.2375092063E+0          -6.0682342254E+1         
07/04/16                  10:40:39.3                1.8540323352E+2           3.7429687500E+1           7.8610467507E+2           2.4377962889E+4           -8.0545618494E+0          -7.6903459449E+1         
07/04/16                  10:40:45.4                1.8540330432E+2           3.7425000000E+1           7.8717053518E+2           1.3487963829E+4           -1.1385281483E+1          -7.2140833156E+1         
07/04/16                  10:40:50.6                1.8540336399E+2           3.7416666670E+1           7.8704369466E+2           8.5988500098E+3           -1.4175285294E+1          -7.2858844013E+1         
07/04/16                  10:40:55.7                1.8540342297E+2           3.7437500000E+1           7.8625229917E+2           6.1213126313E+3           -1.6136602999E+1          -6.6343831512E+1         
07/04/16                  10:41:02.6                1.8540350304E+2           3.7437500000E+1           7.8670591196E+2           4.4874636432E+3           -1.6188652612E+1          -6.6698072368E+1         
07/04/16                  10:41:07.7                1.8540356155E+2           3.7437500000E+1           7.8714257481E+2           3.8814021489E+3           -1.5254223166E+1          -7.6374036792E+1         
07/04/16                  10:41:12.7                1.8540362021E+2           3.7462500000E+1           7.8721087185E+2           3.5037256396E+3           -1.4224606437E+1          -7.4653505490E+1         
07/04/16                  10:41:17.8                1.8540367884E+2           3.7475000000E+1           7.8723990233E+2           3.2758012720E+3           -1.3730448613E+1          -7.4018283928E+1         
07/04/16                  10:41:22.9                1.8540373747E+2           3.7437500000E+1           7.8730348053E+2           3.1091951108E+3           -1.3815962224E+1          -7.7329342237E+1         
07/04/16                  10:41:27.9                1.8540379627E+2           3.7437500000E+1           7.8764264838E+2           3.0301434691E+3           -1.2519947622E+1          -8.6122662911E+1         
07/04/16                  10:41:32.9                1.8540385376E+2           3.7450000000E+1           7.8922840953E+2           2.9345231254E+3           9.3616247960E+1           -2.0488983691E+2         
07/04/16                  10:41:38.1                1.8540391363E+2           3.7450000000E+1           7.8687466879E+2           1.0081658241E+4           -1.3584116214E+1          -7.0964713083E+1         
07/04/16                  10:41:43.7                1.8540397855E+2           3.7482142860E+1           7.8340503064E+2           2.1976557321E+4           -7.2683751051E+0          -6.7786156530E+1         
07/04/16                  10:41:54.8                1.8540410655E+2           3.7500000000E+1           7.8682519492E+2           3.1726518562E+4           -2.0860168001E+1          -6.6524711002E+1         
07/04/16                  10:42:15.9                1.8540435117E+2           3.7500000000E+1           7.8478510586E+2           3.5823736483E+4           -1.0507192378E+1          -6.1655626573E+1         
07/04/16                  10:42:38.3                1.8540461045E+2           3.7542500000E+1           7.8524052117E+2           3.5703633688E+4           -8.6350672669E+0          -6.4236141025E+1         
07/04/16                  10:43:08.4                1.8540495886E+2           3.7612903230E+1           7.8491983847E+2           3.6069513256E+4           -9.0205241348E+0          -6.5553545809E+1         
07/04/16                  10:43:36.4                1.8540528294E+2           3.7650000000E+1           7.8366931915E+2           3.6021656000E+4           -7.7430255192E+0          -6.4063592948E+1         
07/04/16                  10:43:57.5                1.8540552679E+2           3.7687500000E+1           7.8520516539E+2           3.5900959871E+4           -7.9719845649E+0          -6.6032355008E+1         
07/04/16                  10:44:18.1                1.8540576613E+2           3.7690217390E+1           7.8424695147E+2           3.6434909088E+4           -1.0326611690E+1          -6.4680259182E+1         
07/04/16                  10:44:41.3                1.8540603363E+2           3.7707386360E+1           7.8515260887E+2           3.6587493545E+4           -8.9555750490E+0          -6.5682325884E+1         
07/04/16                  10:45:08.3                1.8540634650E+2           3.7734913790E+1           7.8495825049E+2           3.6741182816E+4           -8.2559755106E+0          -6.5128543989E+1         
07/04/16                  10:45:37.1                1.8540668053E+2           3.7754166670E+1           7.8522185826E+2           3.6473918876E+4           -7.2371077129E+0          -6.6186127300E+1         
07/04/16                  10:46:06.1                1.8540701579E+2           3.7780000000E+1           7.8496081203E+2           3.6273630909E+4           -9.7549245040E+0          -6.6333874796E+1         
07/04/16                  10:46:30.3                1.8540729516E+2           3.7817307690E+1           7.8620817875E+2           3.6355365137E+4           -9.7019595067E+0          -6.8907725031E+1         
07/04/16                  10:46:58.6                1.8540762277E+2           3.7859375000E+1           7.8618660136E+2           3.7085915189E+4           -1.5894140572E+1          -6.6581522421E+1         
