DATE                      TIME                      DAYS_SINCE_JAN            DAS_TEMP_(C)              BASELINE                  H2O                       D_1816                    D_DH                     
07/07/16                  10:01:40.7                1.8837616609E+2           3.3367187500E+1           7.8573831165E+2           3.1659669492E+4           -8.4626870009E+0          -6.2687255370E+1         
07/07/16                  10:01:48.5                1.8837625661E+2           3.3375000000E+1           7.8553746484E+2           3.2591571088E+4           -8.6994831406E+0          -6.1004866953E+1         
07/07/16                  10:01:56.5                1.8837634923E+2           3.3375000000E+1           7.8502840357E+2           3.3074736141E+4           -8.9232204548E+0          -6.0492188663E+1         
07/07/16                  10:02:05.2                1.8837644917E+2           3.3375000000E+1           7.8574545567E+2           3.3293263132E+4           -8.6135534137E+0          -6.1281315736E+1         
07/07/16                  10:02:15.5                1.8837656887E+2           3.3381944440E+1           7.8553079095E+2           3.3457337899E+4           -9.0097838878E+0          -6.1127959798E+1         
07/07/16                  10:02:25.3                1.8837668197E+2           3.3388888890E+1           7.8542363630E+2           3.3336725592E+4           -9.2376908832E+0          -6.0840981894E+1         
07/07/16                  10:02:36.4                1.8837681089E+2           3.3395833330E+1           7.8597118376E+2           3.3116071467E+4           -8.8318658233E+0          -6.1998555317E+1         
07/07/16                  10:02:47.6                1.8837693988E+2           3.3375000000E+1           7.8597592800E+2           3.3092259169E+4           -9.3106612255E+0          -6.2104604820E+1         
07/07/16                  10:02:58.4                1.8837706559E+2           3.3375000000E+1           7.8544885651E+2           3.3253666445E+4           -9.4319367319E+0          -6.1073921096E+1         
07/07/16                  10:03:08.5                1.8837718243E+2           3.3381944440E+1           7.8551152591E+2           3.3314512740E+4           -9.4191543465E+0          -6.1627342225E+1         
07/07/16                  10:03:17.4                1.8837728499E+2           3.3385416670E+1           7.8570947314E+2           3.3347599619E+4           -8.7590929115E+0          -6.1731021562E+1         
07/07/16                  10:03:25.9                1.8837738340E+2           3.3414062500E+1           7.8564187665E+2           3.3450328183E+4           -9.2489318952E+0          -6.1624930172E+1         
07/07/16                  10:03:34.6                1.8837748397E+2           3.3423611110E+1           7.8492428809E+2           3.3489443805E+4           -9.1352624596E+0          -6.0148838323E+1         
07/07/16                  10:03:43.8                1.8837759089E+2           3.3406250000E+1           7.8528016397E+2           3.3231281359E+4           -8.9347999961E+0          -6.1160525203E+1         
07/07/16                  10:03:53.8                1.8837770618E+2           3.3418750000E+1           7.8566936857E+2           3.3280085660E+4           -9.6423342611E+0          -6.1962043756E+1         
07/07/16                  10:04:03.7                1.8837782092E+2           3.3428571430E+1           7.8559787225E+2           3.3373573334E+4           -9.3227338712E+0          -6.1379485592E+1         
07/07/16                  10:04:12.0                1.8837791707E+2           3.3409722220E+1           7.8538526211E+2           3.3452876450E+4           -9.4780627814E+0          -6.1061027736E+1         
07/07/16                  10:04:23.4                1.8837804967E+2           3.3437500000E+1           7.8514553947E+2           3.3631847223E+4           -9.2679405036E+0          -6.1289999752E+1         
07/07/16                  10:04:35.8                1.8837819244E+2           3.3433035710E+1           7.8577980501E+2           3.3651725408E+4           -9.0785934436E+0          -6.1513469327E+1         
07/07/16                  10:04:46.8                1.8837831988E+2           3.3437500000E+1           7.8488379254E+2           3.3668594906E+4           -8.8315597471E+0          -6.0042998526E+1         
07/07/16                  10:04:56.6                1.8837843310E+2           3.3437500000E+1           7.8525477231E+2           3.3630219079E+4           -9.5579892103E+0          -6.1061847812E+1         
07/07/16                  10:05:07.4                1.8837855861E+2           3.3437500000E+1           7.8530149924E+2           3.3756982289E+4           -9.4298640810E+0          -6.0845698796E+1         
07/07/16                  10:05:17.4                1.8837867473E+2           3.3443750000E+1           7.8528390348E+2           3.3682442798E+4           -8.9122566646E+0          -6.0887018984E+1         
07/07/16                  10:05:27.3                1.8837878835E+2           3.3444444440E+1           7.8523417678E+2           3.3512604317E+4           -9.2933854490E+0          -6.0771941711E+1         
07/07/16                  10:05:36.8                1.8837889833E+2           3.3488636360E+1           7.8568538136E+2           3.3408086737E+4           -9.6394424511E+0          -6.1811492898E+1         
07/07/16                  10:05:47.1                1.8837901851E+2           3.3493750000E+1           7.8520280209E+2           3.3574143175E+4           -9.4598640093E+0          -6.0669022195E+1         
07/07/16                  10:05:59.5                1.8837916137E+2           3.3500000000E+1           7.8502520774E+2           3.3560764673E+4           -9.0943759535E+0          -6.0964597953E+1         
07/07/16                  10:06:11.1                1.8837929565E+2           3.3506250000E+1           7.8537801791E+2           3.3469275311E+4           -9.7388709877E+0          -6.1107529464E+1         
07/07/16                  10:06:24.8                1.8837945382E+2           3.3500000000E+1           7.8537624623E+2           3.3523126682E+4           -9.6360746452E+0          -6.1223485242E+1         
07/07/16                  10:06:35.4                1.8837957699E+2           3.3511363640E+1           7.8545160847E+2           3.3627885051E+4           -9.1959193051E+0          -6.0917963742E+1         
07/07/16                  10:06:44.7                1.8837968440E+2           3.3562500000E+1           7.8533858849E+2           3.3510352815E+4           -9.1992954143E+0          -6.1229205886E+1         
07/07/16                  10:06:56.1                1.8837981685E+2           3.3562500000E+1           7.8518806681E+2           3.3502555109E+4           -9.3379557001E+0          -6.1134703473E+1         
07/07/16                  10:07:06.2                1.8837993328E+2           3.3562500000E+1           7.8543661053E+2           3.3529217868E+4           -9.3430230827E+0          -6.1182831024E+1         
07/07/16                  10:07:19.8                1.8838009139E+2           3.3586538460E+1           7.8509641033E+2           3.3694375536E+4           -9.2970768645E+0          -6.0355424274E+1         
07/07/16                  10:07:31.3                1.8838022412E+2           3.3618750000E+1           7.8513835320E+2           3.4145990903E+4           -9.9260517993E+0          -6.0387477593E+1         
07/07/16                  10:07:42.0                1.8838034808E+2           3.3625000000E+1           7.8517244641E+2           3.4164079821E+4           -9.4380910444E+0          -6.0046953580E+1         
07/07/16                  10:07:51.0                1.8838045188E+2           3.3625000000E+1           7.8557255587E+2           3.3810078793E+4           -8.8415080978E+0          -6.1358310884E+1         
07/07/16                  10:08:01.6                1.8838057463E+2           3.3631250000E+1           7.8612255808E+2           3.3672985229E+4           -9.3237317914E+0          -6.2055304856E+1         
07/07/16                  10:08:12.5                1.8838070089E+2           3.3687500000E+1           7.8541938957E+2           3.3652382678E+4           -9.3398334617E+0          -6.1259189455E+1         
07/07/16                  10:08:23.3                1.8838082587E+2           3.3687500000E+1           7.8512111160E+2           3.3542893623E+4           -9.6077913161E+0          -6.0669690488E+1         
07/07/16                  10:08:33.7                1.8838094611E+2           3.3687500000E+1           7.8570292751E+2           3.3641431420E+4           -9.4311173784E+0          -6.1492241773E+1         
07/07/16                  10:08:42.8                1.8838105175E+2           3.3698863640E+1           7.8516990357E+2           3.3598204017E+4           -9.3543326620E+0          -6.0505722543E+1         
07/07/16                  10:08:53.1                1.8838117111E+2           3.3722222220E+1           7.8513427759E+2           3.3698701502E+4           -9.3055470901E+0          -6.0288370879E+1         
07/07/16                  10:09:02.4                1.8838127885E+2           3.3750000000E+1           7.8559511828E+2           3.3701147807E+4           -9.4397051772E+0          -6.1360050918E+1         
07/07/16                  10:09:12.8                1.8838139929E+2           3.3750000000E+1           7.8581057185E+2           3.3792224831E+4           -9.3835919021E+0          -6.1405154214E+1         
07/07/16                  10:09:23.5                1.8838152201E+2           3.3750000000E+1           7.8583901376E+2           3.3868699575E+4           -9.1951265253E+0          -6.1100502136E+1         
07/07/16                  10:09:34.1                1.8838164566E+2           3.3750000000E+1           7.8550038528E+2           3.3905943119E+4           -9.6264314110E+0          -6.0662388542E+1         
07/07/16                  10:09:44.1                1.8838176047E+2           3.3750000000E+1           7.8486109199E+2           3.3982537842E+4           -1.0143676476E+1          -5.8079123185E+1         
07/07/16                  10:09:55.5                1.8838189292E+2           3.3756944440E+1           7.8518459934E+2           3.3515811123E+4           -9.2134110057E+0          -6.0499677275E+1         
07/07/16                  10:10:06.5                1.8838201973E+2           3.3762500000E+1           7.8513076157E+2           3.3158213641E+4           -9.1808394857E+0          -6.1472889376E+1         
07/07/16                  10:10:16.9                1.8838214098E+2           3.3758928570E+1           7.7914427428E+2           2.8059834464E+4           -8.6119300966E+0          -5.8140895863E+1         
07/07/16                  10:10:22.9                1.8838220956E+2           3.3787500000E+1           7.8768270195E+2           1.5795157442E+4           -9.4987126350E+0          -6.8649850901E+1         
07/07/16                  10:10:28.0                1.8838226963E+2           3.3787500000E+1           7.8734335596E+2           8.6321887063E+3           -1.0326817403E+1          -6.9850572496E+1         
07/07/16                  10:10:33.1                1.8838232853E+2           3.3812500000E+1           7.8714244233E+2           4.9503697391E+3           -1.1217516701E+1          -7.0954606900E+1         
07/07/16                  10:10:38.2                1.8838238715E+2           3.3812500000E+1           7.8713337582E+2           3.0689887525E+3           -1.1634747506E+1          -7.4608717401E+1         
07/07/16                  10:10:43.3                1.8838244584E+2           3.3787500000E+1           7.8709238312E+2           2.0851079849E+3           -1.0112083602E+1          -7.1546850100E+1         
07/07/16                  10:10:48.3                1.8838250432E+2           3.3812500000E+1           7.8717865992E+2           1.5575851750E+3           -8.1827936787E+0          -7.6011806771E+1         
07/07/16                  10:10:53.4                1.8838256287E+2           3.3812500000E+1           7.8744758183E+2           1.2619485214E+3           -5.7334205943E+0          -9.3783121207E+1         
07/07/16                  10:10:58.4                1.8838262136E+2           3.3812500000E+1           7.8739733661E+2           1.0875504985E+3           -3.3056618930E+0          -9.1449359879E+1         
07/07/16                  10:11:03.5                1.8838267990E+2           3.3812500000E+1           7.8711677024E+2           9.8079660579E+2           -3.4908870872E+0          -7.2302204849E+1         
07/07/16                  10:11:08.6                1.8838273860E+2           3.3812500000E+1           7.8704428386E+2           9.1011718367E+2           -2.9306951237E+0          -7.6895479050E+1         
07/07/16                  10:11:15.4                1.8838281799E+2           3.3800000000E+1           7.9050391128E+2           1.5600621214E+3           -5.9911790273E+0          -1.0882503510E+3         
07/07/16                  10:11:20.5                1.8838287728E+2           3.3787500000E+1           7.8666605690E+2           1.0173311614E+4           -1.2684928866E+1          -7.0763955032E+1         
07/07/16                  10:11:26.0                1.8838293985E+2           3.3802083330E+1           7.8503981781E+2           2.1512963439E+4           -9.0596739348E+0          -6.6240270149E+1         
07/07/16                  10:11:32.2                1.8838301178E+2           3.3812500000E+1           7.8526030233E+2           2.8232248140E+4           -8.1420502814E+0          -6.3193802979E+1         
07/07/16                  10:11:39.3                1.8838309486E+2           3.3812500000E+1           7.8550918407E+2           3.1352615001E+4           -8.5840310568E+0          -6.2994682639E+1         
07/07/16                  10:11:48.8                1.8838320462E+2           3.3812500000E+1           7.8500519522E+2           3.2628399235E+4           -7.6315446042E+0          -5.4231293706E+1         
07/07/16                  10:11:57.5                1.8838330469E+2           3.3812500000E+1           7.8552059819E+2           3.3013646721E+4           -9.2109488634E+0          -6.1619068689E+1         
07/07/16                  10:12:07.6                1.8838342222E+2           3.3812500000E+1           7.8500440205E+2           3.3216052562E+4           -9.3609713166E+0          -6.0942917638E+1         
07/07/16                  10:12:21.0                1.8838357734E+2           3.3812500000E+1           7.8567557057E+2           3.3449925988E+4           -9.4728103450E+0          -6.1146239090E+1         
07/07/16                  10:12:30.5                1.8838368720E+2           3.3812500000E+1           7.8530457750E+2           3.3487426234E+4           -9.2879794728E+0          -6.1617107950E+1         
07/07/16                  10:12:39.6                1.8838379263E+2           3.3826388890E+1           7.8527030045E+2           3.3364289843E+4           -9.2171567392E+0          -6.1529509067E+1         
07/07/16                  10:12:50.7                1.8838392067E+2           3.3812500000E+1           7.8525425729E+2           3.3205376270E+4           -9.5740004569E+0          -6.1081145085E+1         
07/07/16                  10:12:59.4                1.8838402099E+2           3.3812500000E+1           7.8569128789E+2           3.3428596080E+4           -9.3065624378E+0          -6.1869940665E+1         
07/07/16                  10:13:10.0                1.8838414462E+2           3.3812500000E+1           7.8575230499E+2           3.3503615153E+4           -9.0133236297E+0          -6.1708339445E+1         
07/07/16                  10:13:21.1                1.8838427244E+2           3.3826388890E+1           7.8491136542E+2           3.3477720047E+4           -9.1409413375E+0          -6.0914919778E+1         
07/07/16                  10:13:31.9                1.8838439707E+2           3.3818181820E+1           7.8565523739E+2           3.3410023807E+4           -9.5969867313E+0          -6.1752215078E+1         
07/07/16                  10:13:43.6                1.8838453287E+2           3.3818750000E+1           7.8489142096E+2           3.3384373447E+4           -8.9647851240E+0          -6.0343126129E+1         
07/07/16                  10:13:52.4                1.8838463438E+2           3.3812500000E+1           7.8531590358E+2           3.3399973585E+4           -9.3347952143E+0          -6.1369071652E+1         
07/07/16                  10:14:02.7                1.8838475349E+2           3.3812500000E+1           7.8516389290E+2           3.3546066433E+4           -9.3864987075E+0          -6.1120857855E+1         
07/07/16                  10:14:13.0                1.8838487372E+2           3.3826388890E+1           7.8589630961E+2           3.3489966871E+4           -9.3887595337E+0          -6.1968505334E+1         
07/07/16                  10:14:23.0                1.8838498940E+2           3.3819444440E+1           7.8489380314E+2           3.3654159019E+4           -9.1355371120E+0          -6.0076478888E+1         
07/07/16                  10:14:33.7                1.8838511327E+2           3.3826388890E+1           7.8513002163E+2           3.3830168686E+4           -9.3335735942E+0          -6.0705296187E+1         
07/07/16                  10:14:45.6                1.8838525048E+2           3.3869318180E+1           7.8491561949E+2           3.4036011716E+4           -9.8268616199E+0          -6.0358539338E+1         
07/07/16                  10:14:57.7                1.8838539114E+2           3.3875000000E+1           7.8523989979E+2           3.4085334122E+4           -9.2185901950E+0          -6.0237684503E+1         
07/07/16                  10:15:07.4                1.8838550310E+2           3.3875000000E+1           7.8553453349E+2           3.4157491768E+4           -9.0191515577E+0          -6.0537405169E+1         
07/07/16                  10:15:17.7                1.8838562259E+2           3.3875000000E+1           7.8535575061E+2           3.4083152693E+4           -8.9792423764E+0          -6.0933690663E+1         
07/07/16                  10:15:30.2                1.8838576712E+2           3.3875000000E+1           7.8538783212E+2           3.4155281975E+4           -9.2127217109E+0          -6.0667050832E+1         
07/07/16                  10:15:45.5                1.8838594386E+2           3.3908653850E+1           7.8558314529E+2           3.4116115913E+4           -9.4063881232E+0          -5.9853483849E+1         
07/07/16                  10:15:58.3                1.8838609223E+2           3.3932692310E+1           7.8576032204E+2           3.4276563859E+4           -1.0133510798E+1          -6.0547094399E+1         
07/07/16                  10:16:08.4                1.8838620847E+2           3.3902777780E+1           7.8553725767E+2           3.4275010466E+4           -9.6994285944E+0          -6.0385729931E+1         
07/07/16                  10:16:19.4                1.8838633592E+2           3.3920454550E+1           7.8571381156E+2           3.4403062218E+4           -8.9529563085E+0          -5.9816921544E+1         
07/07/16                  10:16:32.3                1.8838648563E+2           3.3937500000E+1           7.8591652356E+2           3.4653464130E+4           -9.3267718808E+0          -6.0122417965E+1         
07/07/16                  10:16:45.6                1.8838663903E+2           3.3932291670E+1           7.8512972141E+2           3.4915808273E+4           -9.5541978519E+0          -5.8695892376E+1         
07/07/16                  10:17:00.5                1.8838681186E+2           3.3937500000E+1           7.8425295615E+2           3.4637653552E+4           -7.7943144675E+0          -5.8193655145E+1         
07/07/16                  10:17:15.0                1.8838697949E+2           3.3937500000E+1           7.8580588645E+2           3.4239929321E+4           -9.2624890339E+0          -6.0889400296E+1         
07/07/16                  10:17:26.7                1.8838711513E+2           3.3937500000E+1           7.8555347181E+2           3.4134505634E+4           -9.0556842605E+0          -6.0569134746E+1         
07/07/16                  10:17:38.2                1.8838724813E+2           3.3947115380E+1           7.8551093220E+2           3.4057097008E+4           -8.9696925906E+0          -6.1056592078E+1         
07/07/16                  10:17:49.4                1.8838737805E+2           3.3937500000E+1           7.8614717672E+2           3.4340379753E+4           -1.0236654465E+1          -6.1712742823E+1         
07/07/16                  10:18:00.8                1.8838750934E+2           3.3979166670E+1           7.8500376086E+2           3.4551095615E+4           -8.7637448416E+0          -5.9669026226E+1         
07/07/16                  10:18:11.4                1.8838763284E+2           3.3995833330E+1           7.8561749872E+2           3.4366721886E+4           -9.6664303335E+0          -6.0777607299E+1         
07/07/16                  10:18:25.2                1.8838779217E+2           3.4000000000E+1           7.8566527045E+2           3.4502928880E+4           -8.0977758303E+0          -6.0018954080E+1         
07/07/16                  10:18:40.2                1.8838796635E+2           3.4019230770E+1           7.8593268881E+2           3.4664484655E+4           -8.7880056316E+0          -6.0371130192E+1         
07/07/16                  10:18:55.0                1.8838813745E+2           3.4022321430E+1           7.8558748985E+2           3.4543418849E+4           -9.1116480416E+0          -6.1035646290E+1         
07/07/16                  10:19:09.2                1.8838830123E+2           3.4056818180E+1           7.8505317968E+2           3.4450242125E+4           -9.4930045734E+0          -5.9506199871E+1         
07/07/16                  10:19:22.2                1.8838845254E+2           3.4062500000E+1           7.8565058337E+2           3.4473527949E+4           -8.8289485951E+0          -6.0288491388E+1         
07/07/16                  10:19:33.8                1.8838858630E+2           3.4079545450E+1           7.8512070410E+2           3.4475965940E+4           -9.5867705137E+0          -6.0140375417E+1         
07/07/16                  10:19:46.2                1.8838872999E+2           3.4117187500E+1           7.8638050989E+2           3.4661214259E+4           -1.0422811293E+1          -6.2405439042E+1         
07/07/16                  10:20:02.1                1.8838891368E+2           3.4125000000E+1           7.8574941237E+2           3.4882821461E+4           -9.4036263647E+0          -6.0849363743E+1         
07/07/16                  10:20:15.7                1.8838907149E+2           3.4125000000E+1           7.8740200735E+2           2.9980965069E+4           -5.0512281083E+0          -6.8901918808E+1         
07/07/16                  10:20:22.8                1.8838915303E+2           3.4150000000E+1           7.8521376952E+2           1.6019402920E+4           -1.0074283318E+1          -5.5542694456E+1         
07/07/16                  10:20:28.0                1.8838921388E+2           3.4156250000E+1           7.8723201544E+2           8.6784163726E+3           -1.0583677561E+1          -6.8663181200E+1         
07/07/16                  10:20:33.1                1.8838927308E+2           3.4175000000E+1           7.8711301698E+2           4.9680145455E+3           -1.1089985381E+1          -7.1034350155E+1         
07/07/16                  10:20:38.2                1.8838933173E+2           3.4137500000E+1           7.8718671823E+2           3.0755934684E+3           -1.1149192939E+1          -7.0094390212E+1         
07/07/16                  10:20:43.3                1.8838939033E+2           3.4145833330E+1           7.8692181812E+2           2.0933173796E+3           -1.0828680879E+1          -6.6316492300E+1         
07/07/16                  10:20:48.3                1.8838944900E+2           3.4162500000E+1           7.8698326969E+2           1.5645820071E+3           -8.5793775880E+0          -5.6204772022E+1         
07/07/16                  10:20:55.2                1.8838952879E+2           3.4187500000E+1           7.8700449105E+2           1.1960316722E+3           -7.0085547434E+0          -6.4392994516E+1         
07/07/16                  10:21:00.3                1.8838958715E+2           3.4187500000E+1           7.8724531233E+2           1.0478933210E+3           -3.6603607126E+0          -8.2109645182E+1         
07/07/16                  10:21:05.3                1.8838964563E+2           3.4187500000E+1           7.8688612264E+2           9.5769912358E+2           -4.6445261169E+0          -6.1437888905E+1         
07/07/16                  10:21:10.4                1.8838970422E+2           3.4187500000E+1           7.8722775570E+2           8.9286570295E+2           -1.5954823752E+0          -9.4603645697E+1         
07/07/16                  10:21:15.3                1.8838976134E+2           3.4187500000E+1           7.8792759684E+2           8.5890693039E+2           4.2229832168E+0           -2.1393490662E+2         
07/07/16                  10:21:20.5                1.8838982166E+2           3.4187500000E+1           7.8996629114E+2           6.5944506880E+3           -1.2186848103E+1          -8.8979450285E+1         
07/07/16                  10:21:25.8                1.8838988203E+2           3.4187500000E+1           7.8495844163E+2           1.8421499678E+4           -9.8440392277E+0          -6.5447693696E+1         
07/07/16                  10:21:31.6                1.8838994961E+2           3.4197916670E+1           7.8526849130E+2           2.6833699233E+4           -8.7469756283E+0          -6.3575680536E+1         
07/07/16                  10:21:38.6                1.8839003115E+2           3.4187500000E+1           7.8524822922E+2           3.1217863821E+4           -7.9428089346E+0          -6.1313407570E+1         
07/07/16                  10:21:47.0                1.8839012795E+2           3.4232142860E+1           7.8537294896E+2           3.3216324377E+4           -9.0275839580E+0          -5.9905482277E+1         
07/07/16                  10:21:55.8                1.8839023025E+2           3.4250000000E+1           7.8532704436E+2           3.3824328798E+4           -9.1429119886E+0          -6.0514973538E+1         
07/07/16                  10:22:07.3                1.8839036287E+2           3.4250000000E+1           7.8605571123E+2           3.3957466371E+4           -9.4238564742E+0          -6.2244190953E+1         
07/07/16                  10:22:18.3                1.8839049012E+2           3.4291666670E+1           7.8586009982E+2           3.3934009035E+4           -9.1290859577E+0          -6.2206539842E+1         
07/07/16                  10:22:28.9                1.8839061257E+2           3.4312500000E+1           7.8578396750E+2           3.4011472427E+4           -9.2577406165E+0          -6.1442539484E+1         
07/07/16                  10:22:40.2                1.8839074345E+2           3.4325000000E+1           7.8619933931E+2           3.3903272433E+4           -8.1794677952E+0          -6.1684839221E+1         
07/07/16                  10:22:50.1                1.8839085794E+2           3.4339285710E+1           7.8586359839E+2           3.3875990868E+4           -9.2336270544E+0          -6.2146497595E+1         
07/07/16                  10:23:00.0                1.8839097284E+2           3.4369318180E+1           7.8578456073E+2           3.4271703706E+4           -9.1215347548E+0          -6.1643215348E+1         
07/07/16                  10:23:14.9                1.8839114541E+2           3.4375000000E+1           7.8549720572E+2           3.4300829349E+4           -8.4298305042E+0          -6.1235915498E+1         
07/07/16                  10:23:28.2                1.8839129928E+2           3.4375000000E+1           7.8549272829E+2           3.4121610871E+4           -9.0391382006E+0          -6.1029066005E+1         
07/07/16                  10:23:42.1                1.8839146029E+2           3.4390625000E+1           7.8601816275E+2           3.4031429425E+4           -9.1533818656E+0          -6.2301940585E+1         
07/07/16                  10:23:57.2                1.8839163475E+2           3.4375000000E+1           7.8589807067E+2           3.4056800005E+4           -9.0177965444E+0          -6.1491535649E+1         
07/07/16                  10:24:08.9                1.8839176995E+2           3.4375000000E+1           7.8532851184E+2           3.4096629855E+4           -8.8523186919E+0          -6.1022990941E+1         
07/07/16                  10:24:22.0                1.8839192151E+2           3.4338541670E+1           7.8528275805E+2           3.3968852307E+4           -9.0567544649E+0          -6.1415899911E+1         
07/07/16                  10:24:34.5                1.8839206608E+2           3.4354166670E+1           7.8585487618E+2           3.3874424006E+4           -9.2969964774E+0          -6.1884260266E+1         
07/07/16                  10:24:46.1                1.8839220090E+2           3.4336538460E+1           7.8549569892E+2           3.4002154000E+4           -1.0014637524E+1          -6.1452370977E+1         
07/07/16                  10:25:00.4                1.8839236644E+2           3.4361607140E+1           7.8541716891E+2           3.4229012825E+4           -9.4857267229E+0          -6.0421137755E+1         
07/07/16                  10:25:13.9                1.8839252215E+2           3.4369318180E+1           7.8595959524E+2           3.4287616120E+4           -8.7318192129E+0          -6.1781228205E+1         
07/07/16                  10:25:26.9                1.8839267283E+2           3.4331730770E+1           7.8489036240E+2           3.4295679624E+4           -9.5704083412E+0          -5.9730591196E+1         
07/07/16                  10:25:39.9                1.8839282311E+2           3.4317307690E+1           7.8584288974E+2           3.4241604595E+4           -8.4531159012E+0          -6.1513745091E+1         
07/07/16                  10:25:52.7                1.8839297139E+2           3.4291666670E+1           7.8547053371E+2           3.4205219883E+4           -9.0123828115E+0          -6.0666200383E+1         
07/07/16                  10:26:03.9                1.8839310173E+2           3.4289772730E+1           7.8530154415E+2           3.4211086790E+4           -8.7941407656E+0          -6.0490683769E+1         
07/07/16                  10:26:15.9                1.8839324019E+2           3.4268750000E+1           7.8555660860E+2           3.3920086294E+4           -9.1477885386E+0          -6.1520145456E+1         
07/07/16                  10:26:28.1                1.8839338175E+2           3.4250000000E+1           7.8504242962E+2           3.3752830200E+4           -9.9363551333E+0          -6.1239786990E+1         
07/07/16                  10:26:41.0                1.8839353069E+2           3.4250000000E+1           7.8553367000E+2           3.3525931993E+4           -8.3925184877E+0          -6.2117435231E+1         
07/07/16                  10:26:51.2                1.8839364900E+2           3.4250000000E+1           7.8495122757E+2           3.3394203446E+4           -9.3897820995E+0          -6.1786305047E+1         
07/07/16                  10:26:59.4                1.8839374349E+2           3.4250000000E+1           7.8605977132E+2           3.3528046487E+4           -9.3295041259E+0          -6.3735455448E+1         
07/07/16                  10:27:11.6                1.8839388539E+2           3.4245833330E+1           7.8560086195E+2           3.3962774912E+4           -9.4756884719E+0          -6.1557402839E+1         
07/07/16                  10:27:24.7                1.8839403635E+2           3.4237500000E+1           7.8612185405E+2           3.4090509860E+4           -9.0120836297E+0          -6.1819684065E+1         
07/07/16                  10:27:36.3                1.8839417018E+2           3.4232954550E+1           7.8586209682E+2           3.4174929437E+4           -9.0480213710E+0          -6.1219870142E+1         
07/07/16                  10:27:48.6                1.8839431302E+2           3.4215909090E+1           7.8561478284E+2           3.4356632337E+4           -8.9335345798E+0          -6.0628998607E+1         
07/07/16                  10:27:57.7                1.8839441886E+2           3.4201388890E+1           7.8552200445E+2           3.4350417513E+4           -8.8404299129E+0          -6.0696788139E+1         
07/07/16                  10:28:09.1                1.8839455039E+2           3.4225961540E+1           7.8587232227E+2           3.4370159082E+4           -9.1664255887E+0          -6.1317099746E+1         
07/07/16                  10:28:23.3                1.8839471513E+2           3.4250000000E+1           7.8598023894E+2           3.4422546238E+4           -9.2090416969E+0          -6.1312775743E+1         
07/07/16                  10:28:39.1                1.8839489736E+2           3.4236607140E+1           7.8510294326E+2           3.4473693717E+4           -9.0750696132E+0          -6.0361445743E+1         
07/07/16                  10:28:51.8                1.8839504478E+2           3.4250000000E+1           7.8553450564E+2           3.4281965245E+4           -9.4317418674E+0          -6.0669444498E+1         
07/07/16                  10:29:05.4                1.8839520249E+2           3.4238970590E+1           7.8637864795E+2           3.4266709145E+4           -9.2510548649E+0          -6.2342095052E+1         
07/07/16                  10:29:21.0                1.8839538304E+2           3.4208333330E+1           7.8556314483E+2           3.4382373946E+4           -9.2996493194E+0          -6.1054892772E+1         
07/07/16                  10:29:33.2                1.8839552320E+2           3.4218750000E+1           7.8514413060E+2           3.4139258471E+4           -9.2570929184E+0          -6.1646507942E+1         
07/07/16                  10:29:43.0                1.8839563676E+2           3.4239583330E+1           7.8535713282E+2           3.3943346559E+4           -9.0265782850E+0          -6.0762359837E+1         
07/07/16                  10:29:56.2                1.8839578978E+2           3.4230468750E+1           7.8573768012E+2           3.3673390984E+4           -9.1166942348E+0          -6.1655202125E+1         
07/07/16                  10:30:08.7                1.8839593516E+2           3.4250000000E+1           7.8525998210E+2           3.3914363351E+4           -9.0364853179E+0          -6.1308314005E+1         
07/07/16                  10:30:19.7                1.8839606238E+2           3.4206250000E+1           7.8541454560E+2           3.3971014265E+4           -8.7968817739E+0          -6.1263511497E+1         
07/07/16                  10:30:33.3                1.8839621905E+2           3.4191964290E+1           7.8535988311E+2           3.3846991714E+4           -9.2989189763E+0          -6.1621328477E+1         
07/07/16                  10:30:46.1                1.8839636765E+2           3.4187500000E+1           7.8739419353E+2           2.7769738137E+4           -2.1377835616E+1          -7.3001161438E+1         
07/07/16                  10:30:52.5                1.8839644124E+2           3.4187500000E+1           7.8546068586E+2           1.5294285426E+4           -9.9350432673E+0          -5.9207220383E+1         
07/07/16                  10:30:59.5                1.8839652250E+2           3.4187500000E+1           7.8652950309E+2           6.8179494543E+3           -1.0797152351E+1          -6.3337258663E+1         
07/07/16                  10:31:04.6                1.8839658111E+2           3.4187500000E+1           7.8688782103E+2           4.0196596039E+3           -1.1434970843E+1          -6.7467395267E+1         
07/07/16                  10:31:09.6                1.8839663971E+2           3.4187500000E+1           7.8753390131E+2           2.5784262875E+3           -9.8649706600E+0          -8.8296609279E+1         
07/07/16                  10:31:14.7                1.8839669830E+2           3.4187500000E+1           7.8769723882E+2           1.9337995684E+3           -1.0302729529E+1          -7.3647868473E+1         
07/07/16                  10:31:19.7                1.8839675690E+2           3.4166666670E+1           7.8853189591E+2           6.0351577535E+3           -1.5799443447E+1          -6.7044579617E+1         
07/07/16                  10:31:25.0                1.8839681777E+2           3.4187500000E+1           7.8809984880E+2           1.7538868968E+4           -9.7309777259E+0          -7.7493703797E+1         
07/07/16                  10:31:30.9                1.8839688577E+2           3.4160714290E+1           7.8503119714E+2           2.6267295290E+4           -8.7685438209E+0          -6.3784461891E+1         
07/07/16                  10:31:38.2                1.8839696991E+2           3.4140625000E+1           7.8454904432E+2           3.0879189355E+4           -9.6978506790E+0          -3.7305733529E+1         
07/07/16                  10:31:46.4                1.8839706594E+2           3.4131944440E+1           7.8574798409E+2           3.2524760725E+4           -9.2635557239E+0          -6.3220377527E+1         
07/07/16                  10:31:56.8                1.8839718556E+2           3.4125000000E+1           7.8563013275E+2           3.3120403496E+4           -9.4839052569E+0          -6.3161646103E+1         
07/07/16                  10:32:08.3                1.8839731862E+2           3.4131944440E+1           7.8545391976E+2           3.3476442581E+4           -9.3580437229E+0          -6.2437538348E+1         
07/07/16                  10:32:19.7                1.8839745041E+2           3.4144230770E+1           7.8658335038E+2           3.3825103886E+4           -1.0125643016E+1          -6.3590320329E+1         
07/07/16                  10:32:32.3                1.8839759684E+2           3.4125000000E+1           7.8522208111E+2           3.4124666178E+4           -9.3762659189E+0          -6.0191091831E+1         
07/07/16                  10:32:43.9                1.8839773114E+2           3.4137500000E+1           7.8552905666E+2           3.3880098456E+4           -9.2940989161E+0          -6.1347313947E+1         
07/07/16                  10:32:56.3                1.8839787496E+2           3.4129807690E+1           7.8605027915E+2           3.3741744020E+4           -9.6403436696E+0          -6.2560783080E+1         
07/07/16                  10:33:08.0                1.8839800927E+2           3.4125000000E+1           7.8615219724E+2           3.3859853031E+4           -8.7651891094E+0          -6.2175364023E+1         
07/07/16                  10:33:22.6                1.8839817913E+2           3.4133333330E+1           7.8565262661E+2           3.3957047095E+4           -9.3757765775E+0          -6.1958242533E+1         
07/07/16                  10:33:33.7                1.8839830744E+2           3.4125000000E+1           7.8617638537E+2           3.3819181298E+4           -8.8017113974E+0          -6.2972994766E+1         
07/07/16                  10:33:43.9                1.8839842563E+2           3.4125000000E+1           7.8555779142E+2           3.3713217663E+4           -9.3501041149E+0          -6.1993502020E+1         
07/07/16                  10:33:54.7                1.8839855091E+2           3.4125000000E+1           7.8596595426E+2           3.3689512719E+4           -8.8050973538E+0          -6.1863873640E+1         
07/07/16                  10:34:06.6                1.8839868797E+2           3.4125000000E+1           7.8579235849E+2           3.3913468800E+4           -9.1859939303E+0          -6.1975625344E+1         
07/07/16                  10:34:17.5                1.8839881448E+2           3.4130681820E+1           7.8531078034E+2           3.3856830594E+4           -9.4924672418E+0          -6.1353691902E+1         
07/07/16                  10:34:30.1                1.8839895961E+2           3.4125000000E+1           7.8536792762E+2           3.3847368537E+4           -9.3714298746E+0          -6.1692400778E+1         
07/07/16                  10:34:39.3                1.8839906678E+2           3.4125000000E+1           7.8566345411E+2           3.3879992517E+4           -9.0229429938E+0          -6.2393573801E+1         
07/07/16                  10:34:49.0                1.8839917899E+2           3.4125000000E+1           7.8555246309E+2           3.3924420492E+4           -9.2365437012E+0          -6.1796928476E+1         
07/07/16                  10:34:58.9                1.8839929315E+2           3.4130681820E+1           7.8539010826E+2           3.3856195093E+4           -8.7942623982E+0          -6.1672446902E+1         
07/07/16                  10:35:09.7                1.8839941860E+2           3.4142857140E+1           7.8579898841E+2           3.3623150934E+4           -9.1450884691E+0          -6.2791330465E+1         
07/07/16                  10:35:19.3                1.8839952902E+2           3.4156250000E+1           7.8557269941E+2           3.3732401257E+4           -8.9610752029E+0          -6.2135643976E+1         
07/07/16                  10:35:28.7                1.8839963842E+2           3.4131250000E+1           7.8584815892E+2           3.3642595577E+4           -9.0860526545E+0          -6.3006313198E+1         
07/07/16                  10:35:38.5                1.8839975118E+2           3.4159722220E+1           7.8586294338E+2           3.3582413199E+4           -9.4663326132E+0          -6.3340817104E+1         
07/07/16                  10:35:48.8                1.8839987079E+2           3.4181818180E+1           7.8573657423E+2           3.3586230207E+4           -9.3463668669E+0          -6.2817485793E+1         
07/07/16                  10:36:00.7                1.8840000834E+2           3.4187500000E+1           7.8590379800E+2           3.3871645132E+4           -9.5886010475E+0          -6.2631070456E+1         
07/07/16                  10:36:14.0                1.8840016276E+2           3.4187500000E+1           7.8569628496E+2           3.3990636273E+4           -9.4720069347E+0          -6.2480265439E+1         
07/07/16                  10:36:29.7                1.8840034412E+2           3.4187500000E+1           7.8577858310E+2           3.4059397359E+4           -9.3320219327E+0          -6.2245402131E+1         
07/07/16                  10:36:44.6                1.8840051704E+2           3.4210937500E+1           7.8606134500E+2           3.4400394222E+4           -8.6670643155E+0          -6.1075124784E+1         
07/07/16                  10:36:58.5                1.8840067821E+2           3.4250000000E+1           7.8519042970E+2           3.4303187124E+4           -8.4201344157E+0          -6.1804188868E+1         
07/07/16                  10:37:11.0                1.8840082233E+2           3.4250000000E+1           7.8574613859E+2           3.3902905149E+4           -9.1822677718E+0          -6.2475594270E+1         
07/07/16                  10:37:22.2                1.8840095212E+2           3.4262500000E+1           7.8608992300E+2           3.3841746917E+4           -9.8934555090E+0          -6.2458843024E+1         
07/07/16                  10:37:33.2                1.8840107930E+2           3.4268750000E+1           7.8566282784E+2           3.4208962723E+4           -8.9070769684E+0          -6.2100190099E+1         
07/07/16                  10:37:46.0                1.8840122761E+2           3.4302083330E+1           7.8577767355E+2           3.4223493296E+4           -9.3495247882E+0          -6.1878890334E+1         
07/07/16                  10:37:59.7                1.8840138630E+2           3.4312500000E+1           7.8597035865E+2           3.4299659724E+4           -8.7530154887E+0          -6.2249436764E+1         
07/07/16                  10:38:13.5                1.8840154620E+2           3.4316964290E+1           7.8612358392E+2           3.4200629110E+4           -9.1269247824E+0          -6.2698287992E+1         
07/07/16                  10:38:25.2                1.8840168128E+2           3.4322916670E+1           7.8588274604E+2           3.4122505517E+4           -9.2363237303E+0          -6.1894404951E+1         
07/07/16                  10:38:35.5                1.8840180000E+2           3.4350000000E+1           7.8593009853E+2           3.4138387521E+4           -9.0898293220E+0          -6.2565231977E+1         
07/07/16                  10:38:48.2                1.8840194769E+2           3.4369791670E+1           7.8548749699E+2           3.4257728183E+4           -9.2838473558E+0          -6.1641155146E+1         
07/07/16                  10:38:59.0                1.8840207203E+2           3.4375000000E+1           7.8594931476E+2           3.4259382678E+4           -9.1656561017E+0          -6.2020279050E+1         
07/07/16                  10:39:10.3                1.8840220318E+2           3.4375000000E+1           7.8542884808E+2           3.4293720260E+4           -9.1178669986E+0          -6.1337435388E+1         
07/07/16                  10:39:21.3                1.8840233016E+2           3.4375000000E+1           7.8603305965E+2           3.4478707111E+4           -9.1473118590E+0          -6.2307244311E+1         
07/07/16                  10:39:33.3                1.8840246928E+2           3.4375000000E+1           7.8524496754E+2           3.4463261470E+4           -8.6202237265E+0          -6.1144845710E+1         
07/07/16                  10:39:47.8                1.8840263733E+2           3.4406250000E+1           7.8573086245E+2           3.3955363046E+4           -8.8061292380E+0          -6.2440545507E+1         
07/07/16                  10:40:04.7                1.8840283283E+2           3.4437500000E+1           7.8570469333E+2           3.4152103901E+4           -1.0276314587E+1          -6.3085896548E+1         
07/07/16                  10:40:17.6                1.8840298157E+2           3.4437500000E+1           7.7844565965E+2           2.7445174099E+4           -5.3901926215E-1          -6.2934556812E+1         
07/07/16                  10:40:23.7                1.8840305245E+2           3.4462500000E+1           7.8702749701E+2           1.4860154567E+4           -9.6450083880E+0          -6.7405427956E+1         
07/07/16                  10:40:28.9                1.8840311256E+2           3.4458333330E+1           7.8671288532E+2           8.1261990383E+3           -1.0783003445E+1          -6.5842893303E+1         
07/07/16                  10:40:34.0                1.8840317208E+2           3.4500000000E+1           7.8678701043E+2           4.7008031842E+3           -1.1651457429E+1          -6.4583508482E+1         
07/07/16                  10:40:40.9                1.8840325199E+2           3.4500000000E+1           7.8738565510E+2           2.5374916791E+3           -1.0632503222E+1          -7.4886533666E+1         
07/07/16                  10:40:46.0                1.8840331034E+2           3.4500000000E+1           7.8704527698E+2           1.8112507082E+3           -1.0063117879E+1          -6.5755702079E+1         
07/07/16                  10:40:51.0                1.8840336891E+2           3.4500000000E+1           7.8721970261E+2           1.4101345367E+3           -7.6814845613E+0          -7.1406892645E+1         
07/07/16                  10:40:56.1                1.8840342752E+2           3.4500000000E+1           7.8704287304E+2           1.1829954063E+3           -7.0806668627E+0          -6.4995352107E+1         
07/07/16                  10:41:01.1                1.8840348606E+2           3.4500000000E+1           7.8677835480E+2           1.0471638694E+3           -6.9679266473E+0          -3.9862473750E+1         
07/07/16                  10:41:06.2                1.8840354467E+2           3.4537500000E+1           7.8722348411E+2           9.5497336986E+2           -3.0814167395E+0          -6.3310617565E+1         
07/07/16                  10:41:11.3                1.8840360308E+2           3.4550000000E+1           7.8696209813E+2           8.9822873922E+2           -3.4988678063E+0          -5.0135047905E+1         
07/07/16                  10:41:16.3                1.8840366105E+2           3.4562500000E+1           7.9002674625E+2           9.1890582237E+2           4.1075758390E+2           -4.6482056125E+2         
07/07/16                  10:41:21.4                1.8840372055E+2           3.4562500000E+1           7.8720055281E+2           8.9996296472E+3           -1.3661785725E+1          -6.7280338939E+1         
07/07/16                  10:41:26.8                1.8840378295E+2           3.4562500000E+1           7.8443985225E+2           2.1484613334E+4           -8.8432255822E+0          -6.2799281209E+1         
07/07/16                  10:41:33.5                1.8840386030E+2           3.4601562500E+1           7.8606329565E+2           2.9734562438E+4           -8.3692920730E+0          -6.4287617766E+1         
07/07/16                  10:41:45.5                1.8840399902E+2           3.4609375000E+1           7.8744885953E+2           3.4067337624E+4           -9.3612205418E+0          -6.2798877465E+1         
07/07/16                  10:41:57.8                1.8840414228E+2           3.4625000000E+1           7.8540393669E+2           3.5150218214E+4           -8.6619430241E+0          -5.9802596922E+1         
07/07/16                  10:42:12.1                1.8840430686E+2           3.4666666670E+1           7.8576754182E+2           3.5579962517E+4           -7.1585487203E+0          -5.9719102269E+1         
07/07/16                  10:42:26.0                1.8840446864E+2           3.4692307690E+1           7.8614127349E+2           3.6120201899E+4           -7.9212717370E+0          -5.9330857218E+1         
07/07/16                  10:42:40.9                1.8840464007E+2           3.4729166670E+1           7.8559424940E+2           3.6484485046E+4           -9.3471946841E+0          -5.8614017289E+1         
07/07/16                  10:42:56.1                1.8840481661E+2           3.4754166670E+1           7.8614358144E+2           3.5897477977E+4           -9.4498468900E+0          -5.9743466580E+1         
07/07/16                  10:43:12.5                1.8840500603E+2           3.4804166670E+1           7.8577837652E+2           3.6047650508E+4           -9.4220645783E+0          -5.9458878546E+1         
07/07/16                  10:43:27.1                1.8840517583E+2           3.4812500000E+1           7.8538698088E+2           3.5415530565E+4           -9.3012038799E+0          -6.0591209448E+1         
07/07/16                  10:43:40.2                1.8840532741E+2           3.4862500000E+1           7.8650573450E+2           3.5196021611E+4           -9.5959184837E+0          -6.2035547072E+1         
07/07/16                  10:43:55.1                1.8840549935E+2           3.4909090910E+1           7.8556206576E+2           3.5576292502E+4           -8.8164727710E+0          -5.9995299875E+1         
07/07/16                  10:44:07.4                1.8840564176E+2           3.4937500000E+1           7.8647912784E+2           3.5760372926E+4           -9.9497285271E+0          -6.0787235109E+1         
07/07/16                  10:44:23.3                1.8840582616E+2           3.4944852940E+1           7.8646837379E+2           3.6290398194E+4           -9.1724966667E+0          -6.5662893293E+1         
07/07/16                  10:44:45.3                1.8840608027E+2           3.4973214290E+1           7.8573357901E+2           3.5665816963E+4           -2.9664039070E+0          -6.6785903561E+1         
07/07/16                  10:45:01.1                1.8840626369E+2           3.4980769230E+1           7.8585575576E+2           3.5431536518E+4           -9.4619641969E+0          -6.0288044718E+1         
07/07/16                  10:45:13.7                1.8840640889E+2           3.4956730770E+1           7.8564874150E+2           3.5386794131E+4           -8.2714627964E+0          -6.0044943865E+1         
07/07/16                  10:45:26.7                1.8840655945E+2           3.4960227270E+1           7.8537890364E+2           3.5161252647E+4           -9.5331437522E+0          -6.0220551398E+1         
07/07/16                  10:45:42.7                1.8840674528E+2           3.4992187500E+1           7.8578574868E+2           3.5091143782E+4           -9.0718144053E+0          -6.0876203113E+1         
07/07/16                  10:45:54.6                1.8840688198E+2           3.5000000000E+1           7.8590880430E+2           3.5268420135E+4           -8.9685559759E+0          -6.0375436974E+1         
07/07/16                  10:46:10.2                1.8840706346E+2           3.5000000000E+1           7.8617951972E+2           3.5485251148E+4           -8.7656767867E+0          -5.9990662789E+1         
07/07/16                  10:46:29.1                1.8840728183E+2           3.5029411760E+1           7.8609661027E+2           3.5352598910E+4           -9.4725080400E+0          -6.0111950134E+1         
07/07/16                  10:46:46.3                1.8840748055E+2           3.5054166670E+1           7.8626741763E+2           3.5788736107E+4           -9.6585487413E+0          -6.0820419941E+1         
07/07/16                  10:47:02.8                1.8840767144E+2           3.5072916670E+1           7.8481979846E+2           3.6083841687E+4           -9.4286196940E+0          -5.9198011921E+1         
07/07/16                  10:47:24.9                1.8840792740E+2           3.5141304350E+1           7.8607492405E+2           3.5936617090E+4           -9.4338144707E+0          -5.8952437584E+1         
07/07/16                  10:47:46.1                1.8840817277E+2           3.5194852940E+1           7.8647484370E+2           3.5725861827E+4           -6.8374277533E+0          -6.1905797044E+1         
07/07/16                  10:48:02.8                1.8840836630E+2           3.5250000000E+1           7.8601490788E+2           3.6265988184E+4           -9.4206119196E+0          -5.9141137824E+1         
07/07/16                  10:48:19.2                1.8840855616E+2           3.5268382350E+1           7.8560830934E+2           3.5813233948E+4           -5.5576530482E+0          -6.0485551484E+1         
07/07/16                  10:48:36.0                1.8840875007E+2           3.5307692310E+1           7.8611468062E+2           3.5389576055E+4           -1.0112307914E+1          -5.9391447871E+1         
07/07/16                  10:48:51.7                1.8840893255E+2           3.5334821430E+1           7.8525473180E+2           3.5057808369E+4           -9.1434834564E+0          -6.0014715862E+1         
07/07/16                  10:49:02.4                1.8840905563E+2           3.5361111110E+1           7.8612812113E+2           3.5116913806E+4           -9.1780111329E+0          -6.1798465810E+1         
07/07/16                  10:49:13.6                1.8840918525E+2           3.5375000000E+1           7.8555107604E+2           3.5295337796E+4           -9.2499609095E+0          -6.0740819103E+1         
07/07/16                  10:49:27.2                1.8840934351E+2           3.5400735290E+1           7.8560191438E+2           3.5207598926E+4           -8.8949881198E+0          -6.0852168277E+1         
07/07/16                  10:49:42.9                1.8840952505E+2           3.5437500000E+1           7.8557970302E+2           3.5133625420E+4           -9.3517222962E+0          -6.0145705199E+1         
07/07/16                  10:49:55.2                1.8840966687E+2           3.5437500000E+1           7.8678498903E+2           3.5419140500E+4           -9.2789957688E+0          -6.1933275069E+1         
07/07/16                  10:50:10.8                1.8840984823E+2           3.5437500000E+1           7.8007685283E+2           3.5716818669E+4           -7.1487986898E+0          -1.6048654871E+1         
07/07/16                  10:50:19.9                1.8840995271E+2           3.5437500000E+1           7.8623678005E+2           2.2721375465E+4           -8.2239570046E+0          -6.2844224951E+1         
07/07/16                  10:50:25.2                1.8841001467E+2           3.5458333330E+1           7.8727634784E+2           1.2376977411E+4           -9.1050483875E+0          -6.5898925706E+1         
07/07/16                  10:50:30.4                1.8841007413E+2           3.5450000000E+1           7.8726085599E+2           6.8929344190E+3           -1.0995646714E+1          -7.0690990882E+1         
07/07/16                  10:50:35.5                1.8841013311E+2           3.5437500000E+1           7.8733846576E+2           4.0905398178E+3           -1.1316241150E+1          -7.6864472116E+1         
07/07/16                  10:50:40.5                1.8841019200E+2           3.5437500000E+1           7.8694478282E+2           2.6537728902E+3           -1.1429500563E+1          -6.5262746332E+1         
07/07/16                  10:50:45.6                1.8841025040E+2           3.5437500000E+1           7.8703538242E+2           1.8995547843E+3           -1.0220452131E+1          -7.0810825952E+1         
07/07/16                  10:50:50.6                1.8841030890E+2           3.5462500000E+1           7.8717746199E+2           1.4870561255E+3           -7.9744041964E+0          -7.9246165323E+1         
07/07/16                  10:50:55.7                1.8841036739E+2           3.5437500000E+1           7.8693454364E+2           1.2548255207E+3           -7.4172483453E+0          -6.5963410438E+1         
07/07/16                  10:51:00.7                1.8841042592E+2           3.5437500000E+1           7.8701749920E+2           1.1142797694E+3           -6.7140989364E+0          -6.6756357644E+1         
07/07/16                  10:51:05.8                1.8841048472E+2           3.5437500000E+1           7.8686037007E+2           1.0251294834E+3           -6.6809964962E+0          -4.6964452566E+1         
07/07/16                  10:51:12.7                1.8841056427E+2           3.5437500000E+1           7.8721347998E+2           9.4791657665E+2           -3.3278518199E+0          -7.6874439515E+1         
07/07/16                  10:51:17.8                1.8841062276E+2           3.5437500000E+1           7.8893373188E+2           2.3321178692E+3           -1.5838959641E+1          -5.8450241053E+1         
07/07/16                  10:51:22.8                1.8841068162E+2           3.5437500000E+1           7.8595967601E+2           1.2312646678E+4           -1.1454127894E+1          -6.7877694627E+1         
07/07/16                  10:51:28.3                1.8841074464E+2           3.5437500000E+1           7.8477388001E+2           2.3296652191E+4           -8.0626989707E+0          -6.4273660137E+1         
07/07/16                  10:51:34.8                1.8841081986E+2           3.5437500000E+1           7.8479457599E+2           2.9611435633E+4           -7.6069306604E+0          -6.2768681013E+1         
07/07/16                  10:51:43.3                1.8841091885E+2           3.5437500000E+1           7.8705272397E+2           3.2635682714E+4           -1.0193688027E+1          -6.4911356563E+1         
07/07/16                  10:51:53.7                1.8841103877E+2           3.5437500000E+1           7.8560830322E+2           3.4028224192E+4           -8.6957439269E+0          -5.8179667339E+1         
07/07/16                  10:52:05.2                1.8841117174E+2           3.5437500000E+1           7.8590178144E+2           3.4205569457E+4           -9.0860896042E+0          -6.2042659295E+1         
07/07/16                  10:52:16.0                1.8841129632E+2           3.5437500000E+1           7.8562498142E+2           3.4423181758E+4           -9.1548168826E+0          -6.2184209080E+1         
07/07/16                  10:52:28.9                1.8841144566E+2           3.5437500000E+1           7.8550221129E+2           3.4279901201E+4           -8.7165729583E+0          -6.1773148650E+1         
07/07/16                  10:52:41.0                1.8841158589E+2           3.5425000000E+1           7.8601284070E+2           3.3974599217E+4           -7.8712486244E+0          -6.1962697851E+1         
07/07/16                  10:53:00.0                1.8841180563E+2           3.5408333330E+1           7.8510637946E+2           3.3952918775E+4           -8.7218942937E+0          -6.2456439986E+1         
07/07/16                  10:53:13.0                1.8841195630E+2           3.5389423080E+1           7.8540542311E+2           3.3842467859E+4           -9.2124725520E+0          -6.2747627283E+1         
07/07/16                  10:53:26.5                1.8841211324E+2           3.5375000000E+1           7.8573108989E+2           3.3716992960E+4           -8.8999338667E+0          -6.3511534744E+1         
07/07/16                  10:53:39.7                1.8841226602E+2           3.5375000000E+1           7.8601095759E+2           3.3890998816E+4           -8.8209713358E+0          -6.2997137590E+1         
07/07/16                  10:53:50.8                1.8841239457E+2           3.5375000000E+1           7.8671604620E+2           3.4014115920E+4           -8.8017688762E+0          -6.5379818423E+1         
07/07/16                  10:54:05.6                1.8841256574E+2           3.5375000000E+1           7.8533349971E+2           3.4297778757E+4           -8.8479018600E+0          -6.1614823444E+1         
07/07/16                  10:54:19.3                1.8841272409E+2           3.5375000000E+1           7.8579202290E+2           3.4149016258E+4           -8.8472384952E+0          -6.2203467070E+1         
07/07/16                  10:54:30.7                1.8841285592E+2           3.5369791670E+1           7.8558307702E+2           3.4100178211E+4           -9.7537472080E+0          -6.1887705401E+1         
07/07/16                  10:54:42.7                1.8841299535E+2           3.5370535710E+1           7.8553716502E+2           3.4533238380E+4           -8.9519542977E+0          -6.1190722254E+1         
07/07/16                  10:54:56.0                1.8841314833E+2           3.5368750000E+1           7.8606519304E+2           3.4676897435E+4           -8.9356195690E+0          -6.1752677605E+1         
07/07/16                  10:55:09.0                1.8841329885E+2           3.5375000000E+1           7.8573226555E+2           3.4631632413E+4           -8.5934797511E+0          -6.0899635790E+1         
07/07/16                  10:55:25.9                1.8841349536E+2           3.5375000000E+1           7.8612495493E+2           3.4649849400E+4           -9.2685263502E+0          -6.2405247225E+1         
07/07/16                  10:55:42.1                1.8841368255E+2           3.5370192310E+1           7.8661807699E+2           3.4851469632E+4           -1.0162304479E+1          -6.2129637285E+1         
07/07/16                  10:55:58.0                1.8841386646E+2           3.5360294120E+1           7.8627070239E+2           3.5169008838E+4           -8.4290195235E+0          -6.1493668284E+1         
07/07/16                  10:56:13.7                1.8841404812E+2           3.5354166670E+1           7.8576888789E+2           3.5100424979E+4           -9.0308254837E+0          -6.1468232746E+1         
07/07/16                  10:56:29.3                1.8841422842E+2           3.5370535710E+1           7.8552071032E+2           3.4780123618E+4           -8.0507090134E+0          -6.1066890990E+1         
07/07/16                  10:56:43.7                1.8841439540E+2           3.5375000000E+1           7.8585044255E+2           3.4578794786E+4           -9.2465326907E+0          -6.1624618440E+1         
07/07/16                  10:56:57.0                1.8841454911E+2           3.5375000000E+1           7.8564200404E+2           3.4778168097E+4           -8.7998413010E+0          -6.1741819146E+1         
07/07/16                  10:57:08.0                1.8841467673E+2           3.5379807690E+1           7.8598792867E+2           3.4763364887E+4           -9.1432087264E+0          -6.2024052712E+1         
07/07/16                  10:57:20.6                1.8841482289E+2           3.5399038460E+1           7.8670483009E+2           3.4524771219E+4           -8.9627051266E+0          -6.6496402824E+1         
07/07/16                  10:57:33.4                1.8841497095E+2           3.5437500000E+1           7.8562470522E+2           3.5253877757E+4           -9.2337855994E+0          -5.9882431806E+1         
07/07/16                  10:57:48.2                1.8841514142E+2           3.5441406250E+1           7.8708481635E+2           3.5376702608E+4           -9.6503579853E+0          -6.2001426460E+1         
07/07/16                  10:58:03.5                1.8841531925E+2           3.5485576920E+1           7.8520421192E+2           3.5741931077E+4           -9.5722028679E+0          -5.9997884630E+1         
07/07/16                  10:58:18.2                1.8841548926E+2           3.5500000000E+1           7.8592393296E+2           3.5482216195E+4           -9.1141534003E+0          -6.1133603551E+1         
07/07/16                  10:58:32.7                1.8841565630E+2           3.5500000000E+1           7.8508929215E+2           3.5410369394E+4           -9.3612073538E+0          -5.8836691462E+1         
07/07/16                  10:58:50.9                1.8841586712E+2           3.5500000000E+1           7.8674101690E+2           3.5206031524E+4           -9.3418023202E+0          -6.2084740694E+1         
07/07/16                  10:59:06.5                1.8841604759E+2           3.5500000000E+1           7.8593599747E+2           3.5238035044E+4           -8.6374961101E+0          -6.1238083522E+1         
07/07/16                  10:59:19.7                1.8841620117E+2           3.5500000000E+1           7.8475191052E+2           3.5309081780E+4           -9.3392202536E+0          -5.7696594481E+1         
07/07/16                  10:59:37.4                1.8841640541E+2           3.5516666670E+1           7.8640425238E+2           3.4533753543E+4           -8.4058143733E+0          -6.3715328013E+1         
07/07/16                  10:59:52.0                1.8841657503E+2           3.5525000000E+1           7.8574423168E+2           3.4566266906E+4           -8.7223156636E+0          -6.2074608338E+1         
07/07/16                  11:00:07.9                1.8841675876E+2           3.5523437500E+1           7.8614293499E+2           3.4308095947E+4           -8.6180888551E+0          -6.3811446821E+1         
07/07/16                  11:00:20.5                1.8841690484E+2           3.5527777780E+1           7.8592921345E+2           3.4301974528E+4           -8.8442017719E+0          -6.3214058918E+1         
07/07/16                  11:00:34.5                1.8841706607E+2           3.5540178570E+1           7.8565714221E+2           3.4289897985E+4           -8.9058576877E+0          -6.2492135971E+1         
