DATE                      TIME                      DAYS_SINCE_JAN            DAS_TEMP_(C)              BASELINE                  H2O                       D_1816                    D_DH                     
02/20/16                  22:12:35.5                5.0925412034E+1           2.9000000000E+1           7.8580518420E+2           6.8200203289E+3           2.5720992806E+0           -4.0949341331E+1         
02/20/16                  22:12:42.5                5.0925492344E+1           2.9000000000E+1           7.8623162007E+2           2.7541156834E+3           4.0755970524E+0           -3.0410444392E+1         
02/20/16                  22:12:47.5                5.0925550734E+1           2.9000000000E+1           7.8607804638E+2           1.4721157720E+3           5.9816390131E+0           -1.8556244125E+1         
02/20/16                  22:12:52.6                5.0925609450E+1           2.9000000000E+1           7.8668419023E+2           8.6125730568E+2           1.4341757474E+1           -6.4411819715E+1         
02/20/16                  22:12:57.7                5.0925668174E+1           2.9000000000E+1           7.8620907993E+2           5.7072669166E+2           1.8652619567E+1           -4.4876848190E+1         
02/20/16                  22:13:02.7                5.0925726837E+1           2.9000000000E+1           7.8580833716E+2           4.2432172750E+2           2.0219887541E+1           4.9537712233E+1          
02/20/16                  22:13:07.8                5.0925785641E+1           2.9000000000E+1           7.8631641543E+2           3.3891848088E+2           3.5235348613E+1           -1.0443099619E+1         
02/20/16                  22:13:12.9                5.0925844010E+1           2.9000000000E+1           7.8633729286E+2           2.8986120262E+2           4.1555155450E+1           -1.6101818538E+1         
02/20/16                  22:13:17.9                5.0925902494E+1           2.9000000000E+1           7.8625825796E+2           2.5948252100E+2           4.3749553149E+1           -2.7552448977E+1         
02/20/16                  22:13:23.0                5.0925961048E+1           2.9000000000E+1           7.8632179309E+2           2.3647275053E+2           5.1241498476E+1           -4.2610325506E+1         
02/20/16                  22:13:28.1                5.0926019881E+1           2.9000000000E+1           7.8587549260E+2           2.2321885155E+2           4.4435248322E+1           1.1135284654E+2          
02/20/16                  22:13:33.2                5.0926078808E+1           2.9000000000E+1           7.8656002001E+2           2.0504665053E+2           6.6707662111E+1           -1.2828696593E+2         
02/20/16                  22:13:40.1                5.0926158657E+1           2.9000000000E+1           7.8605352761E+2           1.9315429758E+2           6.4846263698E+1           1.0810813778E+2          
02/20/16                  22:13:45.1                5.0926217134E+1           2.9000000000E+1           7.8618264266E+2           1.8466925311E+2           6.3747679969E+1           8.5779936676E+1          
02/20/16                  22:13:50.2                5.0926275695E+1           2.9000000000E+1           7.8622797173E+2           1.7620392033E+2           7.2488611726E+1           -1.0549430628E+1         
02/20/16                  22:13:55.2                5.0926334177E+1           2.9000000000E+1           7.8580304877E+2           1.7257141503E+2           5.7905224575E+1           2.2554315581E+2          
02/20/16                  22:14:00.3                5.0926392710E+1           2.9000000000E+1           7.8628113250E+2           1.6354621602E+2           7.5401447319E+1           9.0853489203E+0          
02/20/16                  22:14:05.4                5.0926451452E+1           2.9000000000E+1           7.8630095125E+2           1.5817151787E+2           7.7858246789E+1           7.2099204822E+0          
02/20/16                  22:14:10.4                5.0926509823E+1           2.9000000000E+1           7.8644301255E+2           1.5153953272E+2           9.1621732674E+1           -5.0643512216E+1         
02/20/16                  22:14:15.5                5.0926568474E+1           2.9000000000E+1           7.8637629490E+2           1.4698304955E+2           9.6786663176E+1           1.5234453799E+1          
02/20/16                  22:14:20.5                5.0926627202E+1           2.9000000000E+1           7.8634956650E+2           1.4363841637E+2           9.2144310246E+1           4.8545789291E+0          
02/20/16                  22:14:25.6                5.0926685687E+1           2.9000000000E+1           7.8633018610E+2           1.3917249501E+2           9.9385327850E+1           -1.0188898747E+2         
02/20/16                  22:14:30.7                5.0926744606E+1           2.9000000000E+1           7.8629442223E+2           1.3617717342E+2           9.8871506875E+1           8.8095330288E+1          
02/20/16                  22:14:37.6                5.0926824500E+1           2.9000000000E+1           7.8630939147E+2           1.3200429796E+2           9.7298307818E+1           -1.5386677331E+1         
02/20/16                  22:14:42.6                5.0926882938E+1           2.9000000000E+1           7.8605925478E+2           1.3023181912E+2           9.3690704949E+1           1.2427689648E+2          
02/20/16                  22:14:47.7                5.0926941808E+1           2.9000000000E+1           7.8638735783E+2           1.2536048560E+2           1.1004613848E+2           -6.2979988855E+1         
02/20/16                  22:14:52.8                5.0927000626E+1           2.9000000000E+1           7.8582688101E+2           1.2644377300E+2           8.4398182670E+1           1.5831096239E+2          
02/20/16                  22:14:57.9                5.0927059413E+1           2.9000000000E+1           7.8579437697E+2           1.2398973646E+2           8.8169581120E+1           2.5806390125E+2          
02/20/16                  22:15:03.0                5.0927118267E+1           2.9000000000E+1           7.8621751140E+2           1.1891182999E+2           1.0734799260E+2           2.7414964651E+1          
02/20/16                  22:15:08.0                5.0927176675E+1           2.9000000000E+1           7.8639129221E+2           1.1568736958E+2           1.2006794240E+2           -3.6782169679E+1         
02/20/16                  22:15:13.1                5.0927235272E+1           2.9000000000E+1           7.8620883701E+2           1.1448566146E+2           1.1423350309E+2           -3.7532574483E+1         
02/20/16                  22:15:18.1                5.0927293864E+1           2.9012500000E+1           7.8623779733E+2           1.1132032183E+2           1.2908767357E+2           6.2425274837E+1          
02/20/16                  22:15:23.2                5.0927352507E+1           2.9000000000E+1           7.8627690227E+2           1.0934323323E+2           1.3065899487E+2           -5.5000344254E+1         
02/20/16                  22:15:28.3                5.0927411351E+1           2.9025000000E+1           7.8587238929E+2           1.1096716656E+2           1.0875358669E+2           2.5542276468E+2          
02/20/16                  22:15:35.2                5.0927491277E+1           2.9000000000E+1           7.8651640873E+2           1.0395833902E+2           1.4608138940E+2           -4.8268324318E+1         
02/20/16                  22:15:40.3                5.0927549972E+1           2.9000000000E+1           7.8635970120E+2           1.0411024090E+2           1.2769083636E+2           -4.9743250529E+1         
02/20/16                  22:15:45.3                5.0927608473E+1           2.9000000000E+1           7.8607849538E+2           1.0415615253E+2           1.2050058868E+2           1.5298668044E+2          
02/20/16                  22:15:50.4                5.0927667185E+1           2.9000000000E+1           7.8638796553E+2           1.0167162515E+2           1.2569454760E+2           -4.5312309685E+1         
02/20/16                  22:15:55.5                5.0927725924E+1           2.9000000000E+1           7.8624937695E+2           9.9228614925E+1           1.3973850430E+2           -8.3175539938E+1         
02/20/16                  22:16:00.5                5.0927784524E+1           2.9000000000E+1           7.8606460614E+2           1.0024418425E+2           1.2056004340E+2           1.9052108815E+2          
02/20/16                  22:16:05.6                5.0927842888E+1           2.9000000000E+1           7.8593221762E+2           9.9653890919E+1           1.2285839392E+2           3.2751459152E+2          
02/20/16                  22:16:10.6                5.0927901490E+1           2.9000000000E+1           7.8630961394E+2           9.5632133904E+1           1.4389564250E+2           1.6972875878E+1          
02/20/16                  22:16:15.7                5.0927960162E+1           2.9000000000E+1           7.8623942381E+2           9.4670518517E+1           1.4812214201E+2           1.1671584098E+2          
02/20/16                  22:16:20.8                5.0928018758E+1           2.9000000000E+1           7.8616557455E+2           9.3941185378E+1           1.4048070309E+2           1.3819719248E+2          
02/20/16                  22:16:25.9                5.0928077638E+1           2.9000000000E+1           7.8612219639E+2           9.3218329360E+1           1.3698315778E+2           2.2468611386E+2          
02/20/16                  22:16:32.8                5.0928157470E+1           2.9012500000E+1           7.8589064302E+2           9.3062094470E+1           1.2816782832E+2           2.3584271814E+2          
02/20/16                  22:16:37.8                5.0928215919E+1           2.9012500000E+1           7.8580807611E+2           9.3429895784E+1           1.1471349319E+2           2.9418409148E+2          
02/20/16                  22:16:42.9                5.0928274562E+1           2.9000000000E+1           7.8646804158E+2           8.6897107554E+1           1.7387283775E+2           -1.9496806710E+2         
02/20/16                  22:16:47.9                5.0928333137E+1           2.9012500000E+1           7.8617331503E+2           8.7743922177E+1           1.5621593294E+2           3.4233776600E+1          
02/20/16                  22:16:53.0                5.0928391630E+1           2.9000000000E+1           7.8611515508E+2           8.9028764442E+1           1.2541405291E+2           -7.1600937631E+1         
02/20/16                  22:16:58.1                5.0928450260E+1           2.9000000000E+1           7.8605631167E+2           8.7139261904E+1           1.4556492970E+2           2.1272194639E+2          
02/20/16                  22:17:03.1                5.0928508722E+1           2.9000000000E+1           7.8629580682E+2           8.4413582197E+1           1.7087679874E+2           1.6641804416E+1          
02/20/16                  22:17:08.2                5.0928567631E+1           2.9000000000E+1           7.8604151152E+2           8.5619785836E+1           1.4225651128E+2           3.3641706314E+2          
02/20/16                  22:17:13.3                5.0928626222E+1           2.9000000000E+1           7.8623922796E+2           8.3159179839E+1           1.7280030994E+2           6.1939764226E+1          
02/20/16                  22:17:18.3                5.0928684908E+1           2.9000000000E+1           7.8643376808E+2           8.0869229154E+1           1.8175271689E+2           -1.7269618001E+2         
02/20/16                  22:17:23.4                5.0928743789E+1           2.9000000000E+1           7.8634415128E+2           7.9528481206E+1           1.9652138309E+2           2.3160374727E+1          
02/20/16                  22:17:30.3                5.0928823624E+1           2.9000000000E+1           7.8608463547E+2           8.0982338449E+1           1.6810337175E+2           1.9853144231E+2          
02/20/16                  22:17:35.4                5.0928882207E+1           2.9000000000E+1           7.8644248530E+2           7.7209837432E+1           2.0680437935E+2           -1.6596740458E+2         
02/20/16                  22:17:40.4                5.0928940870E+1           2.9000000000E+1           7.8646959217E+2           7.7074826716E+1           2.0228713308E+2           -2.2251456101E+2         
02/20/16                  22:17:45.5                5.0928999502E+1           2.9000000000E+1           7.8592812017E+2           8.0512721349E+1           1.4442951136E+2           3.1047592690E+2          
02/20/16                  22:17:50.6                5.0929058193E+1           2.9000000000E+1           7.8611723995E+2           7.9131232748E+1           1.5857251499E+2           1.9522597018E+2          
02/20/16                  22:17:55.7                5.0929117094E+1           2.9000000000E+1           7.8594575562E+2           7.7916861243E+1           1.6730626542E+2           3.4675098835E+2          
02/20/16                  22:18:00.7                5.0929175765E+1           2.9000000000E+1           7.8617053299E+2           7.6795225984E+1           1.7174902583E+2           1.1508370111E+2          
02/20/16                  22:18:05.8                5.0929234426E+1           2.9000000000E+1           7.8611136668E+2           7.6353531033E+1           1.7936323021E+2           2.5881237960E+2          
02/20/16                  22:18:10.9                5.0929293188E+1           2.9000000000E+1           7.8585680582E+2           7.7767861376E+1           1.4920591506E+2           2.2364064555E+2          
02/20/16                  22:18:15.9                5.0929351779E+1           2.9000000000E+1           7.8624125159E+2           7.3941356813E+1           1.9178891602E+2           4.3954325528E+1          
02/20/16                  22:18:21.0                5.0929410516E+1           2.9000000000E+1           7.8616606723E+2           7.4683230563E+1           1.7255248682E+2           2.7076048695E+2          
02/20/16                  22:18:27.9                5.0929490653E+1           2.9000000000E+1           7.8628598756E+2           7.1968612816E+1           2.0406319565E+2           3.7566072298E+1          
02/20/16                  22:18:33.0                5.0929549061E+1           2.9000000000E+1           7.8615828207E+2           7.2045232285E+1           1.9658855980E+2           5.4353055539E+1          
02/20/16                  22:18:38.1                5.0929607670E+1           2.9000000000E+1           7.8631618167E+2           7.1177783323E+1           2.0095633681E+2           2.0180166958E+2          
02/20/16                  22:18:43.1                5.0929666231E+1           2.9000000000E+1           7.8653150352E+2           6.8231142856E+1           2.4044842956E+2           -3.5199821664E+2         
02/20/16                  22:18:48.2                5.0929724806E+1           2.9000000000E+1           7.8645597976E+2           6.8608031171E+1           2.2227325478E+2           -7.1428948290E+1         
02/20/16                  22:18:53.3                5.0929783607E+1           2.9000000000E+1           7.8635210533E+2           6.9262566769E+1           2.1332923401E+2           8.2606892136E-1          
02/20/16                  22:18:58.3                5.0929842387E+1           2.9000000000E+1           7.8588397861E+2           7.1261507316E+1           1.7456575170E+2           4.6822983430E+2          
02/20/16                  22:19:03.4                5.0929901181E+1           2.9000000000E+1           7.8627135373E+2           6.7882968259E+1           2.2852757454E+2           -5.8371430396E+1         
02/20/16                  22:19:08.5                5.0929959741E+1           2.9000000000E+1           7.8634900580E+2           6.7932639611E+1           2.1058891321E+2           1.5346629183E+2          
02/20/16                  22:19:13.5                5.0930018378E+1           2.9000000000E+1           7.8601027324E+2           6.9616759066E+1           1.7755845839E+2           3.1164520542E+2          
02/20/16                  22:19:18.6                5.0930077135E+1           2.9000000000E+1           7.8619015607E+2           6.6593466233E+1           2.2541002834E+2           1.3893431452E+2          
02/20/16                  22:19:25.5                5.0930157032E+1           2.9000000000E+1           7.8642517355E+2           6.5717855419E+1           2.3279518570E+2           -1.2838416110E+2         
02/20/16                  22:19:30.6                5.0930215686E+1           2.9000000000E+1           7.8635243836E+2           6.5348011254E+1           2.2878697486E+2           -9.9625132865E+1         
02/20/16                  22:19:35.7                5.0930274339E+1           2.9000000000E+1           7.8621529040E+2           6.6233207732E+1           2.0345920472E+2           1.3472134784E+2          
02/20/16                  22:19:40.7                5.0930332957E+1           2.9000000000E+1           7.8639820889E+2           6.3964728606E+1           2.4280237826E+2           -6.4418827120E+1         
02/20/16                  22:19:45.8                5.0930391540E+1           2.9000000000E+1           7.8611957662E+2           6.5727372249E+1           2.0601602734E+2           3.6926870480E+2          
02/20/16                  22:19:50.9                5.0930450241E+1           2.9000000000E+1           7.8629306563E+2           6.4022120928E+1           2.3128001817E+2           5.2951497849E+0          
02/20/16                  22:19:55.9                5.0930508767E+1           2.9000000000E+1           7.8623371820E+2           6.3704655930E+1           2.2352200158E+2           1.6687893580E+2          
02/20/16                  22:20:01.0                5.0930567490E+1           2.9000000000E+1           7.8623343064E+2           6.3309199934E+1           2.3057694835E+2           2.7697647601E+2          
02/20/16                  22:20:06.0                5.0930625987E+1           2.9000000000E+1           7.8599145579E+2           6.4969404713E+1           1.9566059694E+2           4.1172751276E+2          
02/20/16                  22:20:11.1                5.0930684524E+1           2.9041666670E+1           7.8583515585E+2           6.6294982820E+1           1.7695080108E+2           2.6751018797E+2          
02/20/16                  22:20:16.2                5.0930743426E+1           2.9000000000E+1           7.8578109197E+2           6.5679715328E+1           1.6658585775E+2           4.7482079336E+2          
02/20/16                  22:20:23.1                5.0930823481E+1           2.9000000000E+1           7.8623116609E+2           6.1239761424E+1           2.3753591626E+2           1.0171514158E+2          
02/20/16                  22:20:28.1                5.0930881920E+1           2.9012500000E+1           7.8595563736E+2           6.3182180559E+1           2.0630160121E+2           4.0427062381E+2          
02/20/16                  22:20:33.2                5.0930940682E+1           2.9000000000E+1           7.8612588316E+2           6.2046673251E+1           2.1395861965E+2           2.6345836547E+2          
02/20/16                  22:20:38.3                5.0930999479E+1           2.9012500000E+1           7.8616355425E+2           6.1599313684E+1           2.1807724480E+2           2.0707659859E+2          
02/20/16                  22:20:43.4                5.0931058269E+1           2.9020833330E+1           7.8644875547E+2           5.8781318102E+1           2.6269472444E+2           3.1663903110E+1          
02/20/16                  22:20:48.5                5.0931117106E+1           2.9012500000E+1           7.8631238606E+2           5.8920675471E+1           2.5455720967E+2           -3.9713271479E+1         
02/20/16                  22:20:53.5                5.0931175729E+1           2.9037500000E+1           7.8647798629E+2           5.7918131490E+1           2.6731387744E+2           -3.0811522331E+2         
02/20/16                  22:20:58.6                5.0931234280E+1           2.9062500000E+1           7.8611569897E+2           5.9809362547E+1           2.3427535591E+2           3.7467701661E+2          
02/20/16                  22:21:03.7                5.0931292847E+1           2.9062500000E+1           7.8655869498E+2           5.5856656435E+1           3.0075914401E+2           -3.0100318433E+2         
02/20/16                  22:21:08.7                5.0931351377E+1           2.9041666670E+1           7.8645757266E+2           5.6626614353E+1           2.8638679981E+2           -1.5287968942E+2         
02/20/16                  22:21:13.8                5.0931410203E+1           2.9031250000E+1           7.8614570655E+2           5.9438301846E+1           2.1555154506E+2           3.7347866967E+2          
02/20/16                  22:21:20.7                5.0931489940E+1           2.9012500000E+1           7.8639064431E+2           5.6069820698E+1           2.7098502033E+2           -2.8410860711E+2         
02/20/16                  22:21:25.7                5.0931548250E+1           2.9025000000E+1           7.8596152901E+2           5.8518480946E+1           2.2896616994E+2           4.9832435115E+2          
02/20/16                  22:21:30.8                5.0931606947E+1           2.9037500000E+1           7.8618620449E+2           5.7172492122E+1           2.5564870307E+2           2.1455002916E+2          
02/20/16                  22:21:35.8                5.0931665502E+1           2.9012500000E+1           7.8595161399E+2           5.8890748893E+1           2.1318212321E+2           6.2791170330E+2          
02/20/16                  22:21:40.9                5.0931723990E+1           2.9031250000E+1           7.8642829933E+2           5.4639866012E+1           2.9573265033E+2           8.8176616057E+1          
02/20/16                  22:21:46.0                5.0931782766E+1           2.9037500000E+1           7.8589349579E+2           5.7762169288E+1           2.3325937567E+2           5.9055975877E+2          
02/20/16                  22:21:51.0                5.0931841228E+1           2.9050000000E+1           7.8616348717E+2           5.7276380331E+1           2.2986723528E+2           1.6957630180E+2          
02/20/16                  22:21:56.1                5.0931900032E+1           2.9062500000E+1           7.8605110934E+2           5.5678379602E+1           2.6125099996E+2           5.8002477938E+2          
02/20/16                  22:22:01.2                5.0931958703E+1           2.9037500000E+1           7.8632275990E+2           5.3313047428E+1           3.0539422392E+2           1.8399633327E+2          
02/20/16                  22:22:06.2                5.0932017324E+1           2.9020833330E+1           7.8598195208E+2           5.6819924214E+1           2.2667523538E+2           4.4582486616E+2          
02/20/16                  22:22:11.3                5.0932076202E+1           2.9037500000E+1           7.8620531695E+2           5.4360007980E+1           2.7316862651E+2           2.4181249247E+2          
02/20/16                  22:22:18.2                5.0932156109E+1           2.9012500000E+1           7.8622690686E+2           5.3275380812E+1           2.8771229401E+2           2.1233688925E+2          
02/20/16                  22:22:23.3                5.0932214670E+1           2.9000000000E+1           7.8617409168E+2           5.3127355914E+1           2.8397409798E+2           4.0577703632E+2          
02/20/16                  22:22:28.4                5.0932273418E+1           2.9000000000E+1           7.8619633298E+2           5.4029467004E+1           2.5544466039E+2           -1.4167182573E+2         
02/20/16                  22:22:33.4                5.0932332040E+1           2.9000000000E+1           7.8598552134E+2           5.5131358177E+1           2.3222697609E+2           3.4228512522E+2          
02/20/16                  22:22:38.5                5.0932390613E+1           2.9000000000E+1           7.8628940730E+2           5.2219251790E+1           2.9512728888E+2           -1.1706050178E+2         
02/20/16                  22:22:43.6                5.0932449539E+1           2.9000000000E+1           7.8609971397E+2           5.4007493516E+1           2.5356612894E+2           2.0210344841E+2          
02/20/16                  22:22:48.6                5.0932507847E+1           2.9000000000E+1           7.8613373759E+2           5.3295203681E+1           2.6176514637E+2           1.1893848724E+2          
02/20/16                  22:22:53.7                5.0932566709E+1           2.9000000000E+1           7.8609735693E+2           5.3197403303E+1           2.5157242446E+2           2.2112974935E+2          
02/20/16                  22:22:58.8                5.0932625377E+1           2.9000000000E+1           7.8627779280E+2           5.1442246555E+1           2.9014314606E+2           -3.1827080932E+1         
02/20/16                  22:23:03.8                5.0932683885E+1           2.9000000000E+1           7.8560871082E+2           5.6687115285E+1           1.7454359135E+2           8.0543879058E+2          
02/20/16                  22:23:08.9                5.0932742653E+1           2.9000000000E+1           7.8632904137E+2           5.0906801521E+1           2.9120300463E+2           -7.3078599641E+1         
02/20/16                  22:23:15.8                5.0932822508E+1           2.9000000000E+1           7.8612993347E+2           5.2791610182E+1           2.4069553478E+2           2.2364546283E+2          
02/20/16                  22:23:20.9                5.0932881011E+1           2.9000000000E+1           7.8633381485E+2           5.0684498638E+1           2.8308059888E+2           -2.2709244123E+2         
02/20/16                  22:23:25.9                5.0932939782E+1           2.9000000000E+1           7.8611774953E+2           5.2089826948E+1           2.5243841264E+2           3.7748807387E+2          
02/20/16                  22:23:31.0                5.0932998463E+1           2.9000000000E+1           7.8592546777E+2           5.2877379559E+1           2.2925937133E+2           8.8095097066E+2          
02/20/16                  22:23:36.1                5.0933057383E+1           2.9000000000E+1           7.8590842629E+2           5.2331690680E+1           2.4951332152E+2           5.3224477474E+2          
02/20/16                  22:23:41.2                5.0933116411E+1           2.9000000000E+1           7.8619991360E+2           5.0060862558E+1           2.8826914304E+2           3.4930472302E+2          
02/20/16                  22:23:46.3                5.0933174848E+1           2.9000000000E+1           7.8587507551E+2           5.2799049720E+1           2.3898219255E+2           8.3250812689E+2          
02/20/16                  22:23:51.3                5.0933233503E+1           2.9000000000E+1           7.8638287349E+2           4.7721289753E+1           3.3038295905E+2           -1.0212773172E+2         
02/20/16                  22:23:56.4                5.0933292126E+1           2.9000000000E+1           7.8659113190E+2           4.6698365775E+1           3.6911774717E+2           -1.6852986782E+2         
02/20/16                  22:24:01.5                5.0933350780E+1           2.9000000000E+1           7.8634364812E+2           4.8527515321E+1           3.1193928925E+2           2.1097795342E+2          
02/20/16                  22:24:06.6                5.0933409755E+1           2.9000000000E+1           7.8630368514E+2           4.7814507576E+1           3.2842206931E+2           4.8827699435E+1          
02/20/16                  22:24:13.5                5.0933489646E+1           2.9012500000E+1           7.8570541057E+2           5.2787821820E+1           2.1320049899E+2           1.0792978950E+3          
02/20/16                  22:24:18.5                5.0933548045E+1           2.9000000000E+1           7.8621598087E+2           4.8933446478E+1           2.9642828971E+2           1.5542878330E+2          
02/20/16                  22:24:23.6                5.0933606603E+1           2.9000000000E+1           7.8628411058E+2           4.7589371093E+1           3.1364524331E+2           8.0167593072E+0          
02/20/16                  22:24:28.6                5.0933665118E+1           2.9000000000E+1           7.8608960181E+2           4.8346516739E+1           2.9906687513E+2           3.6599281574E+2          
02/20/16                  22:24:33.7                5.0933723719E+1           2.9000000000E+1           7.8615695054E+2           4.8353996620E+1           2.9215393221E+2           1.9881167327E+2          
02/20/16                  22:24:38.8                5.0933782578E+1           2.9000000000E+1           7.8606542328E+2           4.8528448457E+1           2.8375598157E+2           6.7997385883E+2          
02/20/16                  22:24:43.8                5.0933841024E+1           2.9000000000E+1           7.8619546421E+2           4.8131102216E+1           2.8464958908E+2           -1.5604218708E+2         
02/20/16                  22:24:48.9                5.0933899567E+1           2.9000000000E+1           7.8612856486E+2           4.7711364395E+1           2.9535747841E+2           3.1741985813E+2          
02/20/16                  22:24:53.9                5.0933958140E+1           2.9000000000E+1           7.8613447486E+2           4.7625239789E+1           2.9174551394E+2           4.0487052677E+2          
02/20/16                  22:24:59.0                5.0934016939E+1           2.9000000000E+1           7.8619290645E+2           4.7162207344E+1           3.0578628355E+2           3.8390305359E+2          
02/20/16                  22:25:04.1                5.0934075776E+1           2.9000000000E+1           7.8609959573E+2           4.7196919950E+1           2.9788256888E+2           2.2606436071E+2          
02/20/16                  22:25:11.0                5.0934155744E+1           2.9000000000E+1           7.8626003514E+2           4.6244356958E+1           3.2496338334E+2           1.4906490577E+2          
02/20/16                  22:25:16.1                5.0934214208E+1           2.8962500000E+1           7.8625996867E+2           4.5487625405E+1           3.3079421814E+2           1.5870866269E+2          
02/20/16                  22:25:21.1                5.0934272969E+1           2.8987500000E+1           7.8655900561E+2           4.3190323635E+1           3.9357291637E+2           -2.9159127363E+2         
02/20/16                  22:25:26.2                5.0934331693E+1           2.8962500000E+1           7.8617689199E+2           4.6865854287E+1           2.9224052681E+2           2.9490535770E+2          
02/20/16                  22:25:31.3                5.0934390538E+1           2.8958333330E+1           7.8653486795E+2           4.3299975317E+1           3.8963189882E+2           -1.2194086052E+2         
02/20/16                  22:25:36.4                5.0934449542E+1           2.9000000000E+1           7.8621030678E+2           4.5478150340E+1           3.2326005442E+2           3.3075341944E+2          
02/20/16                  22:25:41.4                5.0934508093E+1           2.8975000000E+1           7.8618120633E+2           4.5431364533E+1           3.1359057160E+2           2.2919038477E+2          
02/20/16                  22:25:46.5                5.0934566723E+1           2.8937500000E+1           7.8629085797E+2           4.4473621013E+1           3.5239752451E+2           2.9337470164E+2          
02/20/16                  22:25:51.6                5.0934625416E+1           2.8962500000E+1           7.8629600506E+2           4.4098551929E+1           3.4441326666E+2           2.2029223148E+2          
02/20/16                  22:25:56.6                5.0934684026E+1           2.8937500000E+1           7.8603774326E+2           4.6008645541E+1           2.7946307980E+2           3.6513094490E+2          
02/20/16                  22:26:01.7                5.0934742851E+1           2.8950000000E+1           7.8626799294E+2           4.3353285670E+1           3.5439521196E+2           2.9512359035E+2          
02/20/16                  22:26:08.6                5.0934822566E+1           2.8962500000E+1           7.8613413617E+2           4.4581556080E+1           3.1588836989E+2           2.3294932168E+2          
02/20/16                  22:26:13.7                5.0934880911E+1           2.8962500000E+1           7.8617438877E+2           4.4792674838E+1           3.1275294991E+2           3.1176550115E+2          
02/20/16                  22:26:18.7                5.0934939519E+1           2.8950000000E+1           7.8622675666E+2           4.4114055836E+1           3.2875865521E+2           5.8582523929E+1          
02/20/16                  22:26:23.8                5.0934998275E+1           2.8962500000E+1           7.8660920947E+2           3.9716524175E+1           4.6375479414E+2           -6.1474494495E+2         
02/20/16                  22:26:28.9                5.0935057007E+1           2.8937500000E+1           7.8645602275E+2           4.1484355491E+1           3.8837166353E+2           -3.0163344827E+2         
02/20/16                  22:26:34.0                5.0935116072E+1           2.8962500000E+1           7.8609720790E+2           4.3668584176E+1           3.3514828252E+2           2.6998167607E+2          
02/20/16                  22:26:39.0                5.0935174623E+1           2.8950000000E+1           7.8621507099E+2           4.3800788074E+1           3.1729562769E+2           2.3063645394E+2          
02/20/16                  22:26:44.1                5.0935233261E+1           2.9000000000E+1           7.8656945963E+2           4.0417903043E+1           4.1898132176E+2           -2.1370845292E+2         
02/20/16                  22:26:49.2                5.0935291875E+1           2.8987500000E+1           7.8612433040E+2           4.3174592894E+1           3.2071383308E+2           2.5963403263E+2          
02/20/16                  22:26:54.2                5.0935350332E+1           2.9000000000E+1           7.8604099106E+2           4.3704931839E+1           3.2634793388E+2           8.4853139206E+2          
02/20/16                  22:26:59.3                5.0935409118E+1           2.8987500000E+1           7.8616361260E+2           4.2197469282E+1           3.5969615240E+2           2.9154091268E+2          
02/20/16                  22:27:06.2                5.0935488950E+1           2.8987500000E+1           7.8612363542E+2           4.2053295642E+1           3.7553686986E+2           5.7151050591E+2          
02/20/16                  22:27:11.3                5.0935547467E+1           2.8950000000E+1           7.8638748134E+2           4.0208763159E+1           4.1275909636E+2           1.4167032954E+2          
02/20/16                  22:27:16.3                5.0935606299E+1           2.8962500000E+1           7.8626875896E+2           4.1795502765E+1           3.5220594301E+2           -2.0137951868E+2         
02/20/16                  22:27:21.4                5.0935665020E+1           2.8937500000E+1           7.8589209556E+2           4.4119684116E+1           2.8481766960E+2           5.8550723113E+2          
02/20/16                  22:27:26.5                5.0935723627E+1           2.8937500000E+1           7.8583815013E+2           4.4516819693E+1           2.8001527786E+2           1.0674669868E+3          
02/20/16                  22:27:31.6                5.0935782468E+1           2.8950000000E+1           7.8592779295E+2           4.3133834713E+1           3.0768520150E+2           4.9923943713E+2          
02/20/16                  22:27:36.6                5.0935840838E+1           2.8950000000E+1           7.8603679462E+2           4.2121203204E+1           3.3167192181E+2           2.8604983608E+2          
02/20/16                  22:27:41.7                5.0935899473E+1           2.8950000000E+1           7.8639179699E+2           3.9739239301E+1           3.9012197393E+2           -2.9243413715E+2         
02/20/16                  22:27:46.7                5.0935958285E+1           2.8975000000E+1           7.8590115096E+2           4.3860323905E+1           2.7748597166E+2           4.8869624998E+2          
02/20/16                  22:27:51.8                5.0936016979E+1           2.8958333330E+1           7.8682221026E+2           3.6221586380E+1           5.0441755176E+2           -7.7855164633E+2         
02/20/16                  22:27:56.9                5.0936075914E+1           2.8950000000E+1           7.8594145314E+2           4.3633887188E+1           2.8947396358E+2           3.8331978375E+2          
02/20/16                  22:28:03.8                5.0936155896E+1           2.8962500000E+1           7.8584863895E+2           4.3085144841E+1           3.0014840152E+2           1.0206300337E+3          
02/20/16                  22:28:08.9                5.0936214291E+1           2.8937500000E+1           7.8584574951E+2           4.4382273975E+1           2.4048510970E+2           5.0993329119E+2          
02/20/16                  22:28:13.9                5.0936272944E+1           2.8962500000E+1           7.8621569338E+2           3.9869001369E+1           3.8876337504E+2           9.8443208418E+1          
02/20/16                  22:28:19.0                5.0936331467E+1           2.9000000000E+1           7.8600873178E+2           4.1821028778E+1           3.0855800936E+2           3.9907911286E+2          
02/20/16                  22:28:24.0                5.0936390023E+1           2.8937500000E+1           7.8609551556E+2           4.0887447306E+1           3.3426493176E+2           1.5333151193E+2          
02/20/16                  22:28:29.1                5.0936448988E+1           2.8950000000E+1           7.8585751078E+2           4.1988940182E+1           3.2023066235E+2           8.0835015971E+2          
02/20/16                  22:28:34.2                5.0936507353E+1           2.9000000000E+1           7.8652904516E+2           3.7466588833E+1           4.2949253184E+2           -7.8813528649E+2         
02/20/16                  22:28:39.2                5.0936565833E+1           2.8975000000E+1           7.8594333867E+2           4.1938904589E+1           3.0850365896E+2           7.2400172408E+2          
02/20/16                  22:28:44.3                5.0936624429E+1           2.9000000000E+1           7.8596394188E+2           4.1362797469E+1           3.2252979134E+2           7.0670333920E+2          
02/20/16                  22:28:49.4                5.0936683086E+1           2.9000000000E+1           7.8617026090E+2           3.9446155082E+1           3.8146577646E+2           5.1179393870E+2          
02/20/16                  22:28:54.4                5.0936741866E+1           2.9000000000E+1           7.8607589637E+2           3.9950701166E+1           3.4920239160E+2           7.4070250954E+2          
02/20/16                  22:29:01.3                5.0936821575E+1           2.9000000000E+1           7.8595096199E+2           4.0552114329E+1           3.3883895974E+2           7.9462540820E+2          
02/20/16                  22:29:06.4                5.0936880064E+1           2.9000000000E+1           7.8629654459E+2           3.8108555210E+1           3.9659568940E+2           1.1023659287E+2          
02/20/16                  22:29:11.5                5.0936938704E+1           2.9000000000E+1           7.8604506303E+2           3.9541767878E+1           3.4866969247E+2           5.4296663069E+2          
02/20/16                  22:29:16.5                5.0936997307E+1           2.9000000000E+1           7.8604450172E+2           3.8427955101E+1           3.8522752358E+2           1.9546832521E+2          
02/20/16                  22:29:21.6                5.0937055912E+1           2.9000000000E+1           7.8620384873E+2           3.8697188127E+1           3.8904631385E+2           2.0224940739E+2          
02/20/16                  22:29:26.7                5.0937114770E+1           2.9000000000E+1           7.8623972720E+2           3.7860502799E+1           4.1865384231E+2           2.0103131505E+2          
02/20/16                  22:29:31.7                5.0937173402E+1           2.9000000000E+1           7.8626100198E+2           3.7687139933E+1           4.0204891480E+2           3.0520121893E+1          
02/20/16                  22:29:36.8                5.0937232018E+1           2.9000000000E+1           7.8605510210E+2           3.8917261598E+1           3.6163553276E+2           6.4480136331E+2          
02/20/16                  22:29:41.9                5.0937290580E+1           2.9000000000E+1           7.8634730224E+2           3.7013822925E+1           4.3148319349E+2           3.3683862120E+1          
02/20/16                  22:29:46.9                5.0937349067E+1           2.9000000000E+1           7.8608190755E+2           3.9255606006E+1           3.3995697968E+2           6.1577380287E+2          
02/20/16                  22:29:52.0                5.0937407689E+1           2.9000000000E+1           7.8666802247E+2           3.4654751141E+1           5.2230920132E+2           -2.3896580240E+2         
02/20/16                  22:29:58.9                5.0937487383E+1           2.9000000000E+1           7.8605263331E+2           3.9103098412E+1           3.5710144898E+2           3.8797483940E+2          
02/20/16                  22:30:03.9                5.0937545863E+1           2.9012500000E+1           7.8606257276E+2           3.8333770219E+1           3.6930013461E+2           5.4626854367E+2          
02/20/16                  22:30:09.0                5.0937604509E+1           2.9000000000E+1           7.8605689214E+2           3.8147144654E+1           3.7499588397E+2           7.2998003747E+2          
02/20/16                  22:30:14.1                5.0937663226E+1           2.9000000000E+1           7.8618633112E+2           3.7109944591E+1           3.9338446579E+2           2.0724634256E+2          
02/20/16                  22:30:19.1                5.0937721805E+1           2.9000000000E+1           7.8586402940E+2           3.9511910289E+1           3.4032294769E+2           9.9320210390E+2          
02/20/16                  22:30:24.2                5.0937780696E+1           2.9037500000E+1           7.8670799562E+2           3.3795574041E+1           5.1939855107E+2           -1.0822112721E+3         
02/20/16                  22:30:29.3                5.0937839137E+1           2.9025000000E+1           7.8669036853E+2           3.3327751366E+1           5.2637256929E+2           -1.0390307756E+3         
02/20/16                  22:30:34.3                5.0937897696E+1           2.9062500000E+1           7.8619269226E+2           3.7159585320E+1           3.7952751170E+2           2.3064965793E+2          
02/20/16                  22:30:39.4                5.0937956162E+1           2.9062500000E+1           7.8596705710E+2           3.8637758370E+1           3.4809128722E+2           5.9701507816E+2          
02/20/16                  22:30:44.4                5.0938014684E+1           2.9041666670E+1           7.8651065268E+2           3.3192656998E+1           5.2572395328E+2           -5.6059921825E+2         
02/20/16                  22:30:49.5                5.0938073464E+1           2.9062500000E+1           7.8615606414E+2           3.6705372811E+1           3.9872067301E+2           1.3957136295E+2          
02/20/16                  22:30:56.4                5.0938153489E+1           2.9062500000E+1           7.8638199000E+2           3.5032130811E+1           4.3539253336E+2           5.0931395036E+1          
02/20/16                  22:31:01.5                5.0938211895E+1           2.9062500000E+1           7.8611729873E+2           3.6697405715E+1           4.0393500917E+2           6.4049775691E+2          
02/20/16                  22:31:06.5                5.0938270563E+1           2.9062500000E+1           7.8665162663E+2           3.2700391940E+1           5.3229592512E+2           -2.1770721586E+2         
02/20/16                  22:31:11.6                5.0938329319E+1           2.9062500000E+1           7.8634539647E+2           3.5379254818E+1           4.3376351364E+2           1.3612018302E+2          
02/20/16                  22:31:16.7                5.0938388024E+1           2.9062500000E+1           7.8631483020E+2           3.4848877352E+1           4.3801833203E+2           -1.6769914707E+2         
02/20/16                  22:31:21.8                5.0938446853E+1           2.9062500000E+1           7.8591028532E+2           3.7610731259E+1           3.4692629712E+2           4.8447370284E+2          
02/20/16                  22:31:26.8                5.0938505421E+1           2.9062500000E+1           7.8613240681E+2           3.6008130122E+1           3.9205631408E+2           4.7659696653E+2          
02/20/16                  22:31:31.9                5.0938564012E+1           2.9062500000E+1           7.8635373127E+2           3.4333656681E+1           4.4325729415E+2           -2.1366995221E+2         
02/20/16                  22:31:37.0                5.0938622819E+1           2.9062500000E+1           7.8624777087E+2           3.4876833499E+1           4.2407250438E+2           1.3472862027E+2          
02/20/16                  22:31:42.0                5.0938681672E+1           2.9062500000E+1           7.8620613831E+2           3.6050702789E+1           3.8929348171E+2           3.0442032103E+2          
02/20/16                  22:31:47.1                5.0938740359E+1           2.9062500000E+1           7.8657183597E+2           3.2362369790E+1           5.3330822886E+2           -5.4478817429E+2         
02/20/16                  22:31:54.0                5.0938820116E+1           2.9125000000E+1           7.8589016699E+2           3.7159186310E+1           3.4291721281E+2           8.8794666565E+2          
02/20/16                  22:31:59.1                5.0938878573E+1           2.9112500000E+1           7.8605259929E+2           3.6788803176E+1           3.6496590623E+2           6.3709259104E+2          
02/20/16                  22:32:04.1                5.0938937254E+1           2.9087500000E+1           7.8583977661E+2           3.7083114950E+1           3.4161871546E+2           8.2664531458E+2          
02/20/16                  22:32:09.2                5.0938995867E+1           2.9112500000E+1           7.8596775563E+2           3.6798985548E+1           3.5633555471E+2           9.2064308850E+2          
02/20/16                  22:32:14.2                5.0939054394E+1           2.9125000000E+1           7.8608191600E+2           3.5993630047E+1           3.7998647564E+2           6.6951680890E+2          
02/20/16                  22:32:19.3                5.0939113167E+1           2.9087500000E+1           7.8604983264E+2           3.6247442876E+1           3.7721588132E+2           3.2290404903E+2          
02/20/16                  22:32:24.4                5.0939171717E+1           2.9087500000E+1           7.8596380009E+2           3.6522244672E+1           3.7799166049E+2           7.3684461040E+2          
02/20/16                  22:32:29.4                5.0939230317E+1           2.9100000000E+1           7.8607368393E+2           3.5630083996E+1           3.8118665415E+2           5.2760862184E+2          
02/20/16                  22:32:34.5                5.0939289006E+1           2.9075000000E+1           7.8654618856E+2           3.1738080324E+1           5.2506071511E+2           -2.9012184972E+2         
02/20/16                  22:32:39.6                5.0939347501E+1           2.9104166670E+1           7.8661806108E+2           3.1788951425E+1           5.1162733457E+2           -7.6046867612E+2         
02/20/16                  22:32:44.7                5.0939406325E+1           2.9075000000E+1           7.8605120158E+2           3.5433824322E+1           3.7990595668E+2           6.4390672889E+2          
02/20/16                  22:32:51.6                5.0939486408E+1           2.9112500000E+1           7.8606392438E+2           3.4674937324E+1           4.1748766109E+2           8.8112327334E+2          
02/20/16                  22:32:56.6                5.0939544955E+1           2.9112500000E+1           7.8607608860E+2           3.4067270310E+1           4.1232025857E+2           3.3763943992E+2          
02/20/16                  22:33:01.7                5.0939603487E+1           2.9112500000E+1           7.8599667454E+2           3.5381147712E+1           3.7481666342E+2           4.1295170526E+2          
02/20/16                  22:33:06.8                5.0939662048E+1           2.9112500000E+1           7.8618183486E+2           3.3379362916E+1           4.3074740719E+2           1.6927363817E+2          
02/20/16                  22:33:11.8                5.0939720753E+1           2.9093750000E+1           7.8618764941E+2           3.3709943944E+1           4.2726772177E+2           3.6094740543E+2          
02/20/16                  22:33:16.9                5.0939779478E+1           2.9125000000E+1           7.8618138358E+2           3.3767678092E+1           4.3052592203E+2           5.1689402854E+2          
02/20/16                  22:33:21.9                5.0939837915E+1           2.9112500000E+1           7.8619105969E+2           3.2874269321E+1           4.6792438869E+2           4.4881342111E+2          
02/20/16                  22:33:27.0                5.0939896443E+1           2.9112500000E+1           7.8604049953E+2           3.4844852128E+1           3.9468041244E+2           6.8216532263E+2          
02/20/16                  22:33:32.1                5.0939955058E+1           2.9125000000E+1           7.8624041524E+2           3.3322009081E+1           4.3832649416E+2           2.3798731971E+2          
02/20/16                  22:33:37.1                5.0940013700E+1           2.9125000000E+1           7.8648122213E+2           3.0680737647E+1           5.4174896148E+2           -1.7515546068E+2         
02/20/16                  22:33:42.2                5.0940072710E+1           2.9125000000E+1           7.8625893874E+2           3.1780657214E+1           4.9640455504E+2           3.7548912900E+1          
02/20/16                  22:33:49.1                5.0940152607E+1           2.9125000000E+1           7.8610473698E+2           3.2889549571E+1           4.5357576284E+2           2.1228391145E+2          
02/20/16                  22:33:54.2                5.0940211012E+1           2.9125000000E+1           7.8613111843E+2           3.4024645397E+1           4.1360569689E+2           3.8198291725E+2          
02/20/16                  22:33:59.2                5.0940269566E+1           2.9125000000E+1           7.8586905933E+2           3.4738925039E+1           3.6103754620E+2           7.1108064902E+2          
02/20/16                  22:34:04.3                5.0940328097E+1           2.9125000000E+1           7.8607347620E+2           3.3195521925E+1           4.1869595473E+2           5.3416192303E+2          
02/20/16                  22:34:09.4                5.0940386750E+1           2.9104166670E+1           7.8610701224E+2           3.2616644465E+1           4.5506799001E+2           -2.2298990719E+2         
02/20/16                  22:34:14.4                5.0940445376E+1           2.9125000000E+1           7.8623833167E+2           3.1718357525E+1           5.0922511808E+2           3.9258188978E+2          
02/20/16                  22:34:19.5                5.0940504134E+1           2.9125000000E+1           7.8577923606E+2           3.6341603854E+1           3.2637003230E+2           1.0352267707E+3          
02/20/16                  22:34:24.6                5.0940562650E+1           2.9125000000E+1           7.8636360632E+2           3.0965702986E+1           4.9042896155E+2           -1.5065733141E+2         
02/20/16                  22:34:29.6                5.0940621349E+1           2.9125000000E+1           7.8593946733E+2           3.5078063966E+1           3.6175398574E+2           6.9345335106E+2          
02/20/16                  22:34:34.7                5.0940679963E+1           2.9125000000E+1           7.8591364869E+2           3.4383696729E+1           3.8610517403E+2           1.0413418206E+3          
02/20/16                  22:34:39.8                5.0940739082E+1           2.9125000000E+1           7.8627604262E+2           3.0438040771E+1           5.3165033033E+2           1.0791797084E+2          
02/20/16                  22:34:46.7                5.0940818963E+1           2.9137500000E+1           7.8603118678E+2           3.3713364881E+1           3.6815626468E+2           4.3780870661E+2          
02/20/16                  22:34:51.8                5.0940877584E+1           2.9137500000E+1           7.8627128954E+2           3.1083007464E+1           4.8417093013E+2           2.3821951371E+2          
02/20/16                  22:34:56.8                5.0940936246E+1           2.9137500000E+1           7.8617471080E+2           3.1951840114E+1           4.4026617176E+2           2.2318827152E+2          
02/20/16                  22:35:01.9                5.0940995159E+1           2.9162500000E+1           7.8606549116E+2           3.3079854552E+1           4.3746751253E+2           6.6773137960E+2          
02/20/16                  22:35:07.0                5.0941053867E+1           2.9166666670E+1           7.8579964952E+2           3.4115244032E+1           3.7254873082E+2           1.2461513318E+3          
02/20/16                  22:35:12.1                5.0941112561E+1           2.9137500000E+1           7.8604146862E+2           3.2715255699E+1           4.1438143080E+2           6.9639794814E+2          
02/20/16                  22:35:17.1                5.0941171110E+1           2.9150000000E+1           7.8601341486E+2           3.3161307364E+1           3.8364058404E+2           8.3784423220E+2          
02/20/16                  22:35:22.2                5.0941229861E+1           2.9175000000E+1           7.8594171394E+2           3.3073898047E+1           4.0103753916E+2           6.8949415095E+2          
02/20/16                  22:35:27.3                5.0941288752E+1           2.9187500000E+1           7.8659285484E+2           2.7818610518E+1           6.3361822663E+2           -8.3313500845E+2         
02/20/16                  22:35:32.4                5.0941347513E+1           2.9166666670E+1           7.8627249007E+2           3.0499782481E+1           5.2819383537E+2           3.8370670687E+2          
02/20/16                  22:35:37.5                5.0941406290E+1           2.9150000000E+1           7.8653771363E+2           2.8260306656E+1           6.3426356093E+2           -2.7988962143E+2         
02/20/16                  22:35:44.3                5.0941485958E+1           2.9187500000E+1           7.8626799903E+2           2.9814079657E+1           5.3780485587E+2           1.9644627167E+2          
02/20/16                  22:35:49.4                5.0941544418E+1           2.9175000000E+1           7.8604234851E+2           3.2098282108E+1           4.2539219209E+2           6.5877979392E+2          
02/20/16                  22:35:54.5                5.0941603068E+1           2.9187500000E+1           7.8606038828E+2           3.1534408084E+1           4.4887472057E+2           5.9084888044E+2          
02/20/16                  22:35:59.5                5.0941661660E+1           2.9175000000E+1           7.8635249379E+2           3.0102504671E+1           5.0470916989E+2           5.9591017688E+1          
02/20/16                  22:36:04.6                5.0941720290E+1           2.9187500000E+1           7.8596940997E+2           3.1533799110E+1           4.5300579816E+2           1.0196347732E+3          
02/20/16                  22:36:09.7                5.0941779206E+1           2.9187500000E+1           7.8584036942E+2           3.2543423980E+1           4.1342411061E+2           1.5056916670E+3          
02/20/16                  22:36:14.7                5.0941837721E+1           2.9187500000E+1           7.8583328555E+2           3.3428250182E+1           3.5767977153E+2           1.2009123495E+3          
02/20/16                  22:36:19.8                5.0941896244E+1           2.9150000000E+1           7.8630449738E+2           2.8998844294E+1           5.3824646766E+2           1.5877837880E+2          
02/20/16                  22:36:24.8                5.0941954846E+1           2.9175000000E+1           7.8625634465E+2           2.9555757203E+1           5.1315513358E+2           2.0688033076E+1          
02/20/16                  22:36:29.9                5.0942013445E+1           2.9166666670E+1           7.8637121055E+2           2.9754308224E+1           5.2526559702E+2           7.6490008417E+1          
02/20/16                  22:36:35.0                5.0942072298E+1           2.9187500000E+1           7.8621071396E+2           3.0158712030E+1           5.0819238893E+2           3.3423149243E+2          
02/20/16                  22:36:41.9                5.0942152329E+1           2.9187500000E+1           7.8623018245E+2           3.0284200685E+1           4.6871779877E+2           -9.0310741482E+1         
02/20/16                  22:36:47.0                5.0942211027E+1           2.9187500000E+1           7.8594987782E+2           3.1482927864E+1           4.3569000051E+2           6.1111421544E+2          
02/20/16                  22:36:52.1                5.0942269732E+1           2.9175000000E+1           7.8649337055E+2           2.7838218718E+1           6.1005412068E+2           -4.7399902069E+2         
02/20/16                  22:36:57.1                5.0942328340E+1           2.9187500000E+1           7.8624966980E+2           3.0116192602E+1           5.0501152235E+2           4.5060333265E+2          
02/20/16                  22:37:02.2                5.0942387105E+1           2.9187500000E+1           7.8599870480E+2           3.1860175992E+1           4.1317026092E+2           6.1762299843E+2          
02/20/16                  22:37:07.3                5.0942445972E+1           2.9187500000E+1           7.8648645293E+2           2.8413190287E+1           5.5149184428E+2           -4.8562784301E+2         
02/20/16                  22:37:12.3                5.0942504418E+1           2.9187500000E+1           7.8609453761E+2           2.9642722137E+1           5.0500952293E+2           5.5248794517E+2          
02/20/16                  22:37:17.4                5.0942562990E+1           2.9187500000E+1           7.8594691548E+2           3.1632230651E+1           4.2213378287E+2           1.1873102383E+3          
02/20/16                  22:37:22.5                5.0942621581E+1           2.9187500000E+1           7.8601062223E+2           3.0238491453E+1           4.7886580779E+2           7.5214823197E+2          
02/20/16                  22:37:27.5                5.0942680299E+1           2.9187500000E+1           7.8600810703E+2           3.1237080922E+1           4.1918775868E+2           7.3776034574E+2          
02/20/16                  22:37:32.6                5.0942739032E+1           2.9187500000E+1           7.8612253431E+2           3.0413180523E+1           4.6617338533E+2           5.7637352476E+2          
02/20/16                  22:37:39.5                5.0942818826E+1           2.9187500000E+1           7.8632572526E+2           2.8503057780E+1           5.4339510187E+2           -1.6345385187E+2         
02/20/16                  22:37:44.6                5.0942877465E+1           2.9187500000E+1           7.8614774618E+2           2.9784410804E+1           4.8746668735E+2           6.7789426521E+2          
02/20/16                  22:37:49.6                5.0942936129E+1           2.9187500000E+1           7.8618254853E+2           2.9515755710E+1           5.0170544826E+2           6.0792923768E+1          
02/20/16                  22:37:54.7                5.0942994877E+1           2.9187500000E+1           7.8604197708E+2           3.0108561911E+1           4.5826750355E+2           4.2650965206E+2          
02/20/16                  22:37:59.8                5.0943053651E+1           2.9187500000E+1           7.8613629638E+2           2.9197324506E+1           4.9361211376E+2           2.3518389213E+2          
02/20/16                  22:38:04.9                5.0943112343E+1           2.9187500000E+1           7.8604996291E+2           3.0494818793E+1           4.3277783867E+2           2.1509381218E+2          
02/20/16                  22:38:09.9                5.0943170769E+1           2.9187500000E+1           7.8607310910E+2           3.0477231589E+1           4.4841261669E+2           7.8226713498E+1          
02/20/16                  22:38:15.0                5.0943229437E+1           2.9187500000E+1           7.8585014141E+2           3.1047159622E+1           4.1419109779E+2           1.4035527841E+3          
02/20/16                  22:38:20.1                5.0943288270E+1           2.9187500000E+1           7.8631338847E+2           2.9186087289E+1           5.1173400549E+2           -4.7870007831E+2         
02/20/16                  22:38:25.1                5.0943346888E+1           2.9187500000E+1           7.8630421239E+2           2.7765671043E+1           5.7095368029E+2           3.6203754307E+2          
02/20/16                  22:38:30.2                5.0943405700E+1           2.9187500000E+1           7.8606806321E+2           2.9451065859E+1           4.8229407284E+2           1.1432750524E+3          
02/20/16                  22:38:37.1                5.0943485430E+1           2.9187500000E+1           7.8649747154E+2           2.6122114334E+1           6.4985229564E+2           1.3111055226E+2          
02/20/16                  22:38:42.1                5.0943543956E+1           2.9187500000E+1           7.8593183954E+2           2.9495977986E+1           4.7268314617E+2           1.3666170882E+3          
02/20/16                  22:38:47.2                5.0943602780E+1           2.9175000000E+1           7.8601038654E+2           2.9406050673E+1           4.6900001664E+2           3.8620609316E+2          
02/20/16                  22:38:52.3                5.0943661541E+1           2.9187500000E+1           7.8646184896E+2           2.5726545240E+1           6.6060006133E+2           -2.2355579453E+2         
02/20/16                  22:38:57.4                5.0943720226E+1           2.9187500000E+1           7.8653849865E+2           2.4932634642E+1           7.0375807951E+2           -3.1090969945E+2         
02/20/16                  22:39:02.4                5.0943778910E+1           2.9187500000E+1           7.8665523787E+2           2.4275523022E+1           7.4046106036E+2           -1.5454550488E+3         
02/20/16                  22:39:07.5                5.0943837310E+1           2.9187500000E+1           7.8676739131E+2           2.4489740320E+1           7.1091199984E+2           -1.3839299184E+3         
02/20/16                  22:39:12.5                5.0943895787E+1           2.9187500000E+1           7.8613108782E+2           2.8357580205E+1           5.2698229593E+2           5.9796462521E+2          
02/20/16                  22:39:17.6                5.0943954337E+1           2.9187500000E+1           7.8576615421E+2           3.0879240821E+1           3.8558498965E+2           8.6524377964E+2          
02/20/16                  22:39:22.7                5.0944013024E+1           2.9187500000E+1           7.8621823576E+2           2.7317991713E+1           5.5099479229E+2           2.3417581958E+1          
02/20/16                  22:39:27.8                5.0944071991E+1           2.9187500000E+1           7.8630298924E+2           2.7490191733E+1           5.2341378427E+2           -4.2864098316E+2         
02/20/16                  22:39:34.6                5.0944151614E+1           2.9187500000E+1           7.8606002538E+2           2.8267811394E+1           5.0384255845E+2           5.9396960583E+2          
02/20/16                  22:39:39.7                5.0944210137E+1           2.9200000000E+1           7.8588872765E+2           2.9378741694E+1           4.6603035397E+2           1.1555230580E+3          
02/20/16                  22:39:44.8                5.0944268793E+1           2.9187500000E+1           7.8597231724E+2           2.9613091427E+1           4.4213651020E+2           6.8677638953E+2          
02/20/16                  22:39:49.8                5.0944327330E+1           2.9187500000E+1           7.8640236369E+2           2.6901737085E+1           5.7318407363E+2           3.1248799463E+2          
02/20/16                  22:39:54.9                5.0944385904E+1           2.9187500000E+1           7.8638231432E+2           2.5824327666E+1           6.3142780960E+2           -1.7807328629E+2         
02/20/16                  22:40:00.0                5.0944444618E+1           2.9187500000E+1           7.8625312186E+2           2.6549244120E+1           5.7826085336E+2           -2.3765362563E+2         
02/20/16                  22:40:05.0                5.0944503059E+1           2.9200000000E+1           7.8631192220E+2           2.6312002264E+1           6.0387775661E+2           2.2548487651E+2          
02/20/16                  22:40:10.1                5.0944561761E+1           2.9225000000E+1           7.8621409587E+2           2.7572555831E+1           5.2420666966E+2           6.0548056971E+0          
02/20/16                  22:40:15.2                5.0944620529E+1           2.9187500000E+1           7.8624790248E+2           2.7690400722E+1           5.2768574079E+2           6.7410294661E+1          
02/20/16                  22:40:20.2                5.0944679279E+1           2.9250000000E+1           7.8613650268E+2           2.7851912839E+1           5.1546174560E+2           5.7425929303E+2          
02/20/16                  22:40:25.3                5.0944738101E+1           2.9212500000E+1           7.8634245593E+2           2.5909279235E+1           6.1121846388E+2           1.6407950258E+2          
02/20/16                  22:40:32.2                5.0944817791E+1           2.9212500000E+1           7.8620114230E+2           2.6515397791E+1           5.6637870500E+2           2.5152801192E+2          
02/20/16                  22:40:37.3                5.0944876225E+1           2.9200000000E+1           7.8624559583E+2           2.6888098553E+1           5.5264974651E+2           4.2675837709E+2          
02/20/16                  22:40:42.3                5.0944934916E+1           2.9212500000E+1           7.8585447809E+2           2.9516774443E+1           4.5167758160E+2           1.1886619171E+3          
02/20/16                  22:40:47.4                5.0944993470E+1           2.9200000000E+1           7.8623137780E+2           2.7783885220E+1           5.2414237696E+2           3.2598906240E+2          
02/20/16                  22:40:52.5                5.0945052105E+1           2.9187500000E+1           7.8616538859E+2           2.7428282820E+1           5.2483704994E+2           1.0589230363E+3          
