DATE                      TIME                      DAYS_SINCE_JAN            DAS_TEMP_(C)              BASELINE                  H2O                       D_1816                    D_DH                     
07/06/16                  11:41:08.9                1.8744524207E+2           3.8109375000E+1           7.8672224478E+2           3.6995384088E+4           -1.5645921035E+1          -6.2688522776E+1         
07/06/16                  11:41:08.9                1.8744524207E+2           1.0000000000E+0           7.8672224478E+2           3.6995384088E+4           -1.5645921035E+1          -6.2688522776E+1         
07/06/16                  11:41:31.2                1.8744550051E+2           3.8132352940E+1           7.8646975264E+2           3.6457131483E+4           -1.1072010029E+1          -5.3668782193E+1         
07/06/16                  11:41:51.5                1.8744573507E+2           3.8167763160E+1           7.8574570459E+2           3.6773052690E+4           -1.0125850198E+1          -5.3025876219E+1         
07/06/16                  11:42:10.1                1.8744595133E+2           3.8215625000E+1           7.8513523215E+2           3.7211117916E+4           -1.3219354675E+1          -5.2453654537E+1         
07/06/16                  11:42:30.6                1.8744618754E+2           3.8244318180E+1           7.8554945811E+2           3.7784741507E+4           -9.8846962571E+0          -5.2101736479E+1         
07/06/16                  11:42:53.9                1.8744645797E+2           3.8250000000E+1           7.8620012448E+2           3.7520563368E+4           -1.0480392584E+1          -5.3351507528E+1         
07/06/16                  11:43:16.2                1.8744671616E+2           3.8267857140E+1           7.8680181344E+2           3.7124911108E+4           -9.6610819270E+0          -5.3852331086E+1         
07/06/16                  11:43:38.3                1.8744697165E+2           3.8306250000E+1           7.8492818748E+2           3.7603681806E+4           -9.2026608838E+0          -5.1748130377E+1         
07/06/16                  11:43:55.3                1.8744716834E+2           3.8290178570E+1           7.8623424215E+2           3.7154560793E+4           -6.6878597246E+0          -5.3608026953E+1         
07/06/16                  11:44:13.5                1.8744737852E+2           3.8303571430E+1           7.8572376342E+2           3.6807754935E+4           -9.6047852148E+0          -5.2825668921E+1         
07/06/16                  11:44:34.8                1.8744762517E+2           3.8312500000E+1           7.8661846445E+2           3.7832218143E+4           -1.4802683067E+1          -5.4333878967E+1         
07/06/16                  11:44:55.7                1.8744786727E+2           3.8320312500E+1           7.8527197641E+2           3.8437614133E+4           -1.4845630657E+1          -4.8372145503E+1         
07/06/16                  11:45:15.3                1.8744809384E+2           3.8312500000E+1           7.8610272347E+2           3.7057775404E+4           -1.0897601367E+1          -6.0828892337E+1         
07/06/16                  11:45:38.9                1.8744836749E+2           3.8365625000E+1           7.8560528513E+2           3.7048981414E+4           -9.9527098084E+0          -5.3625142276E+1         
07/06/16                  11:45:59.8                1.8744860931E+2           3.8375000000E+1           7.8598153257E+2           3.7109025142E+4           -1.0807459987E+1          -5.3487046402E+1         
07/06/16                  11:46:24.1                1.8744889038E+2           3.8394021740E+1           7.8340724407E+2           3.7718783004E+4           -8.5342552549E+0          -5.0734354698E+1         
07/06/16                  11:46:46.5                1.8744915037E+2           3.8437500000E+1           7.8386685113E+2           3.7219281809E+4           -7.2087315519E+0          -5.1519360391E+1         
07/06/16                  11:47:07.9                1.8744939716E+2           3.8437500000E+1           7.8693558588E+2           3.6923260107E+4           -7.4270012862E+0          -5.6963848278E+1         
07/06/16                  11:47:37.1                1.8744973540E+2           3.8437500000E+1           7.8456244454E+2           3.7315159964E+4           -8.8430493937E+0          -5.1010503469E+1         
07/06/16                  11:47:58.5                1.8744998358E+2           3.8434210530E+1           7.8596190915E+2           3.6998603353E+4           -9.0393372308E+0          -5.3175411528E+1         
07/06/16                  11:48:16.0                1.8745018626E+2           3.8375000000E+1           7.8531754004E+2           3.6849570102E+4           -9.8994688851E+0          -5.2734533027E+1         
07/06/16                  11:48:35.0                1.8745040564E+2           3.8375000000E+1           7.8507615410E+2           3.7297260059E+4           -1.2609122018E+1          -4.9571465934E+1         
07/06/16                  11:48:56.4                1.8745065360E+2           3.8378676470E+1           7.8499112013E+2           3.6678489567E+4           -1.4112411926E+1          -6.1015966894E+1         
07/06/16                  11:49:15.0                1.8745086863E+2           3.8431250000E+1           7.8547097176E+2           3.6383318457E+4           -1.0224699252E+1          -5.3788843547E+1         
07/06/16                  11:49:41.8                1.8745117930E+2           3.8455729170E+1           7.8705869234E+2           3.6925014570E+4           -1.0738875669E+1          -5.4685646697E+1         
07/06/16                  11:50:01.0                1.8745140118E+2           3.8502840910E+1           7.8545475603E+2           3.6938975314E+4           -8.3309643908E+0          -5.4102821527E+1         
07/06/16                  11:50:24.7                1.8745167531E+2           3.8500000000E+1           7.8708724821E+2           3.7124018612E+4           -1.1909985637E+1          -5.4857725402E+1         
07/06/16                  11:50:47.6                1.8745194064E+2           3.8497282610E+1           7.8558875778E+2           3.7617647554E+4           -9.1967232160E+0          -5.2306780958E+1         
07/06/16                  11:51:06.4                1.8745215747E+2           3.8500000000E+1           7.8570168977E+2           3.7003182106E+4           -8.6691042433E+0          -5.3665961155E+1         
07/06/16                  11:51:26.5                1.8745239054E+2           3.8500000000E+1           7.8587011518E+2           3.6912378095E+4           -1.0256764486E+1          -5.4362715656E+1         
07/06/16                  11:51:45.2                1.8745260703E+2           3.8525000000E+1           7.8610766224E+2           3.7404578186E+4           -7.6808751555E+0          -5.3505297313E+1         
07/06/16                  11:52:07.1                1.8745286020E+2           3.8562500000E+1           7.8595866498E+2           3.7465763445E+4           -9.9827458034E+0          -5.3993323909E+1         
07/06/16                  11:52:28.7                1.8745311056E+2           3.8562500000E+1           7.8657107836E+2           3.7383759961E+4           -9.2021373989E+0          -5.6484811432E+1         
07/06/16                  11:52:49.8                1.8745335427E+2           3.8562500000E+1           7.8513561623E+2           3.8013622310E+4           -9.1637336531E+0          -4.8805304867E+1         
07/06/16                  11:53:12.2                1.8745361396E+2           3.8562500000E+1           7.8452550791E+2           3.7457489620E+4           -7.2940628743E+0          -5.2096200830E+1         
07/06/16                  11:53:33.5                1.8745386074E+2           3.8548611110E+1           7.8542964249E+2           3.6879748113E+4           -9.3758868943E+0          -5.4262027649E+1         
07/06/16                  11:53:50.4                1.8745405606E+2           3.8568181820E+1           7.8509976012E+2           3.6798352533E+4           -1.0042258165E+1          -5.3795099997E+1         
07/06/16                  11:54:12.9                1.8745431670E+2           3.8609375000E+1           7.8566944264E+2           3.6760367305E+4           -9.4495026170E+0          -5.4322016774E+1         
07/06/16                  11:54:29.1                1.8745450451E+2           3.8625000000E+1           7.8573211764E+2           3.6699842522E+4           -1.0451569554E+1          -5.4494224359E+1         
07/06/16                  11:54:49.3                1.8745473833E+2           3.8631250000E+1           7.8812425626E+2           3.7060455645E+4           -4.3429473708E+0          -5.1225419076E+1         
07/06/16                  11:55:10.9                1.8745498765E+2           3.8628125000E+1           7.8603172842E+2           3.7869493385E+4           -9.5967690385E+0          -5.4758378592E+1         
07/06/16                  11:55:32.5                1.8745523823E+2           3.8645833330E+1           7.8514131091E+2           3.7500867480E+4           -1.0290076980E+1          -5.3664350811E+1         
07/06/16                  11:55:58.8                1.8745554248E+2           3.8680288460E+1           7.8494940299E+2           3.7507916218E+4           -1.0535876451E+1          -5.2191269118E+1         
07/06/16                  11:56:20.7                1.8745579600E+2           3.8687500000E+1           7.8470277879E+2           3.7572954770E+4           -9.1523668429E+0          -5.2969530749E+1         
07/06/16                  11:56:43.5                1.8745605912E+2           3.8669642860E+1           7.8594831357E+2           3.6882791239E+4           -8.7985669874E+0          -5.8309913279E+1         
07/06/16                  11:57:07.2                1.8745633373E+2           3.8708333330E+1           7.8557808766E+2           3.6957909299E+4           -9.3159764831E+0          -5.4408892469E+1         
07/06/16                  11:57:28.1                1.8745657612E+2           3.8713068180E+1           7.8620361482E+2           3.6617574261E+4           -9.2417925842E+0          -5.5178408556E+1         
07/06/16                  11:57:51.7                1.8745684894E+2           3.8734375000E+1           7.8519181520E+2           3.7146166217E+4           -1.0467475891E+1          -5.2326398350E+1         
07/06/16                  11:58:14.4                1.8745711136E+2           3.8757812500E+1           7.8571915626E+2           3.7685902267E+4           -7.5881867592E+0          -5.3772629933E+1         
07/06/16                  11:58:40.0                1.8745740785E+2           3.8791666670E+1           7.8594445098E+2           3.7867552442E+4           -8.3996337959E+0          -5.4084192090E+1         
07/06/16                  11:59:04.2                1.8745768774E+2           3.8815476190E+1           7.8523388263E+2           3.7550823299E+4           -9.8831657721E+0          -5.3576444339E+1         
