DATE                      TIME                      DAYS_SINCE_JAN            DAS_TEMP_(C)              BASELINE                  H2O                       D_1816                    D_DH                     
07/05/16                  16:51:33.2                1.8666080166E+2           4.5000000000E+1           7.8729688755E+2           7.9393116120E+3           -1.2907817986E+1          -6.6504722708E+1         
07/05/16                  16:51:38.3                1.8666086051E+2           4.5000000000E+1           7.8669747754E+2           5.0046806473E+3           -1.5189482568E+1          -6.5291642328E+1         
07/05/16                  16:51:43.4                1.8666091910E+2           4.5000000000E+1           7.8661122680E+2           3.4923878804E+3           -1.6689853802E+1          -6.7507755021E+1         
07/05/16                  16:51:48.4                1.8666097778E+2           4.5025000000E+1           7.8687685097E+2           2.6964219066E+3           -1.7396219086E+1          -7.7464045085E+1         
07/05/16                  16:51:53.5                1.8666103632E+2           4.5062500000E+1           7.8710310368E+2           2.2689505524E+3           -1.7241148300E+1          -9.3399633441E+1         
07/05/16                  16:51:58.6                1.8666109494E+2           4.5062500000E+1           7.8687215290E+2           2.0326108996E+3           -1.8504444063E+1          -8.7234601588E+1         
07/05/16                  16:52:03.6                1.8666115360E+2           4.5062500000E+1           7.8669711403E+2           1.8906781359E+3           -1.8923360914E+1          -7.4277046224E+1         
07/05/16                  16:52:10.5                1.8666123325E+2           4.5062500000E+1           7.8703251429E+2           1.7734810127E+3           -1.7627201825E+1          -1.0044123061E+2         
07/05/16                  16:52:15.6                1.8666129174E+2           4.5075000000E+1           7.8694720913E+2           1.7310218026E+3           -1.8901582775E+1          -8.9573577248E+1         
07/05/16                  16:52:20.6                1.8666135034E+2           4.5062500000E+1           7.8912018937E+2           3.8698862327E+3           -2.1198223601E+1          -8.6902813416E+1         
07/05/16                  16:52:25.8                1.8666140984E+2           4.5062500000E+1           7.8599322167E+2           1.4616993918E+4           -1.2505000111E+1          -7.2126549983E+1         
07/05/16                  16:52:31.5                1.8666147599E+2           4.5062500000E+1           7.8385939231E+2           2.4768435674E+4           -7.6881376762E+0          -6.5432086929E+1         
07/05/16                  16:52:38.3                1.8666155500E+2           4.5116071430E+1           7.8615076871E+2           2.9494721531E+4           -7.9897262729E+0          -6.6044734285E+1         
07/05/16                  16:52:46.0                1.8666164354E+2           4.5125000000E+1           7.8583003106E+2           3.1361167981E+4           -9.1246649489E+0          -6.4385603943E+1         
07/05/16                  16:52:53.9                1.8666173571E+2           4.5125000000E+1           7.8572742837E+2           3.2221028013E+4           -9.3337671009E+0          -6.3274532519E+1         
07/05/16                  16:53:01.8                1.8666182733E+2           4.5090277780E+1           7.8614137775E+2           3.2680084583E+4           -1.0083777755E+1          -6.3880910474E+1         
07/05/16                  16:53:13.9                1.8666196691E+2           4.5041666670E+1           7.8708482627E+2           3.3452510624E+4           -1.0197464482E+1          -6.3888196673E+1         
07/05/16                  16:53:24.6                1.8666209123E+2           4.4992187500E+1           7.8575793758E+2           3.4126556646E+4           -8.8167031666E+0          -6.1513527936E+1         
07/05/16                  16:53:36.2                1.8666222527E+2           4.4920454550E+1           7.8623557073E+2           3.3896654106E+4           -9.8868357497E+0          -6.2887227597E+1         
07/05/16                  16:53:46.2                1.8666234097E+2           4.4880681820E+1           7.8605412461E+2           3.3915132519E+4           -9.2019813428E+0          -6.2832914954E+1         
07/05/16                  16:53:57.1                1.8666246654E+2           4.4895833330E+1           7.8603553010E+2           3.3808881734E+4           -9.4345920749E+0          -6.2592876059E+1         
07/05/16                  16:54:08.2                1.8666259500E+2           4.4916666670E+1           7.8569013002E+2           3.3561690398E+4           -9.3402446508E+0          -6.2843451977E+1         
07/05/16                  16:54:17.7                1.8666270501E+2           4.4912500000E+1           7.8597839895E+2           3.3008488341E+4           -9.6522495624E+0          -6.3698374697E+1         
07/05/16                  16:54:26.4                1.8666280597E+2           4.4950000000E+1           7.8575418370E+2           3.2631987389E+4           -9.1526224800E+0          -6.2949693568E+1         
07/05/16                  16:54:37.6                1.8666293584E+2           4.5000000000E+1           7.8642593960E+2           3.2813353751E+4           -9.5341709332E+0          -6.5160802639E+1         
07/05/16                  16:54:47.8                1.8666305437E+2           4.5022727270E+1           7.8570009333E+2           3.3033786118E+4           -9.4889858464E+0          -6.3738092143E+1         
07/05/16                  16:54:58.7                1.8666318001E+2           4.5093750000E+1           7.8613878148E+2           3.3031421325E+4           -9.0773211222E+0          -6.4005240703E+1         
07/05/16                  16:55:07.7                1.8666328442E+2           4.5210937500E+1           7.8603689594E+2           3.3210343712E+4           -9.5908454182E+0          -6.3040139485E+1         
07/05/16                  16:55:20.2                1.8666342900E+2           4.5408653850E+1           7.8570535552E+2           3.3040783085E+4           -9.3740529566E+0          -6.3952015982E+1         
07/05/16                  16:55:32.9                1.8666357619E+2           4.5569444440E+1           7.8637788189E+2           3.3005304454E+4           -9.4838767652E+0          -6.4561328174E+1         
07/05/16                  16:55:41.9                1.8666367981E+2           4.5680555560E+1           7.8562321975E+2           3.3355975012E+4           -9.3865079556E+0          -6.2834167822E+1         
07/05/16                  16:55:52.2                1.8666379926E+2           4.5698863640E+1           7.8585196571E+2           3.3494505781E+4           -9.5844711392E+0          -6.3151438126E+1         
07/05/16                  16:56:04.1                1.8666393689E+2           4.5716346150E+1           7.8579356022E+2           3.3424616135E+4           -9.1922284652E+0          -6.3665253800E+1         
07/05/16                  16:56:16.8                1.8666408382E+2           4.5750000000E+1           7.8563669967E+2           3.3927886456E+4           -1.0126266138E+1          -6.1987877464E+1         
07/05/16                  16:56:28.1                1.8666421493E+2           4.5770833330E+1           7.8545432341E+2           3.3842239749E+4           -9.5010737763E+0          -6.2468221520E+1         
07/05/16                  16:56:40.0                1.8666435238E+2           4.5869318180E+1           7.8595601399E+2           3.3427569804E+4           -9.0945763298E+0          -6.4228826223E+1         
07/05/16                  16:56:50.4                1.8666447248E+2           4.5987500000E+1           7.8590385104E+2           3.3484988879E+4           -9.1072908339E+0          -6.3191968588E+1         
07/05/16                  16:57:01.1                1.8666459678E+2           4.6091346150E+1           7.8633285242E+2           3.3654296120E+4           -9.2154543639E+0          -6.3435890728E+1         
07/05/16                  16:57:14.6                1.8666475319E+2           4.6159090910E+1           7.8559470907E+2           3.3636321181E+4           -9.2693504610E+0          -6.2603785573E+1         
07/05/16                  16:57:26.9                1.8666489493E+2           4.6237500000E+1           7.8592267370E+2           3.3443493023E+4           -9.2518616703E+0          -6.2603363918E+1         
07/05/16                  16:57:39.6                1.8666504223E+2           4.6306818180E+1           7.8651399906E+2           3.3550715036E+4           -9.1488328816E+0          -6.3908323979E+1         
07/05/16                  16:57:50.2                1.8666516551E+2           4.6375000000E+1           7.8661127511E+2           3.3841831485E+4           -8.6899633313E+0          -6.3361683412E+1         
07/05/16                  16:57:59.8                1.8666527547E+2           4.6204545450E+1           7.8613157107E+2           3.4318145498E+4           -9.1890465101E+0          -6.2275829761E+1         
07/05/16                  16:58:13.9                1.8666543944E+2           4.6000000000E+1           7.8624313904E+2           3.4486209796E+4           -9.1911793439E+0          -6.1903995939E+1         
07/05/16                  16:58:29.7                1.8666562174E+2           4.5801136360E+1           7.8626645334E+2           3.4453787397E+4           -9.3380852336E+0          -6.2101664654E+1         
07/05/16                  16:58:45.5                1.8666580535E+2           4.5559375000E+1           7.8570015094E+2           3.4225270862E+4           -8.6557456199E+0          -6.2212187082E+1         
07/05/16                  16:59:04.8                1.8666602852E+2           4.5329166670E+1           7.8709684269E+2           3.4426148608E+4           -8.1816695170E+0          -6.2317111433E+1         
07/05/16                  16:59:18.1                1.8666618171E+2           4.5179166670E+1           7.8626266258E+2           3.4706588269E+4           -9.5266356706E+0          -6.1642133994E+1         
07/05/16                  16:59:33.0                1.8666635458E+2           4.5028846150E+1           7.8593332080E+2           3.4980912176E+4           -9.3852427265E+0          -6.1476933217E+1         
07/05/16                  16:59:47.0                1.8666651655E+2           4.4885416670E+1           7.8566063891E+2           3.4691579735E+4           -8.5851686556E+0          -6.2016620476E+1         
07/05/16                  17:00:01.6                1.8666668622E+2           4.4731617650E+1           7.8652288856E+2           3.4396077357E+4           -8.6805155536E+0          -6.1527971304E+1         
07/05/16                  17:00:19.0                1.8666688756E+2           4.4573863640E+1           7.8651731951E+2           3.4705268776E+4           -8.7542481617E+0          -6.2036592560E+1         
07/05/16                  17:00:28.7                1.8666699961E+2           4.4481250000E+1           7.8597037979E+2           3.5076303714E+4           -8.8928744294E+0          -6.0511586208E+1         
07/05/16                  17:00:43.0                1.8666716497E+2           4.4375000000E+1           7.8615303281E+2           3.5075492227E+4           -8.7531482553E+0          -6.0913444837E+1         
07/05/16                  17:00:56.7                1.8666732352E+2           4.4250000000E+1           7.8727605586E+2           3.4616587516E+4           -8.7415706652E+0          -6.2575172834E+1         
07/05/16                  17:01:11.2                1.8666749130E+2           4.4170454550E+1           7.8611877460E+2           3.4371052467E+4           -8.7708140632E+0          -6.2286088329E+1         
07/05/16                  17:01:23.8                1.8666763742E+2           4.4048076920E+1           7.8687193096E+2           3.3918926201E+4           -8.9250390735E+0          -6.2670090291E+1         
07/05/16                  17:01:35.7                1.8666777515E+2           4.3942307690E+1           7.8674507864E+2           3.4619551746E+4           -9.8833332033E+0          -6.1681698854E+1         
07/05/16                  17:01:48.9                1.8666792784E+2           4.3843750000E+1           7.7240345661E+2           2.7832476179E+4           -1.6316419329E+1          -6.0078317542E+1         
07/05/16                  17:01:55.3                1.8666800186E+2           4.3800000000E+1           7.8863204697E+2           1.5142575305E+4           -1.0858918620E+1          -7.0697545362E+1         
07/05/16                  17:02:00.5                1.8666806207E+2           4.3750000000E+1           7.8721691651E+2           8.5768874445E+3           -1.1922694464E+1          -7.2724536132E+1         
07/05/16                  17:02:05.6                1.8666812079E+2           4.3700000000E+1           7.8662010537E+2           5.2538853218E+3           -1.4732279005E+1          -7.2147419473E+1         
07/05/16                  17:02:12.5                1.8666820045E+2           4.3662500000E+1           7.8726555258E+2           3.1626179952E+3           -1.5691306067E+1          -8.9752623792E+1         
07/05/16                  17:02:17.5                1.8666825870E+2           4.3625000000E+1           7.8804927184E+2           2.6122299643E+3           -1.7448480516E+1          -1.5359340903E+2         
07/05/16                  17:02:22.6                1.8666831761E+2           4.3562500000E+1           7.8818401533E+2           7.0689334278E+3           -1.6985816748E+1          -7.9802175363E+1         
07/05/16                  17:02:27.8                1.8666837791E+2           4.3531250000E+1           7.8487504420E+2           1.7757691010E+4           -1.0570412772E+1          -7.1428126245E+1         
07/05/16                  17:02:33.4                1.8666844303E+2           4.3500000000E+1           7.8530856686E+2           2.5322127106E+4           -8.8036053649E+0          -6.9705960127E+1         
07/05/16                  17:02:40.0                1.8666851881E+2           4.3428571430E+1           7.8614938724E+2           2.9076648695E+4           -9.0686544549E+0          -6.7870860930E+1         
07/05/16                  17:02:47.4                1.8666860466E+2           4.3375000000E+1           7.8585604008E+2           3.0799862051E+4           -9.6520764785E+0          -6.7159918724E+1         
07/05/16                  17:02:55.9                1.8666870288E+2           4.3320312500E+1           7.8570639984E+2           3.1801895540E+4           -1.0542460010E+1          -6.2549839185E+1         
07/05/16                  17:03:03.6                1.8666879265E+2           4.3236111110E+1           7.8678627837E+2           3.1750959588E+4           -9.5976359443E+0          -6.6564825508E+1         
07/05/16                  17:03:12.3                1.8666889267E+2           4.3187500000E+1           7.8605562935E+2           3.1970205320E+4           -8.9585951536E+0          -6.6183274901E+1         
07/05/16                  17:03:21.0                1.8666899310E+2           4.3125000000E+1           7.8580344429E+2           3.1700100998E+4           -9.6533577159E+0          -6.6191062166E+1         
07/05/16                  17:03:31.0                1.8666910897E+2           4.3053571430E+1           7.8642429615E+2           3.1681002252E+4           -9.6320674641E+0          -6.7525681454E+1         
07/05/16                  17:03:39.5                1.8666920760E+2           4.2993750000E+1           7.8613122351E+2           3.2165148491E+4           -9.5809382262E+0          -6.6144209328E+1         
07/05/16                  17:03:49.2                1.8666932006E+2           4.2918750000E+1           7.8610712141E+2           3.2538577664E+4           -9.5658594092E+0          -6.5649843480E+1         
07/05/16                  17:03:58.9                1.8666943265E+2           4.2840909090E+1           7.8624376533E+2           3.2684341290E+4           -9.4153381965E+0          -6.5044846862E+1         
07/05/16                  17:04:09.6                1.8666955615E+2           4.2758928570E+1           7.8635158618E+2           3.2600342393E+4           -9.4812516567E+0          -6.5235228151E+1         
07/05/16                  17:04:18.6                1.8666966045E+2           4.2710937500E+1           7.8602041870E+2           3.2923302570E+4           -8.8152348401E+0          -6.4837256771E+1         
07/05/16                  17:04:26.8                1.8666975566E+2           4.2645833330E+1           7.8636963992E+2           3.3122320068E+4           -9.2138516391E+0          -6.5423896495E+1         
07/05/16                  17:04:36.3                1.8666986497E+2           4.2583333330E+1           7.8601576047E+2           3.2689648126E+4           -1.0051506711E+1          -6.5057693995E+1         
07/05/16                  17:04:47.9                1.8666999929E+2           4.2487500000E+1           7.8571618811E+2           3.2736701703E+4           -9.3936458914E+0          -6.5004570036E+1         
07/05/16                  17:04:58.2                1.8667011920E+2           4.2428571430E+1           7.8621423286E+2           3.3341551417E+4           -9.7221449782E+0          -6.4942880538E+1         
07/05/16                  17:05:06.9                1.8667021916E+2           4.2359375000E+1           7.8614311755E+2           3.3076758278E+4           -9.1630079886E+0          -6.4953875366E+1         
07/05/16                  17:05:17.1                1.8667033723E+2           4.2289062500E+1           7.8562043044E+2           3.2732169352E+4           -8.9649640516E+0          -6.5032696797E+1         
07/05/16                  17:05:25.1                1.8667042945E+2           4.2222222220E+1           7.8606945997E+2           3.2175150192E+4           -9.6750839611E+0          -6.6250626551E+1         
07/05/16                  17:05:33.8                1.8667053061E+2           4.2164062500E+1           7.8584434749E+2           3.2266692509E+4           -9.4626256894E+0          -6.6113949600E+1         
07/05/16                  17:05:41.7                1.8667062208E+2           4.2090277780E+1           7.8637605206E+2           3.2054851216E+4           -9.6659955026E+0          -6.7851857598E+1         
07/05/16                  17:05:51.9                1.8667074049E+2           4.2035714290E+1           7.8585209498E+2           3.2187768459E+4           -9.3927431145E+0          -6.5878083319E+1         
07/05/16                  17:06:00.2                1.8667083579E+2           4.1960937500E+1           7.8630739783E+2           3.2264218140E+4           -1.0087294896E+1          -6.6649887056E+1         
07/05/16                  17:06:08.2                1.8667092922E+2           4.1890625000E+1           7.8571715252E+2           3.2368021556E+4           -9.3950041684E+0          -6.6243508333E+1         
07/05/16                  17:06:17.0                1.8667103060E+2           4.1819444440E+1           7.8561340467E+2           3.2075195578E+4           -9.6519958979E+0          -6.5706454313E+1         
07/05/16                  17:06:25.4                1.8667112758E+2           4.1750000000E+1           7.8560307903E+2           3.1821068378E+4           -9.9824961161E+0          -6.7267926112E+1         
07/05/16                  17:06:33.5                1.8667122164E+2           4.1705357140E+1           7.8590409348E+2           3.2009611637E+4           -9.7512445885E+0          -6.7162947945E+1         
07/05/16                  17:06:43.0                1.8667133200E+2           4.1638888890E+1           7.8615860356E+2           3.2486777020E+4           -9.7266098255E+0          -6.6571250331E+1         
07/05/16                  17:06:53.9                1.8667145778E+2           4.1570312500E+1           7.8572798457E+2           3.2639604758E+4           -9.3793346933E+0          -6.5696916918E+1         
07/05/16                  17:07:01.9                1.8667154995E+2           4.1507812500E+1           7.8558109611E+2           3.2946649287E+4           -9.2541627156E+0          -6.4876379347E+1         
07/05/16                  17:07:09.9                1.8667164237E+2           4.1460937500E+1           7.8508186023E+2           3.2710366471E+4           -9.6659053112E+0          -6.5580531798E+1         
07/05/16                  17:07:19.1                1.8667174981E+2           4.1387500000E+1           7.8556081403E+2           3.2453309851E+4           -9.8263655641E+0          -6.6239891188E+1         
07/05/16                  17:07:27.6                1.8667184793E+2           4.1325000000E+1           7.8563117934E+2           3.2522516799E+4           -9.5471620487E+0          -6.5928986340E+1         
07/05/16                  17:07:36.9                1.8667195601E+2           4.1262500000E+1           7.8597501876E+2           3.2522873409E+4           -1.0041101659E+1          -6.6926534233E+1         
07/05/16                  17:07:45.8                1.8667205884E+2           4.1210937500E+1           7.8524678842E+2           3.2504305112E+4           -9.7433525477E+0          -6.6526376301E+1         
07/05/16                  17:07:54.3                1.8667215677E+2           4.1152777780E+1           7.8575547584E+2           3.2669209120E+4           -9.7350641378E+0          -6.6000213024E+1         
07/05/16                  17:08:05.2                1.8667228266E+2           4.1091346150E+1           7.8545258858E+2           3.2793874169E+4           -9.1072022926E+0          -6.5808739686E+1         
07/05/16                  17:08:16.5                1.8667241323E+2           4.1015625000E+1           7.8522623797E+2           3.2604981456E+4           -9.6539948293E+0          -6.5478591954E+1         
07/05/16                  17:08:27.5                1.8667254141E+2           4.0918750000E+1           7.8527597396E+2           3.2446243045E+4           -9.8806173893E+0          -6.5914662659E+1         
07/05/16                  17:08:39.8                1.8667268359E+2           4.0861111110E+1           7.8571425734E+2           3.2677703527E+4           -9.2822376624E+0          -6.6332044628E+1         
07/05/16                  17:08:48.5                1.8667278359E+2           4.0770833330E+1           7.8504722210E+2           3.3166872293E+4           -9.3209756184E+0          -6.4456958847E+1         
07/05/16                  17:08:58.3                1.8667289778E+2           4.0698863640E+1           7.8487927924E+2           3.3024438334E+4           -9.2347369916E+0          -6.5148213871E+1         
07/05/16                  17:09:07.6                1.8667300501E+2           4.0648437500E+1           7.8513523261E+2           3.2232051631E+4           -9.5501068087E+0          -6.6548106352E+1         
07/05/16                  17:09:15.9                1.8667310134E+2           4.0612500000E+1           7.8539359668E+2           3.1981171180E+4           -1.0507695488E+1          -6.8445953147E+1         
07/05/16                  17:09:24.4                1.8667319979E+2           4.0527777780E+1           7.8468949995E+2           3.2422581697E+4           -9.9662992121E+0          -6.5785009230E+1         
07/05/16                  17:09:33.5                1.8667330460E+2           4.0493055560E+1           7.8480047578E+2           3.2486495748E+4           -9.8045602639E+0          -6.5532820738E+1         
07/05/16                  17:09:42.5                1.8667340861E+2           4.0425000000E+1           7.8459164144E+2           3.2512329422E+4           -1.0816845340E+1          -6.3776085919E+1         
07/05/16                  17:09:52.1                1.8667352049E+2           4.0375000000E+1           7.8553268118E+2           3.1939282608E+4           -9.6301408944E+0          -6.7846929805E+1         
07/05/16                  17:10:01.2                1.8667362520E+2           4.0333333330E+1           7.8579167675E+2           3.1717176480E+4           -9.4735460773E+0          -6.8610264104E+1         
07/05/16                  17:10:09.2                1.8667371826E+2           4.0285714290E+1           7.8524014012E+2           3.1668793257E+4           -1.0342350709E+1          -6.7497750144E+1         
07/05/16                  17:10:18.8                1.8667382974E+2           4.0203125000E+1           7.8483716213E+2           3.1900915074E+4           -1.0373286629E+1          -6.6968575987E+1         
07/05/16                  17:10:27.5                1.8667393027E+2           4.0152777780E+1           7.8476375716E+2           3.1843147795E+4           -9.6115245740E+0          -6.5689844684E+1         
07/05/16                  17:10:35.6                1.8667402394E+2           4.0101562500E+1           7.8486999064E+2           3.1901959690E+4           -1.0125995559E+1          -6.6430446883E+1         
07/05/16                  17:10:44.2                1.8667412283E+2           4.0054687500E+1           7.8590862307E+2           3.2050195131E+4           -9.5444262288E+0          -6.7559979891E+1         
07/05/16                  17:10:52.6                1.8667422012E+2           4.0000000000E+1           7.8508012680E+2           3.2428737729E+4           -1.0033049009E+1          -6.6561001044E+1         
07/05/16                  17:11:01.2                1.8667431966E+2           3.9945312500E+1           7.8452014616E+2           3.2452961536E+4           -1.0021410868E+1          -6.5353715637E+1         
07/05/16                  17:11:09.8                1.8667441980E+2           3.9887500000E+1           7.8521688445E+2           3.2387978691E+4           -9.8583409349E+0          -6.6314355892E+1         
07/05/16                  17:11:19.0                1.8667452586E+2           3.9843750000E+1           7.8176022141E+2           2.7915879954E+4           -8.6821488902E+0          -6.8935467729E+1         
07/05/16                  17:11:25.0                1.8667459588E+2           3.9812500000E+1           7.8735537672E+2           1.6121752976E+4           -9.9991373625E+0          -7.3601330552E+1         
07/05/16                  17:11:30.2                1.8667465540E+2           3.9791666670E+1           7.8688762755E+2           9.1828938693E+3           -1.2489962645E+1          -7.5714225388E+1         
07/05/16                  17:11:35.3                1.8667471428E+2           3.9750000000E+1           7.8641193397E+2           5.5496840315E+3           -1.4842465838E+1          -7.1886533523E+1         
07/05/16                  17:11:42.2                1.8667479412E+2           3.9687500000E+1           7.8682376182E+2           3.2514377250E+3           -1.6695417208E+1          -7.7602529503E+1         
07/05/16                  17:11:47.2                1.8667485266E+2           3.9687500000E+1           7.8680353765E+2           2.4803939546E+3           -1.7692640797E+1          -8.4871072042E+1         
07/05/16                  17:11:52.3                1.8667491129E+2           3.9662500000E+1           7.8683609152E+2           2.0650578850E+3           -1.7869676197E+1          -9.3062443391E+1         
07/05/16                  17:11:57.4                1.8667496997E+2           3.9650000000E+1           7.8736867714E+2           1.8311596547E+3           -1.6743043410E+1          -1.0687492879E+2         
07/05/16                  17:12:02.4                1.8667502858E+2           3.9625000000E+1           7.8683325292E+2           1.6992653801E+3           -1.8184421956E+1          -8.9136288670E+1         
07/05/16                  17:12:07.5                1.8667508720E+2           3.9562500000E+1           7.8695935179E+2           1.6149501792E+3           -1.8148321915E+1          -9.9802136313E+1         
07/05/16                  17:12:12.5                1.8667514554E+2           3.9562500000E+1           7.8686146365E+2           1.5627084108E+3           -1.8759234329E+1          -9.1684386902E+1         
07/05/16                  17:12:17.5                1.8667520356E+2           3.9500000000E+1           7.9034707955E+2           2.4104253331E+3           -1.7320699999E+1          -8.9662964833E+2         
07/05/16                  17:12:22.7                1.8667526304E+2           3.9500000000E+1           7.8636495928E+2           1.2831545600E+4           -1.1719397240E+1          -7.0283827883E+1         
07/05/16                  17:12:28.4                1.8667532939E+2           3.9484375000E+1           7.8556784780E+2           2.7332224965E+4           -9.9538334913E+0          -6.1907920016E+1         
07/05/16                  17:12:42.0                1.8667548655E+2           3.9372500000E+1           7.8663395023E+2           4.0615515243E+4           -5.9841694266E+1          1.3147100941E+1          
07/05/16                  17:13:13.4                1.8667584955E+2           3.9227500000E+1           7.8504759365E+2           4.3751317551E+4           -1.1796229385E+1          -5.6530001289E+1         
07/05/16                  17:13:45.5                1.8667622210E+2           3.9042187500E+1           7.8812347482E+2           4.3750871286E+4           -2.9718709942E+1          -5.9387564054E+1         
07/05/16                  17:14:20.2                1.8667662293E+2           3.8858796300E+1           7.8824880588E+2           4.2216005828E+4           -2.3542714421E+0          -5.8022139281E+1         
07/05/16                  17:14:44.6                1.8667690588E+2           3.8698863640E+1           7.7899885915E+2           4.4037033702E+4           -1.0461122844E+1          -4.9327617590E+1         
07/05/16                  17:15:18.8                1.8667730099E+2           3.8552500000E+1           7.8641078831E+2           4.3570122741E+4           -1.2354638922E+1          -5.6185034354E+1         
07/05/16                  17:15:45.0                1.8667760478E+2           3.8416666670E+1           7.9241427350E+2           4.3541052355E+4           -2.6199349803E+1          -6.0884562405E+1         
07/05/16                  17:16:09.8                1.8667789185E+2           3.8296875000E+1           7.8673826021E+2           4.4211481329E+4           -4.8179864357E+0          -5.7901864515E+1         
07/05/16                  17:16:35.3                1.8667818695E+2           3.8170000000E+1           7.9005797407E+2           4.2205954350E+4           -9.9402884561E+0          -5.8231345573E+1         
07/05/16                  17:16:58.3                1.8667845369E+2           3.8050480770E+1           7.8737251834E+2           4.0791769877E+4           1.3142023787E+0           -5.6614376714E+1         
07/05/16                  17:17:23.0                1.8667873896E+2           3.7932692310E+1           7.9272248509E+2           4.0892517436E+4           -3.9597766724E+1          -6.1462245970E+1         
07/05/16                  17:17:52.2                1.8667907748E+2           3.7822500000E+1           7.8226892365E+2           4.3080302485E+4           -1.1691981258E+1          -5.3388951222E+1         
07/05/16                  17:18:20.8                1.8667940754E+2           3.7712962960E+1           7.8605638711E+2           4.1634543853E+4           -2.0731317509E+1          -5.5918335078E+1         
07/05/16                  17:18:43.4                1.8667966913E+2           3.7656250000E+1           7.9416000891E+2           3.9543226347E+4           -6.8623526566E+0          -7.6539261516E+1         
07/05/16                  17:19:05.3                1.8667992283E+2           3.7684782610E+1           7.8479527411E+2           4.0366276128E+4           -4.1585544060E+1          -5.9386563489E+1         
07/05/16                  17:19:29.3                1.8668020129E+2           3.7687500000E+1           7.8539556596E+2           4.2001307597E+4           -1.7923694119E+1          -4.8046753416E+1         
07/05/16                  17:19:51.1                1.8668045264E+2           3.7704861110E+1           7.8539311538E+2           4.1121358669E+4           -4.9529242133E+0          -5.6821994087E+1         
07/05/16                  17:20:15.8                1.8668073928E+2           3.7774553570E+1           7.8793061354E+2           4.1815312499E+4           -2.8351248109E+1          -4.1272506094E+1         
07/05/16                  17:20:39.5                1.8668101277E+2           3.7937500000E+1           7.8885515131E+2           4.0813476214E+4           -1.8543442097E+1          -6.0819008404E+1         
07/05/16                  17:21:08.6                1.8668135015E+2           3.8092672410E+1           7.6925092669E+2           4.0772095656E+4           -4.7875332174E+0          9.3855457629E+0          
07/05/16                  17:21:24.3                1.8668153176E+2           3.8187500000E+1           7.8862207255E+2           2.1499448246E+4           -7.0865583511E+0          -6.7611286324E+1         
07/05/16                  17:21:29.7                1.8668159448E+2           3.8187500000E+1           7.8750872928E+2           1.1623776482E+4           -9.3958675794E+0          -6.9210776084E+1         
07/05/16                  17:21:34.8                1.8668165355E+2           3.8225000000E+1           7.8654168803E+2           6.8287931493E+3           -1.2549468223E+1          -6.7961418674E+1         
07/05/16                  17:21:41.7                1.8668173331E+2           3.8262500000E+1           7.8711809719E+2           3.8264223089E+3           -1.4143196014E+1          -8.0144123550E+1         
07/05/16                  17:21:46.8                1.8668179186E+2           3.8300000000E+1           7.8708086144E+2           2.8337838884E+3           -1.5169869323E+1          -8.2665317571E+1         
07/05/16                  17:21:51.8                1.8668185037E+2           3.8312500000E+1           7.8711155843E+2           2.3049579263E+3           -1.5946913798E+1          -9.0350195092E+1         
07/05/16                  17:21:56.9                1.8668190895E+2           3.8325000000E+1           7.8699285994E+2           2.0130750756E+3           -1.7214672947E+1          -9.2887796003E+1         
07/05/16                  17:22:01.9                1.8668196744E+2           3.8375000000E+1           7.8666942571E+2           1.8446634276E+3           -1.7557983646E+1          -8.0533202702E+1         
07/05/16                  17:22:07.0                1.8668202605E+2           3.8375000000E+1           7.8705027304E+2           1.7376883192E+3           -1.7524612583E+1          -1.0348113278E+2         
07/05/16                  17:22:12.0                1.8668208446E+2           3.8412500000E+1           7.8721188074E+2           1.6670861482E+3           -1.7024084392E+1          -1.0295009369E+2         
07/05/16                  17:22:17.0                1.8668214195E+2           3.8437500000E+1           7.8758332501E+2           1.6295187459E+3           -1.8245244961E+1          -1.5070696073E+2         
07/05/16                  17:22:22.2                1.8668220176E+2           3.8437500000E+1           7.8832961971E+2           6.2039691996E+3           -1.8373724912E+1          -8.4642285181E+1         
07/05/16                  17:22:27.4                1.8668226193E+2           3.8458333330E+1           7.8494663553E+2           1.7646561389E+4           -1.0970034268E+1          -7.0608567724E+1         
07/05/16                  17:22:33.2                1.8668232871E+2           3.8500000000E+1           7.8842370191E+2           2.6146450974E+4           -8.7178426461E+0          -7.3188223578E+1         
07/05/16                  17:22:41.9                1.8668242971E+2           3.8526785710E+1           7.8691317617E+2           3.1141315018E+4           -8.5751299117E+0          -6.7819705388E+1         
07/05/16                  17:22:49.6                1.8668251895E+2           3.8554687500E+1           7.8694909520E+2           3.2489992175E+4           -8.8312867761E+0          -6.6133369868E+1         
07/05/16                  17:22:58.9                1.8668262624E+2           3.8568750000E+1           7.8733294072E+2           3.2992789063E+4           -8.7540757522E+0          -6.6364907420E+1         
07/05/16                  17:23:07.8                1.8668272952E+2           3.8618055560E+1           7.8679946415E+2           3.3204839371E+4           -8.7224070898E+0          -6.5086007031E+1         
07/05/16                  17:23:17.8                1.8668284573E+2           3.8625000000E+1           7.8674337224E+2           3.3387623132E+4           -9.2084231446E+0          -6.4244426242E+1         
07/05/16                  17:23:27.9                1.8668296288E+2           3.8687500000E+1           7.8740494155E+2           3.3505232666E+4           -8.7156331821E+0          -6.4904362528E+1         
07/05/16                  17:23:38.2                1.8668308173E+2           3.8703125000E+1           7.8664978605E+2           3.3896827511E+4           -9.1805263520E+0          -6.4157217738E+1         
07/05/16                  17:23:47.1                1.8668318508E+2           3.8736111110E+1           7.8660033707E+2           3.4066268205E+4           -8.6642350429E+0          -6.3132792455E+1         
07/05/16                  17:23:58.8                1.8668331971E+2           3.8774038460E+1           7.8717046072E+2           3.4276338692E+4           -8.9318250498E+0          -6.4032028047E+1         
07/05/16                  17:24:10.3                1.8668345328E+2           3.8812500000E+1           7.8625048230E+2           3.4186915092E+4           -8.2112680067E+0          -6.3654150832E+1         
07/05/16                  17:24:20.6                1.8668357258E+2           3.8851562500E+1           7.8693780890E+2           3.3666255220E+4           -9.1462919863E+0          -6.6729074292E+1         
07/05/16                  17:24:31.1                1.8668369436E+2           3.8875000000E+1           7.8715025140E+2           3.3713620761E+4           -9.0166131295E+0          -6.5062967858E+1         
07/05/16                  17:24:40.8                1.8668380636E+2           3.8881250000E+1           7.8673888425E+2           3.3727723260E+4           -8.9000532112E+0          -6.4178671269E+1         
07/05/16                  17:24:49.7                1.8668390913E+2           3.8914062500E+1           7.8714419959E+2           3.3526548665E+4           -8.9669810946E+0          -6.5085121308E+1         
07/05/16                  17:24:58.0                1.8668400521E+2           3.8937500000E+1           7.8694038919E+2           3.3373503980E+4           -9.1878208429E+0          -6.4998924178E+1         
07/05/16                  17:25:06.6                1.8668410492E+2           3.8968750000E+1           7.8707924603E+2           3.3292967151E+4           -8.8112659384E+0          -6.5197691511E+1         
07/05/16                  17:25:17.4                1.8668422989E+2           3.9000000000E+1           7.8686726929E+2           3.3337422191E+4           -9.3221827664E+0          -6.5270082726E+1         
07/05/16                  17:25:26.4                1.8668433447E+2           3.9000000000E+1           7.8680636982E+2           3.3540807884E+4           -8.8776595336E+0          -6.4614993069E+1         
07/05/16                  17:25:36.6                1.8668445208E+2           3.9031250000E+1           7.8636048248E+2           3.3369775824E+4           -8.0807042800E+0          -6.3748184633E+1         
07/05/16                  17:25:45.4                1.8668455437E+2           3.9054687500E+1           7.8681162919E+2           3.3355870202E+4           -8.9087314220E+0          -6.5193978175E+1         
07/05/16                  17:25:54.4                1.8668465771E+2           3.9053571430E+1           7.8666168318E+2           3.3264881979E+4           -8.9082914037E+0          -6.5031945433E+1         
07/05/16                  17:26:02.6                1.8668475324E+2           3.9062500000E+1           7.8708617927E+2           3.3514911476E+4           -8.7896135160E+0          -6.5131287768E+1         
07/05/16                  17:26:13.0                1.8668487347E+2           3.9062500000E+1           7.8707486339E+2           3.3575476503E+4           -8.9121772275E+0          -6.5206248912E+1         
07/05/16                  17:26:22.8                1.8668498631E+2           3.9083333330E+1           7.8731060968E+2           3.3764039032E+4           -8.9943681806E+0          -6.5735351471E+1         
07/05/16                  17:26:31.2                1.8668508441E+2           3.9085937500E+1           7.8704744579E+2           3.3868658325E+4           -8.7987650801E+0          -6.4602556382E+1         
07/05/16                  17:26:39.0                1.8668517431E+2           3.9117187500E+1           7.8760641675E+2           3.3969797111E+4           -9.0642055189E+0          -6.5251452512E+1         
07/05/16                  17:26:49.1                1.8668529148E+2           3.9125000000E+1           7.8616678075E+2           3.3877009379E+4           -6.6953947971E+0          -5.7868709258E+1         
07/05/16                  17:27:00.4                1.8668542231E+2           3.9125000000E+1           7.8733972595E+2           3.3324897146E+4           -9.4016866751E+0          -6.5628010600E+1         
07/05/16                  17:27:08.5                1.8668551513E+2           3.9160714290E+1           7.8747322242E+2           3.3493912109E+4           -8.7670935100E+0          -6.6285987348E+1         
07/05/16                  17:27:16.5                1.8668560810E+2           3.9187500000E+1           7.8753953726E+2           3.3744841421E+4           -9.4008087249E+0          -6.5725494482E+1         
07/05/16                  17:27:25.1                1.8668570755E+2           3.9187500000E+1           7.8740065189E+2           3.4097092355E+4           -9.0167336411E+0          -6.4996696303E+1         
07/05/16                  17:27:33.8                1.8668580863E+2           3.9187500000E+1           7.8687682140E+2           3.4426711422E+4           -8.6229006662E+0          -6.3761456245E+1         
07/05/16                  17:27:43.9                1.8668592527E+2           3.9201388890E+1           7.8755327027E+2           3.4293677087E+4           -9.2376201796E+0          -6.4614450288E+1         
07/05/16                  17:27:56.5                1.8668607066E+2           3.9238636360E+1           7.8709961944E+2           3.4705975953E+4           -8.6669284998E+0          -6.3862397590E+1         
07/05/16                  17:28:06.2                1.8668618328E+2           3.9250000000E+1           7.8660186682E+2           3.4700752678E+4           -1.0534584714E+1          -6.0329934966E+1         
07/05/16                  17:28:17.0                1.8668630854E+2           3.9250000000E+1           7.8731625996E+2           3.3919194470E+4           -7.4892106073E+0          -6.3436268450E+1         
07/05/16                  17:28:27.0                1.8668642420E+2           3.9250000000E+1           7.8759412517E+2           3.3807309464E+4           -8.9719262915E+0          -6.5368547490E+1         
07/05/16                  17:28:37.4                1.8668654431E+2           3.9250000000E+1           7.8767767577E+2           3.3640221887E+4           -8.5656249110E+0          -6.5554026042E+1         
07/05/16                  17:28:46.3                1.8668664778E+2           3.9250000000E+1           7.8717617458E+2           3.3532950322E+4           -8.8508055503E+0          -6.4618493468E+1         
07/05/16                  17:28:55.5                1.8668675455E+2           3.9250000000E+1           7.8737139695E+2           3.3411293121E+4           -8.7819071258E+0          -6.5608118761E+1         
07/05/16                  17:29:04.0                1.8668685268E+2           3.9267857140E+1           7.8757233364E+2           3.3446782048E+4           -9.0958642681E+0          -6.6232494988E+1         
07/05/16                  17:29:12.1                1.8668694590E+2           3.9304687500E+1           7.8728077258E+2           3.3501102547E+4           -9.5553508480E+0          -6.5392673009E+1         
07/05/16                  17:29:19.9                1.8668703615E+2           3.9312500000E+1           7.8737933614E+2           3.3296859134E+4           -8.8112526687E+0          -6.5795951414E+1         
07/05/16                  17:29:28.1                1.8668713126E+2           3.9312500000E+1           7.8742653092E+2           3.3273104395E+4           -8.7426608829E+0          -6.5219681069E+1         
07/05/16                  17:29:40.0                1.8668726870E+2           3.9312500000E+1           7.8719112104E+2           3.3969576310E+4           -8.7098277466E+0          -6.4472134750E+1         
07/05/16                  17:29:49.9                1.8668738360E+2           3.9343750000E+1           7.8794266691E+2           3.4246139163E+4           -8.9948867590E+0          -6.4861189320E+1         
07/05/16                  17:29:58.6                1.8668748439E+2           3.9375000000E+1           7.8763502579E+2           3.4393494809E+4           -8.7956803340E+0          -6.4160989057E+1         
07/05/16                  17:30:07.4                1.8668758645E+2           3.9375000000E+1           7.8664038067E+2           3.4369118683E+4           -1.0132832864E+1          -6.1193021660E+1         
07/05/16                  17:30:16.8                1.8668769501E+2           3.9375000000E+1           7.8715700376E+2           3.3649044907E+4           -9.2219406033E+0          -6.5013069234E+1         
07/05/16                  17:30:25.2                1.8668779209E+2           3.9375000000E+1           7.8756382838E+2           3.3280163532E+4           -9.2774958526E+0          -6.5460072943E+1         
07/05/16                  17:30:33.0                1.8668788243E+2           3.9375000000E+1           7.8732787113E+2           3.3503956619E+4           -8.9641309177E+0          -6.5643368151E+1         
07/05/16                  17:30:43.1                1.8668799963E+2           3.9386363640E+1           7.8788256108E+2           3.3539539634E+4           -9.4304879532E+0          -6.5581122059E+1         
07/05/16                  17:30:51.9                1.8668810180E+2           3.9375000000E+1           7.8699355303E+2           3.3446565749E+4           -9.2712091125E+0          -6.5077012460E+1         
07/05/16                  17:30:59.6                1.8668819013E+2           3.9416666670E+1           7.8755892194E+2           3.3131904607E+4           -8.9739078033E+0          -6.6137412570E+1         
07/05/16                  17:31:07.0                1.8668827553E+2           3.9401785710E+1           7.8775314872E+2           3.2884803239E+4           -9.0591005430E+0          -6.7235871791E+1         
07/05/16                  17:31:17.2                1.8668839421E+2           3.9423611110E+1           7.8738561615E+2           3.3107539897E+4           -9.2047447578E+0          -6.6586981915E+1         
07/05/16                  17:31:26.5                1.8668850220E+2           3.9437500000E+1           7.8661068383E+2           3.3367677519E+4           -8.7791302122E+0          -6.4318529441E+1         
07/05/16                  17:31:35.3                1.8668860340E+2           3.9437500000E+1           7.8731769205E+2           3.2810338186E+4           -8.8240559542E+0          -6.7082036103E+1         
07/05/16                  17:31:44.0                1.8668870441E+2           3.9453125000E+1           7.8415521175E+2           3.2700477156E+4           -8.9282856729E+0          -4.8349764280E+1         
07/05/16                  17:31:50.9                1.8668878453E+2           3.9468750000E+1           7.8696507624E+2           2.2766314672E+4           -8.5334697347E+0          -7.1057015797E+1         
07/05/16                  17:31:56.4                1.8668884738E+2           3.9487500000E+1           7.8606854652E+2           1.2723746623E+4           -1.0893085699E+1          -6.5195787507E+1         
07/05/16                  17:32:01.5                1.8668890652E+2           3.9462500000E+1           7.8694701764E+2           7.3424706617E+3           -1.2907991803E+1          -7.5180371774E+1         
07/05/16                  17:32:06.6                1.8668896565E+2           3.9450000000E+1           7.8708307799E+2           4.5578114146E+3           -1.4435513796E+1          -7.8721025562E+1         
07/05/16                  17:32:11.7                1.8668902476E+2           3.9475000000E+1           7.8717626244E+2           3.1331635016E+3           -1.5604877992E+1          -8.6496852560E+1         
07/05/16                  17:32:16.8                1.8668908339E+2           3.9484375000E+1           7.8761250911E+2           2.4684217981E+3           -1.6290939297E+1          -9.1057162189E+1         
07/05/16                  17:32:21.8                1.8668914218E+2           3.9450000000E+1           7.9018928547E+2           5.5237086582E+3           -1.7635192157E+1          -9.9784763122E+1         
07/05/16                  17:32:28.9                1.8668922399E+2           3.9450000000E+1           7.8692039065E+2           1.9308758983E+4           -8.9039010503E+0          -7.9682853041E+1         
07/05/16                  17:32:34.7                1.8668929054E+2           3.9446428570E+1           7.8657086004E+2           2.6135777808E+4           -9.4255227797E+0          -7.0635549907E+1         
07/05/16                  17:32:41.3                1.8668936803E+2           3.9446428570E+1           7.8633464632E+2           2.9637761357E+4           -8.5624267278E+0          -6.8453748669E+1         
07/05/16                  17:32:48.3                1.8668944842E+2           3.9437500000E+1           7.8721662378E+2           3.0789988800E+4           -8.7745877628E+0          -6.8503424037E+1         
07/05/16                  17:32:55.2                1.8668952865E+2           3.9437500000E+1           7.8701339190E+2           3.1155100636E+4           -9.4889932012E+0          -6.8465635488E+1         
07/05/16                  17:33:02.3                1.8668961010E+2           3.9437500000E+1           7.8717198374E+2           3.1213670193E+4           -9.4172331227E+0          -6.9057629507E+1         
07/05/16                  17:33:09.5                1.8668969390E+2           3.9429687500E+1           7.8728843219E+2           3.1352150268E+4           -9.4251134898E+0          -6.9010206535E+1         
07/05/16                  17:33:17.9                1.8668979122E+2           3.9429687500E+1           7.8734687796E+2           3.1790810197E+4           -9.0527141514E+0          -6.8353340686E+1         
07/05/16                  17:33:26.5                1.8668989017E+2           3.9437500000E+1           7.8772507495E+2           3.2146576776E+4           -9.7730449318E+0          -6.7755513322E+1         
07/05/16                  17:33:35.5                1.8668999497E+2           3.9437500000E+1           7.8686569984E+2           3.2295917874E+4           -9.0589676804E+0          -6.7238033154E+1         
07/05/16                  17:33:43.2                1.8669008372E+2           3.9437500000E+1           7.8707311738E+2           3.1666237428E+4           -8.2983625898E+0          -6.9818245737E+1         
07/05/16                  17:33:52.7                1.8669019360E+2           3.9437500000E+1           7.8730690024E+2           3.1622737779E+4           -1.0058795008E+1          -6.9341284548E+1         
07/05/16                  17:34:00.5                1.8669028461E+2           3.9437500000E+1           7.8735284624E+2           3.1412557404E+4           -9.7250385059E+0          -6.8916497546E+1         
07/05/16                  17:34:07.8                1.8669036865E+2           3.9446428570E+1           7.8769176560E+2           3.1463920538E+4           -9.4720962397E+0          -6.9517933488E+1         
07/05/16                  17:34:15.2                1.8669045383E+2           3.9460937500E+1           7.8705913071E+2           3.1650352992E+4           -9.7180711170E+0          -6.8431454043E+1         
07/05/16                  17:34:22.6                1.8669054045E+2           3.9489583330E+1           7.8706016333E+2           3.1862935916E+4           -9.3801046761E+0          -6.7684151378E+1         
07/05/16                  17:34:30.7                1.8669063358E+2           3.9553571430E+1           7.8682299615E+2           3.2153412561E+4           -9.4866762990E+0          -6.7312171651E+1         
07/05/16                  17:34:38.6                1.8669072566E+2           3.9617187500E+1           7.8791253264E+2           3.1955387803E+4           -8.1332977934E+0          -6.8257097654E+1         
07/05/16                  17:34:46.0                1.8669081076E+2           3.9656250000E+1           7.8724803081E+2           3.2000824473E+4           -9.4363894980E+0          -6.7321270658E+1         
07/05/16                  17:34:54.1                1.8669090453E+2           3.9695312500E+1           7.8690688581E+2           3.2163838189E+4           -9.0651033407E+0          -6.7182452451E+1         
07/05/16                  17:35:02.6                1.8669100263E+2           3.9695312500E+1           7.8762540814E+2           3.1925702886E+4           -9.7431661751E+0          -6.8736104403E+1         
07/05/16                  17:35:11.4                1.8669110530E+2           3.9741071430E+1           7.8680838778E+2           3.1987548567E+4           -9.4416681092E+0          -6.6389070911E+1         
07/05/16                  17:35:20.8                1.8669121391E+2           3.9714285710E+1           7.8718041675E+2           3.1596605244E+4           -9.2862222644E+0          -6.8479454792E+1         
07/05/16                  17:35:28.7                1.8669130466E+2           3.9726562500E+1           7.8698916163E+2           3.1709098530E+4           -9.6895373845E+0          -6.8467742060E+1         
07/05/16                  17:35:36.2                1.8669139146E+2           3.9718750000E+1           7.8754916204E+2           3.2009862344E+4           -9.5706634704E+0          -6.8164877492E+1         
07/05/16                  17:35:43.3                1.8669147449E+2           3.9696428570E+1           7.8758378966E+2           3.2264054338E+4           -9.1354702235E+0          -6.7909710108E+1         
07/05/16                  17:35:50.6                1.8669155816E+2           3.9687500000E+1           7.8764028972E+2           3.1963749888E+4           -8.7810084913E+0          -6.8537978744E+1         
07/05/16                  17:35:57.9                1.8669164246E+2           3.9687500000E+1           7.8737709927E+2           3.1659166345E+4           -9.0918859039E+0          -6.8388280517E+1         
07/05/16                  17:36:05.3                1.8669172856E+2           3.9687500000E+1           7.8721033512E+2           3.1295723497E+4           -9.3750881609E+0          -6.9515906355E+1         
07/05/16                  17:36:12.9                1.8669181601E+2           3.9651785710E+1           7.8739474399E+2           3.0982387890E+4           -9.5122313293E+0          -7.0794387998E+1         
07/05/16                  17:36:19.8                1.8669189600E+2           3.9633928570E+1           7.8728335715E+2           3.0930465071E+4           -9.7652971556E+0          -7.0764136443E+1         
07/05/16                  17:36:26.9                1.8669197880E+2           3.9637500000E+1           7.8730741087E+2           3.1185887559E+4           -9.3008178091E+0          -6.9794437287E+1         
07/05/16                  17:36:34.4                1.8669206486E+2           3.9625000000E+1           7.8710129445E+2           3.1373773435E+4           -1.0099152039E+1          -6.9183624557E+1         
07/05/16                  17:36:43.4                1.8669216990E+2           3.9625000000E+1           7.8738521809E+2           3.1357274481E+4           -9.4588050757E+0          -6.9807913214E+1         
07/05/16                  17:36:50.7                1.8669225429E+2           3.9625000000E+1           7.8743021475E+2           3.1481929466E+4           -9.8274943511E+0          -6.9248466432E+1         
07/05/16                  17:36:58.6                1.8669234493E+2           3.9625000000E+1           7.8757142754E+2           3.1880058163E+4           -9.5895691328E+0          -6.9222743918E+1         
07/05/16                  17:37:07.0                1.8669244313E+2           3.9625000000E+1           7.8661153014E+2           3.2254751976E+4           -9.3539417240E+0          -6.6353126497E+1         
07/05/16                  17:37:16.0                1.8669254696E+2           3.9612500000E+1           7.8716728761E+2           3.2262687058E+4           -9.3954173964E+0          -6.7697050324E+1         
07/05/16                  17:37:23.7                1.8669263635E+2           3.9609375000E+1           7.8695987815E+2           3.2346171567E+4           -9.1813040838E+0          -6.7471116012E+1         
07/05/16                  17:37:31.2                1.8669272287E+2           3.9580357140E+1           7.8661219317E+2           3.2262885083E+4           -9.5650856600E+0          -6.6947793806E+1         
07/05/16                  17:37:39.0                1.8669281302E+2           3.9562500000E+1           7.8736620112E+2           3.1840595500E+4           -9.1103360855E+0          -6.8764647407E+1         
07/05/16                  17:37:46.4                1.8669289880E+2           3.9562500000E+1           7.8762252567E+2           3.1907231508E+4           -9.5153965201E+0          -6.9509740720E+1         
07/05/16                  17:37:54.5                1.8669299287E+2           3.9562500000E+1           7.8699254322E+2           3.2104322212E+4           -9.5214169611E+0          -6.8027455092E+1         
07/05/16                  17:38:01.9                1.8669307789E+2           3.9562500000E+1           7.8715083306E+2           3.2336602347E+4           -9.0082517733E+0          -6.7216171227E+1         
07/05/16                  17:38:11.6                1.8669319067E+2           3.9562500000E+1           7.8712381977E+2           3.2672173481E+4           -8.9933859326E+0          -6.6913877724E+1         
07/05/16                  17:38:19.3                1.8669327978E+2           3.9580357140E+1           7.8726613469E+2           3.2635623129E+4           -9.1413707212E+0          -6.6989452320E+1         
07/05/16                  17:38:27.7                1.8669337686E+2           3.9597222220E+1           7.8739354177E+2           3.2690737573E+4           -9.0137434034E+0          -6.8113123472E+1         
07/05/16                  17:38:35.6                1.8669346847E+2           3.9562500000E+1           7.8692851506E+2           3.2399052132E+4           -8.8802969916E+0          -6.6366892896E+1         
07/05/16                  17:38:44.1                1.8669356643E+2           3.9562500000E+1           7.8730654585E+2           3.1987397671E+4           -9.5386564930E+0          -6.8072467363E+1         
07/05/16                  17:38:51.5                1.8669365268E+2           3.9562500000E+1           7.8673783369E+2           3.2159413403E+4           -9.5405579531E+0          -6.7084244560E+1         
07/05/16                  17:38:59.4                1.8669374370E+2           3.9562500000E+1           7.8685948194E+2           3.2229491644E+4           -9.2772101239E+0          -6.7287283947E+1         
07/05/16                  17:39:07.5                1.8669383788E+2           3.9553571430E+1           7.8722666992E+2           3.2026879307E+4           -9.6278978289E+0          -6.7759594757E+1         
07/05/16                  17:39:14.9                1.8669392336E+2           3.9539062500E+1           7.8714401617E+2           3.2044157926E+4           -9.6250967358E+0          -6.8255787824E+1         
07/05/16                  17:39:22.6                1.8669401192E+2           3.9500000000E+1           7.8719032263E+2           3.2147536963E+4           -9.4367493794E+0          -6.8585809491E+1         
07/05/16                  17:39:29.9                1.8669409653E+2           3.9500000000E+1           7.8675018825E+2           3.2343174194E+4           -9.6308821854E+0          -6.7138902509E+1         
07/05/16                  17:39:39.2                1.8669420442E+2           3.9500000000E+1           7.8708904284E+2           3.2589901005E+4           -9.4667373287E+0          -6.7346340040E+1         
07/05/16                  17:39:46.4                1.8669428774E+2           3.9500000000E+1           7.8591873859E+2           3.2744492207E+4           -1.0881185049E+1          -6.1598196791E+1         
07/05/16                  17:39:54.6                1.8669438240E+2           3.9500000000E+1           7.8736516271E+2           3.1532634164E+4           -6.0907469708E+0          -7.0430633086E+1         
07/05/16                  17:40:02.7                1.8669447664E+2           3.9482142860E+1           7.8667682110E+2           3.1200226315E+4           -9.8949855778E+0          -6.9603029045E+1         
07/05/16                  17:40:09.5                1.8669455543E+2           3.9468750000E+1           7.8655004969E+2           3.0927852593E+4           -9.7598770009E+0          -6.9049698442E+1         
07/05/16                  17:40:16.6                1.8669463761E+2           3.9473214290E+1           7.8736285181E+2           3.0960571615E+4           -9.5124878000E+0          -7.0934562799E+1         
07/05/16                  17:40:24.3                1.8669472617E+2           3.9453125000E+1           7.8703899028E+2           3.1316719309E+4           -9.3224312732E+0          -6.9053836776E+1         
07/05/16                  17:40:31.8                1.8669481280E+2           3.9437500000E+1           7.8664806119E+2           3.1835209642E+4           -1.0770361040E+1          -6.8709579177E+1         
07/05/16                  17:40:39.6                1.8669490321E+2           3.9444444440E+1           7.8667484581E+2           3.1622311031E+4           -9.6756437025E+0          -6.8398240488E+1         
07/05/16                  17:40:48.7                1.8669500833E+2           3.9446428570E+1           7.8704129889E+2           3.1625511195E+4           -9.7200400455E+0          -6.8640073666E+1         
07/05/16                  17:40:57.4                1.8669510931E+2           3.9437500000E+1           7.8692604278E+2           3.1785912671E+4           -9.2315854133E+0          -6.7906899024E+1         
07/05/16                  17:41:06.9                1.8669521927E+2           3.9437500000E+1           7.8654774208E+2           3.1752987069E+4           -9.3363422391E+0          -6.7705645175E+1         
07/05/16                  17:41:13.9                1.8669530028E+2           3.9437500000E+1           7.8494335164E+2           3.1578999714E+4           -9.7751455009E+0          -5.9320200098E+1         
07/05/16                  17:41:20.6                1.8669537802E+2           3.9437500000E+1           7.8653197899E+2           2.4408540735E+4           -8.5801452587E+0          -7.4263609119E+1         
07/05/16                  17:41:26.1                1.8669544107E+2           3.9437500000E+1           7.8749234898E+2           1.3961167474E+4           -1.0197478387E+1          -7.4360178879E+1         
07/05/16                  17:41:31.2                1.8669550017E+2           3.9437500000E+1           7.8702628766E+2           7.9885585118E+3           -1.2517339073E+1          -7.5856485409E+1         
07/05/16                  17:41:36.3                1.8669555911E+2           3.9437500000E+1           7.8654188383E+2           4.8568265991E+3           -1.4765701779E+1          -7.5050739143E+1         
07/05/16                  17:41:41.3                1.8669561758E+2           3.9437500000E+1           7.8720194617E+2           3.2551335555E+3           -1.5042870556E+1          -8.6944772301E+1         
07/05/16                  17:41:46.4                1.8669567623E+2           3.9425000000E+1           7.8744164943E+2           2.4208090275E+3           -1.5360309871E+1          -9.7322956128E+1         
07/05/16                  17:41:51.4                1.8669573479E+2           3.9425000000E+1           7.8739752979E+2           1.9764720695E+3           -1.5516566548E+1          -9.6363113257E+1         
07/05/16                  17:41:56.5                1.8669579329E+2           3.9375000000E+1           7.8726310648E+2           1.7313241876E+3           -1.5753062552E+1          -9.7970397829E+1         
07/05/16                  17:42:01.6                1.8669585194E+2           3.9375000000E+1           7.8715095009E+2           1.5900272717E+3           -1.6619611530E+1          -9.7851845657E+1         
07/05/16                  17:42:08.4                1.8669593155E+2           3.9387500000E+1           7.8711013412E+2           1.4782959608E+3           -1.6108919040E+1          -9.7722496059E+1         
07/05/16                  17:42:13.5                1.8669598997E+2           3.9375000000E+1           7.8666162089E+2           1.4335445221E+3           -1.8705238726E+1          -7.8914145399E+1         
07/05/16                  17:42:18.5                1.8669604850E+2           3.9375000000E+1           7.8965851307E+2           3.3526375833E+3           -1.8626063042E+1          -8.1395739955E+1         
07/05/16                  17:42:23.7                1.8669610821E+2           3.9375000000E+1           7.8629955058E+2           1.5788716633E+4           -1.0473405205E+1          -7.1714058664E+1         
07/05/16                  17:42:29.6                1.8669617629E+2           3.9375000000E+1           7.8806706339E+2           2.8465666003E+4           -1.0344203174E+1          -6.7138275403E+1         
07/05/16                  17:42:38.5                1.8669627958E+2           3.9375000000E+1           7.9020238067E+2           3.6090410526E+4           -1.1179741826E+1          -6.5173239065E+1         
07/05/16                  17:42:56.1                1.8669648314E+2           3.9371875000E+1           7.8172772390E+2           4.1334116425E+4           -1.3886696019E+1          -4.9264184926E+1         
07/05/16                  17:43:15.6                1.8669670875E+2           3.9434375000E+1           7.8998211723E+2           3.9684545630E+4           -7.1520889834E+0          -6.1055041135E+1         
07/05/16                  17:43:31.9                1.8669689715E+2           3.9544117650E+1           7.8665455892E+2           3.9300372302E+4           -4.3445499329E+0          -5.7743827905E+1         
07/05/16                  17:43:49.8                1.8669710450E+2           3.9654411760E+1           7.8724228290E+2           3.8011153015E+4           -9.5928838162E+0          -6.0376722817E+1         
07/05/16                  17:44:09.5                1.8669733284E+2           3.9774305560E+1           7.8824404571E+2           3.8464083738E+4           -9.1681507498E+0          -5.9303607654E+1         
07/05/16                  17:44:26.4                1.8669752823E+2           3.9913461540E+1           7.8837325585E+2           3.7124631534E+4           -8.7782934338E+0          -6.1041035887E+1         
07/05/16                  17:44:40.1                1.8669768714E+2           4.0003676470E+1           7.8771223349E+2           3.8172509645E+4           -9.9290159718E+0          -5.9458305072E+1         
07/05/16                  17:45:00.0                1.8669791700E+2           4.0075657890E+1           7.8931755336E+2           3.8340739899E+4           -8.3323639429E+0          -6.0212201062E+1         
07/05/16                  17:45:16.4                1.8669810740E+2           4.0125000000E+1           7.8629210617E+2           3.7341496995E+4           -6.7801345250E+0          -6.0218568047E+1         
07/05/16                  17:45:29.2                1.8669825541E+2           4.0176136360E+1           7.8792088957E+2           3.6210113108E+4           -8.0842982495E+0          -6.2412284761E+1         
07/05/16                  17:45:44.5                1.8669843284E+2           4.0230468750E+1           7.9015964496E+2           3.6553641622E+4           -1.0672767380E+1          -6.3132659125E+1         
07/05/16                  17:46:01.2                1.8669862519E+2           4.0266447370E+1           7.8803536214E+2           3.8625446634E+4           -1.6029389260E+1          -5.9573798195E+1         
07/05/16                  17:46:24.0                1.8669888951E+2           4.0312500000E+1           7.8862945783E+2           3.8822559743E+4           -1.0238755872E+1          -5.9240742085E+1         
07/05/16                  17:46:44.0                1.8669912048E+2           4.0363095240E+1           7.8664651263E+2           3.8816806069E+4           -1.0294469023E+1          -5.0704921362E+1         
07/05/16                  17:47:06.0                1.8669937589E+2           4.0427083330E+1           7.8905172711E+2           3.8512970344E+4           -3.4972357895E+0          -6.3317506353E+1         
07/05/16                  17:47:26.6                1.8669961448E+2           4.0455729170E+1           7.8543394695E+2           3.8804994675E+4           -1.3952863670E+1          -5.4702364272E+1         
07/05/16                  17:47:52.2                1.8669991004E+2           4.0535714290E+1           7.8873365624E+2           3.7784043477E+4           -7.8532445690E+0          -6.0303940488E+1         
07/05/16                  17:48:11.5                1.8670013396E+2           4.0562500000E+1           7.8739426775E+2           3.7901782046E+4           -2.2009265142E+1          -5.9939863671E+1         
07/05/16                  17:48:34.5                1.8670040015E+2           4.0583333330E+1           7.8589332920E+2           3.8636127818E+4           -9.7081918127E+0          -5.8147181245E+1         
07/05/16                  17:48:56.8                1.8670065776E+2           4.0575000000E+1           7.8728984970E+2           3.9237338079E+4           -7.5566386286E+0          -5.2668287504E+1         
07/05/16                  17:49:20.3                1.8670093039E+2           4.0560000000E+1           7.8902948486E+2           3.9318913430E+4           -1.0264069127E+1          -5.8245461871E+1         
07/05/16                  17:49:44.7                1.8670121251E+2           4.0503125000E+1           7.8432427932E+2           3.9222086813E+4           -9.3457724127E+0          -5.5782111930E+1         
07/05/16                  17:50:00.6                1.8670139609E+2           4.0534722220E+1           7.9193333546E+2           3.7739845687E+4           -1.1056069424E+1          -6.1797138806E+1         
07/05/16                  17:50:22.9                1.8670165443E+2           4.0410326090E+1           7.8533710425E+2           3.8972768491E+4           -1.1142502416E+1          -5.5537621744E+1         
07/05/16                  17:50:47.1                1.8670193451E+2           4.0274038460E+1           7.8573165920E+2           4.0371661329E+4           -1.1433885269E+1          -4.6619862013E+1         
07/05/16                  17:51:12.9                1.8670223305E+2           4.0190972220E+1           7.7223599432E+2           3.5936669153E+4           7.4178870437E-2           -5.2940232153E+1         
07/05/16                  17:51:24.1                1.8670236299E+2           4.0187500000E+1           7.8590278060E+2           2.0216827820E+4           -9.8691756871E+0          -5.4702535069E+1         
07/05/16                  17:51:31.2                1.8670244489E+2           4.0187500000E+1           7.8586074623E+2           9.1268138641E+3           -1.2071535088E+1          -5.7114814595E+1         
07/05/16                  17:51:36.3                1.8670250371E+2           4.0187500000E+1           7.8676605189E+2           5.4660087251E+3           -1.3662582166E+1          -6.8304170131E+1         
07/05/16                  17:51:41.3                1.8670256247E+2           4.0150000000E+1           7.8699093868E+2           3.6021869852E+3           -1.5109297015E+1          -7.4079718242E+1         
07/05/16                  17:51:46.4                1.8670262103E+2           4.0137500000E+1           7.8702576522E+2           2.6372584843E+3           -1.5307791726E+1          -7.8317045701E+1         
07/05/16                  17:51:51.5                1.8670267956E+2           4.0125000000E+1           7.8711731875E+2           2.1215161964E+3           -1.5415589472E+1          -8.8686402204E+1         
07/05/16                  17:51:56.5                1.8670273835E+2           4.0162500000E+1           7.8704032141E+2           1.8363018308E+3           -1.6038800890E+1          -8.7383940425E+1         
07/05/16                  17:52:01.6                1.8670279679E+2           4.0150000000E+1           7.8718216555E+2           1.6664279783E+3           -1.4666206859E+1          -9.2080719053E+1         
07/05/16                  17:52:06.6                1.8670285527E+2           4.0150000000E+1           7.8736887429E+2           1.5628293264E+3           -1.4816072438E+1          -1.0345338141E+2         
07/05/16                  17:52:11.7                1.8670291389E+2           4.0162500000E+1           7.8699039351E+2           1.4970769685E+3           -1.6155043428E+1          -8.6709361582E+1         
07/05/16                  17:52:16.7                1.8670297137E+2           4.0187500000E+1           7.8732660502E+2           1.4577193636E+3           -1.6440301416E+1          -1.1988181204E+2         
07/05/16                  17:52:21.8                1.8670303105E+2           4.0187500000E+1           7.9001736031E+2           5.1813750465E+3           -1.7695787945E+1          -1.0101026829E+2         
07/05/16                  17:52:28.9                1.8670311265E+2           4.0187500000E+1           7.8675697837E+2           1.9931413805E+4           -8.1532322474E+0          -7.7112104700E+1         
07/05/16                  17:52:34.7                1.8670317946E+2           4.0187500000E+1           7.8571654659E+2           2.7103345331E+4           -8.4607702022E+0          -6.7002655660E+1         
07/05/16                  17:52:41.3                1.8670325661E+2           4.0187500000E+1           7.8655111893E+2           3.0671133274E+4           -8.6711586248E+0          -6.6706054281E+1         
07/05/16                  17:52:50.1                1.8670335868E+2           4.0143750000E+1           7.8631437416E+2           3.2296245504E+4           -7.8434681041E+0          -6.4313606733E+1         
07/05/16                  17:52:58.6                1.8670345717E+2           4.0125000000E+1           7.8646440526E+2           3.2772425529E+4           -8.8950095512E+0          -6.4367120828E+1         
07/05/16                  17:53:06.7                1.8670355087E+2           4.0062500000E+1           7.8655718644E+2           3.2918597496E+4           -9.7364644032E+0          -6.5701085774E+1         
07/05/16                  17:53:14.2                1.8670363684E+2           4.0046875000E+1           7.8678424912E+2           3.3152114208E+4           -9.2615641451E+0          -6.4523105043E+1         
07/05/16                  17:53:21.9                1.8670372638E+2           4.0023437500E+1           7.8686366643E+2           3.3322593115E+4           -9.2968106506E+0          -6.4758122696E+1         
07/05/16                  17:53:30.7                1.8670382844E+2           4.0000000000E+1           7.8628036813E+2           3.3447196252E+4           -9.6466757979E+0          -6.4619276315E+1         
07/05/16                  17:53:39.0                1.8670392409E+2           4.0000000000E+1           7.8649906715E+2           3.3483110104E+4           -9.2558294668E+0          -6.4013211026E+1         
07/05/16                  17:53:47.8                1.8670402640E+2           3.9951388890E+1           7.8716607343E+2           3.3760798110E+4           -9.0524016551E+0          -6.4938423232E+1         
07/05/16                  17:53:58.8                1.8670415335E+2           3.9909722220E+1           7.8687574231E+2           3.3991567986E+4           -9.1935521139E+0          -6.3981648514E+1         
07/05/16                  17:54:07.7                1.8670425634E+2           3.9875000000E+1           7.8644489437E+2           3.4046710056E+4           -8.9927780740E+0          -6.3168469376E+1         
07/05/16                  17:54:17.1                1.8670436546E+2           3.9861111110E+1           7.8673044750E+2           3.4017004605E+4           -9.1722712295E+0          -6.4151354171E+1         
07/05/16                  17:54:26.2                1.8670447096E+2           3.9812500000E+1           7.8648582548E+2           3.3814077490E+4           -9.5592977985E+0          -6.4183745103E+1         
07/05/16                  17:54:35.5                1.8670457840E+2           3.9802083330E+1           7.8674244171E+2           3.3772734734E+4           -9.3124980267E+0          -6.4260439097E+1         
07/05/16                  17:54:44.4                1.8670468107E+2           3.9804687500E+1           7.8714134413E+2           3.3878192769E+4           -8.9800888396E+0          -6.4594527894E+1         
07/05/16                  17:54:55.9                1.8670481372E+2           3.9812500000E+1           7.8647226631E+2           3.3889837161E+4           -9.1560945358E+0          -6.3664495812E+1         
07/05/16                  17:55:06.2                1.8670493378E+2           3.9805555560E+1           7.8648002029E+2           3.3840454075E+4           -9.3892232304E+0          -6.4190569710E+1         
07/05/16                  17:55:14.8                1.8670503294E+2           3.9812500000E+1           7.8664507145E+2           3.3831500222E+4           -9.0344972825E+0          -6.3795739581E+1         
07/05/16                  17:55:23.7                1.8670513588E+2           3.9830357140E+1           7.8629805132E+2           3.3758753126E+4           -8.8769114591E+0          -6.2836510946E+1         
07/05/16                  17:55:34.0                1.8670525494E+2           3.9812500000E+1           7.8659487063E+2           3.3856547457E+4           -9.2085282170E+0          -6.4579179538E+1         
07/05/16                  17:55:45.1                1.8670538404E+2           3.9777777780E+1           7.8672503202E+2           3.4317242756E+4           -9.1678817191E+0          -6.4154779902E+1         
07/05/16                  17:55:53.8                1.8670548482E+2           3.9775000000E+1           7.8625819166E+2           3.4513203901E+4           -8.9606077185E+0          -6.2797385051E+1         
07/05/16                  17:56:04.7                1.8670561043E+2           3.9807291670E+1           7.8689883723E+2           3.4493050004E+4           -8.8771182218E+0          -6.3254096987E+1         
07/05/16                  17:56:17.6                1.8670575952E+2           3.9835227270E+1           7.8612263494E+2           3.4576726638E+4           -9.5887356816E+0          -6.2151762898E+1         
07/05/16                  17:56:27.9                1.8670587932E+2           3.9812500000E+1           7.8585465474E+2           3.4677640334E+4           -8.9154369856E+0          -6.2191516015E+1         
07/05/16                  17:56:36.3                1.8670597640E+2           3.9777777780E+1           7.8526497255E+2           3.4196445831E+4           -8.2150551987E+0          -6.2209645743E+1         
07/05/16                  17:56:45.5                1.8670608292E+2           3.9805555560E+1           7.8590260569E+2           3.3187442146E+4           -9.3647027080E+0          -6.4401033304E+1         
07/05/16                  17:56:56.0                1.8670620464E+2           3.9843750000E+1           7.8554939892E+2           3.2611741825E+4           -9.6270724069E+0          -6.4676758476E+1         
07/05/16                  17:57:04.4                1.8670630179E+2           3.9851562500E+1           7.8579139440E+2           3.2275736934E+4           -9.5852409322E+0          -6.5121089265E+1         
07/05/16                  17:57:12.7                1.8670639722E+2           3.9875000000E+1           7.8610350440E+2           3.2345814121E+4           -9.0388980980E+0          -6.5758977245E+1         
07/05/16                  17:57:20.7                1.8670648960E+2           3.9867187500E+1           7.8710663911E+2           3.2604513677E+4           -9.2767036788E+0          -6.6662129080E+1         
07/05/16                  17:57:30.1                1.8670659929E+2           3.9848214290E+1           7.8594405666E+2           3.2928782573E+4           -9.3865306977E+0          -6.5031682345E+1         
07/05/16                  17:57:38.1                1.8670669209E+2           3.9862500000E+1           7.8609350647E+2           3.3235212089E+4           -9.2339472684E+0          -6.4410411183E+1         
07/05/16                  17:57:47.9                1.8670680470E+2           3.9850000000E+1           7.8659507116E+2           3.3550994756E+4           -9.5932453886E+0          -6.4492410336E+1         
07/05/16                  17:57:58.2                1.8670692422E+2           3.9812500000E+1           7.8642765675E+2           3.3710934440E+4           -8.9039125639E+0          -6.4513864493E+1         
07/05/16                  17:58:09.8                1.8670705821E+2           3.9826388890E+1           7.8662450096E+2           3.3881333245E+4           -8.8730953033E+0          -6.3998703884E+1         
07/05/16                  17:58:19.9                1.8670717573E+2           3.9875000000E+1           7.8616572005E+2           3.4033931665E+4           -8.5619602880E+0          -6.3363850386E+1         
07/05/16                  17:58:30.9                1.8670730256E+2           3.9918750000E+1           7.8639619397E+2           3.4026978514E+4           -9.1401741762E+0          -6.3650191644E+1         
07/05/16                  17:58:41.3                1.8670742311E+2           3.9937500000E+1           7.8556349675E+2           3.4084353490E+4           -9.6249082635E+0          -6.2366285081E+1         
07/05/16                  17:58:50.5                1.8670752983E+2           3.9953125000E+1           7.8591781791E+2           3.3997189050E+4           -9.2130071719E+0          -6.2894714623E+1         
07/05/16                  17:58:58.9                1.8670762662E+2           4.0000000000E+1           7.8612212906E+2           3.3768139553E+4           -9.2155263640E+0          -6.3688078233E+1         
07/05/16                  17:59:07.7                1.8670772855E+2           4.0000000000E+1           7.8631621702E+2           3.3405938001E+4           -9.0761286535E+0          -6.4944478474E+1         
07/05/16                  17:59:19.1                1.8670786066E+2           4.0052083330E+1           7.8612417191E+2           3.3080990610E+4           -9.5512044343E+0          -6.5133763283E+1         
07/05/16                  17:59:29.0                1.8670797568E+2           4.0062500000E+1           7.8637391533E+2           3.3040447303E+4           -9.4579478089E+0          -6.4754719966E+1         
07/05/16                  17:59:37.3                1.8670807120E+2           4.0062500000E+1           7.8617285377E+2           3.3026956200E+4           -9.9993395371E+0          -6.4678718671E+1         
07/05/16                  17:59:45.1                1.8670816155E+2           4.0093750000E+1           7.8631368058E+2           3.3140686307E+4           -9.1577142032E+0          -6.5100551783E+1         
07/05/16                  17:59:53.7                1.8670826053E+2           4.0125000000E+1           7.8616316428E+2           3.3540694198E+4           -9.4122743789E+0          -6.4426594907E+1         
07/05/16                  18:00:02.3                1.8670835996E+2           4.0171875000E+1           7.8606641509E+2           3.3588860839E+4           -9.2482642740E+0          -6.4042462205E+1         
07/05/16                  18:00:10.7                1.8670845785E+2           4.0215277780E+1           7.8588212372E+2           3.3432300499E+4           -8.7640719938E+0          -6.3716899813E+1         
07/05/16                  18:00:19.2                1.8670855566E+2           4.0289062500E+1           7.8621219633E+2           3.3029650370E+4           -9.3519391498E+0          -6.5135770676E+1         
07/05/16                  18:00:28.6                1.8670866442E+2           4.0312500000E+1           7.8605997481E+2           3.2883623804E+4           -9.2923593915E+0          -6.4779682627E+1         
07/05/16                  18:00:37.2                1.8670876466E+2           4.0364583330E+1           7.8604494846E+2           3.2833770383E+4           -9.3584514693E+0          -6.4994527923E+1         
07/05/16                  18:00:46.0                1.8670886596E+2           4.0375000000E+1           7.8668470100E+2           3.2768121151E+4           -8.9214167712E+0          -6.5514969555E+1         
07/05/16                  18:00:56.2                1.8670898413E+2           4.0437500000E+1           7.8654469855E+2           3.2784918971E+4           -9.5461064503E+0          -6.5637898700E+1         
07/05/16                  18:01:04.5                1.8670908002E+2           4.0444444440E+1           7.8603280257E+2           3.2747609705E+4           -9.4370213028E+0          -6.5060998149E+1         
07/05/16                  18:01:13.0                1.8670917923E+2           4.0437500000E+1           7.8625318764E+2           3.2677217436E+4           -9.0881947467E+0          -6.4936930457E+1         
07/05/16                  18:01:21.2                1.8670927317E+2           4.0460937500E+1           7.8570887223E+2           3.3042328596E+4           -9.2456710788E+0          -6.3949268420E+1         
07/05/16                  18:01:29.5                1.8670937000E+2           4.0489583330E+1           7.8614763713E+2           3.3345628621E+4           -9.5764619358E+0          -6.3905167955E+1         
07/05/16                  18:01:37.3                1.8670946046E+2           4.0500000000E+1           7.8621115075E+2           3.3330109134E+4           -9.2333528961E+0          -6.3698516030E+1         
07/05/16                  18:01:45.0                1.8670954862E+2           4.0500000000E+1           7.7964476949E+2           3.3437043350E+4           -1.0460404730E+1          -4.7259261130E+1         
07/05/16                  18:01:51.9                1.8670962955E+2           4.0500000000E+1           7.8741255685E+2           2.0508555216E+4           -9.1212767267E+0          -6.9083633005E+1         
07/05/16                  18:01:57.3                1.8670969172E+2           4.0500000000E+1           7.8705846919E+2           1.1213108233E+4           -1.0721241738E+1          -7.0874743491E+1         
07/05/16                  18:02:02.4                1.8670975057E+2           4.0500000000E+1           7.8702994795E+2           6.4694701653E+3           -1.2537209848E+1          -7.4517621895E+1         
07/05/16                  18:02:07.5                1.8670980940E+2           4.0462500000E+1           7.8645868897E+2           4.0412854125E+3           -1.5024318396E+1          -7.2247305248E+1         
07/05/16                  18:02:14.4                1.8670988915E+2           4.0425000000E+1           7.8683497673E+2           2.5052899899E+3           -1.5357105659E+1          -7.6429096346E+1         
07/05/16                  18:02:19.4                1.8670994767E+2           4.0387500000E+1           7.8717516111E+2           1.9805139910E+3           -1.5326892745E+1          -9.3187037965E+1         
07/05/16                  18:02:24.5                1.8671000620E+2           4.0387500000E+1           7.8711862161E+2           1.6945184542E+3           -1.4900238814E+1          -9.3555145040E+1         
07/05/16                  18:02:29.5                1.8671006475E+2           4.0375000000E+1           7.8694932440E+2           1.5336563386E+3           -1.5915800778E+1          -9.2219337100E+1         
07/05/16                  18:02:34.6                1.8671012335E+2           4.0375000000E+1           7.8664170123E+2           1.4357569694E+3           -1.6771111869E+1          -7.5491968170E+1         
