DATE                      TIME                      DAYS_SINCE_JAN            DAS_TEMP_(C)              BASELINE                  H2O                       D_1816                    D_DH                     
07/11/16                  09:46:20.0                1.9236550947E+2           3.6007812500E+1           7.8631180694E+2           3.5877083479E+4           -9.3244081212E-1          -4.7691462309E+1         
07/11/16                  09:46:30.7                1.9236563357E+2           3.6051136360E+1           7.8670474122E+2           3.6180293155E+4           -1.1811366226E+0          -4.8385867046E+1         
07/11/16                  09:46:44.2                1.9236579029E+2           3.6104166670E+1           7.8585043709E+2           3.6500664715E+4           -1.3531793507E+0          -4.7050560537E+1         
07/11/16                  09:47:01.6                1.9236599084E+2           3.6122159090E+1           7.8518480324E+2           3.6577896846E+4           -1.7148557077E+0          -4.8450408767E+1         
07/11/16                  09:47:17.4                1.9236617428E+2           3.6138888890E+1           7.8639238923E+2           3.6070181848E+4           -7.4705991236E-1          -5.0156061353E+1         
07/11/16                  09:47:27.8                1.9236629435E+2           3.6187500000E+1           7.8589165372E+2           3.6078633881E+4           -1.6470816084E+0          -5.0096739334E+1         
07/11/16                  09:47:40.5                1.9236644199E+2           3.6187500000E+1           7.8570164865E+2           3.5876177525E+4           -1.4237806599E+0          -5.0710216549E+1         
07/11/16                  09:47:52.9                1.9236658476E+2           3.6221590910E+1           7.8531401143E+2           3.6027298950E+4           -1.7400694590E+0          -4.9940918123E+1         
07/11/16                  09:48:06.1                1.9236673830E+2           3.6226562500E+1           7.8517485436E+2           3.5843479708E+4           -3.9834773126E+0          -5.2062268772E+1         
07/11/16                  09:48:20.5                1.9236690409E+2           3.6187500000E+1           7.8556926164E+2           3.5744508044E+4           -3.8932200683E+0          -5.0640933158E+1         
07/11/16                  09:48:32.1                1.9236703920E+2           3.6187500000E+1           7.8467301571E+2           3.6098450003E+4           -2.0037764083E+0          -4.9873521147E+1         
07/11/16                  09:48:45.5                1.9236719389E+2           3.6152777780E+1           7.8545377071E+2           3.5894638216E+4           -2.4185961016E+0          -5.0952362566E+1         
07/11/16                  09:48:57.3                1.9236733017E+2           3.6130681820E+1           7.8512194776E+2           3.5832506933E+4           -2.2496535393E+0          -4.9342817607E+1         
07/11/16                  09:49:13.7                1.9236752039E+2           3.6066406250E+1           7.8442665436E+2           3.5436874861E+4           -2.3412981357E+0          -5.0041709020E+1         
07/11/16                  09:49:26.8                1.9236767152E+2           3.6024038460E+1           7.8549514743E+2           3.5370466064E+4           -3.4934460896E+0          -5.1565733675E+1         
07/11/16                  09:49:40.0                1.9236782446E+2           3.5995535710E+1           7.8484055418E+2           3.5872785747E+4           -2.0654198085E+0          -4.8258184608E+1         
07/11/16                  09:49:54.9                1.9236799656E+2           3.5929687500E+1           7.8364891424E+2           3.6449680153E+4           -2.9895234215E+0          -4.8006375390E+1         
07/11/16                  09:50:12.0                1.9236819507E+2           3.5830357140E+1           7.8501755400E+2           3.6256257040E+4           -3.9432135389E+0          -5.0126826985E+1         
07/11/16                  09:50:27.7                1.9236837683E+2           3.5725000000E+1           7.8475607918E+2           3.5845015483E+4           -2.5361052708E+0          -4.9770995363E+1         
07/11/16                  09:50:41.6                1.9236853802E+2           3.5674107140E+1           7.8349715854E+2           3.5897776921E+4           -3.6971717014E+0          -4.8379472285E+1         
07/11/16                  09:50:54.9                1.9236869170E+2           3.5607142860E+1           7.8431594140E+2           3.5703463142E+4           -2.5652727596E+0          -4.9510228382E+1         
07/11/16                  09:51:09.3                1.9236885819E+2           3.5567708330E+1           7.8499267302E+2           3.5450942246E+4           -2.6150077763E+0          -4.9518003066E+1         
07/11/16                  09:51:21.1                1.9236899535E+2           3.5527777780E+1           7.8390679910E+2           3.5637379043E+4           -3.9285207293E+0          -4.9428147454E+1         
07/11/16                  09:51:33.8                1.9236914176E+2           3.5500000000E+1           7.8450748936E+2           3.5580978945E+4           -4.2386319641E+0          -4.9393090321E+1         
07/11/16                  09:51:47.8                1.9236930378E+2           3.5442307690E+1           7.8413169487E+2           3.5943978814E+4           -3.9524191229E+0          -4.8965625623E+1         
07/11/16                  09:51:59.5                1.9236943880E+2           3.5421875000E+1           7.8416977582E+2           3.5788004464E+4           -4.5147731368E+0          -4.9787893878E+1         
07/11/16                  09:52:13.1                1.9236959661E+2           3.5375000000E+1           7.8379558336E+2           3.5527621289E+4           -4.4854143583E+0          -4.9178456911E+1         
07/11/16                  09:52:25.0                1.9236973456E+2           3.5323863640E+1           7.8422786238E+2           3.5764808348E+4           -4.6646942737E+0          -4.9596898969E+1         
07/11/16                  09:52:38.1                1.9236988589E+2           3.5312500000E+1           7.8524356155E+2           3.5778634358E+4           -5.2776627407E+0          -5.0659121287E+1         
07/11/16                  09:52:51.3                1.9237003906E+2           3.5276041670E+1           7.8434134727E+2           3.6081742183E+4           -4.6006637471E+0          -4.8579419294E+1         
07/11/16                  09:53:03.7                1.9237018177E+2           3.5255208330E+1           7.8371695259E+2           3.6007449823E+4           -4.6002235745E+0          -4.9428121914E+1         
07/11/16                  09:53:16.5                1.9237033038E+2           3.5250000000E+1           7.8412715977E+2           3.6001555631E+4           -5.2840787693E+0          -4.9453345258E+1         
07/11/16                  09:53:39.5                1.9237059617E+2           3.5216145830E+1           7.8420638056E+2           3.6407528390E+4           -5.8976983684E+0          -4.9454059862E+1         
07/11/16                  09:54:01.3                1.9237084866E+2           3.5187500000E+1           7.8442200963E+2           3.6109090861E+4           -3.4418938450E+0          -4.8971909462E+1         
07/11/16                  09:54:20.4                1.9237106991E+2           3.5129166670E+1           7.8473962628E+2           3.5763917660E+4           -6.2177003158E+0          -5.0563647425E+1         
07/11/16                  09:54:38.7                1.9237128167E+2           3.5093750000E+1           7.8360915457E+2           3.5977341724E+4           -6.1739227779E+0          -4.9583072618E+1         
07/11/16                  09:54:55.0                1.9237147020E+2           3.5075000000E+1           7.8422719835E+2           3.5994730944E+4           -6.2354744038E+0          -4.9767076814E+1         
07/11/16                  09:55:08.4                1.9237162522E+2           3.5062500000E+1           7.8397236879E+2           3.5454960185E+4           -5.2825069370E+0          -5.0421868762E+1         
07/11/16                  09:55:20.2                1.9237176185E+2           3.5009615380E+1           7.8440262901E+2           3.5058329876E+4           -6.4713010010E+0          -5.1338352501E+1         
07/11/16                  09:55:33.2                1.9237191228E+2           3.4992187500E+1           7.8492334809E+2           3.5083431782E+4           -6.7549985961E+0          -5.1433109995E+1         
07/11/16                  09:55:47.8                1.9237208217E+2           3.4974264710E+1           7.8418749713E+2           3.5278552217E+4           -6.1708931718E+0          -5.1106526390E+1         
07/11/16                  09:56:01.5                1.9237223975E+2           3.4953125000E+1           7.8427934759E+2           3.5182219228E+4           -6.5983363368E+0          -5.0714350514E+1         
07/11/16                  09:56:16.2                1.9237241080E+2           3.4937500000E+1           7.8490870497E+2           3.5036426736E+4           -6.3393752224E+0          -5.2185249239E+1         
07/11/16                  09:56:31.2                1.9237258416E+2           3.4900000000E+1           7.8466899181E+2           3.4898167770E+4           -6.3799495670E+0          -5.2018814040E+1         
07/11/16                  09:56:45.9                1.9237275432E+2           3.4875000000E+1           7.8495656356E+2           3.4837126137E+4           -6.7941503411E+0          -5.1667168689E+1         
07/11/16                  09:56:59.6                1.9237291317E+2           3.4812500000E+1           7.8423515113E+2           3.5101397902E+4           -7.9000516504E+0          -5.1568663413E+1         
07/11/16                  09:57:18.2                1.9237312825E+2           3.4775000000E+1           7.8410954155E+2           3.5048326558E+4           -7.4093331950E+0          -5.1589129971E+1         
07/11/16                  09:57:31.4                1.9237328019E+2           3.4750000000E+1           7.8481433547E+2           3.5026996513E+4           -7.7638103399E+0          -5.2450792426E+1         
07/11/16                  09:57:44.7                1.9237343511E+2           3.4691964290E+1           7.8458527998E+2           3.5058609706E+4           -6.7110750014E+0          -5.2800629576E+1         
07/11/16                  09:57:57.9                1.9237358777E+2           3.4635416670E+1           7.8481477631E+2           3.5074172803E+4           -7.2250974466E+0          -5.2310279119E+1         
07/11/16                  09:58:09.9                1.9237372571E+2           3.4638888890E+1           7.8489355841E+2           3.5241081973E+4           -7.4703947590E+0          -5.3063570078E+1         
07/11/16                  09:58:20.3                1.9237384636E+2           3.4619318180E+1           7.8440632529E+2           3.5072727491E+4           -6.8309240666E+0          -5.1312767532E+1         
07/11/16                  09:58:33.4                1.9237399839E+2           3.4575000000E+1           7.8516156310E+2           3.4989877376E+4           -6.7992566531E+0          -5.3283816961E+1         
07/11/16                  09:58:46.8                1.9237415376E+2           3.4578125000E+1           7.8483209676E+2           3.5211102478E+4           -7.0538998229E+0          -5.2676640467E+1         
07/11/16                  09:58:58.3                1.9237428668E+2           3.4562500000E+1           7.8432102978E+2           3.5000801331E+4           -7.6845389719E+0          -5.1978539695E+1         
07/11/16                  09:59:09.0                1.9237441014E+2           3.4562500000E+1           7.8464715919E+2           3.4875735947E+4           -6.8615217265E+0          -5.2372822561E+1         
07/11/16                  09:59:18.5                1.9237451985E+2           3.4500000000E+1           7.8479351238E+2           3.4917270098E+4           -7.5479750667E+0          -5.3426843520E+1         
07/11/16                  09:59:32.2                1.9237467929E+2           3.4500000000E+1           7.8448654466E+2           3.4946161795E+4           -7.5849550106E+0          -5.2952478663E+1         
07/11/16                  09:59:44.0                1.9237481500E+2           3.4489583330E+1           7.8492054153E+2           3.4976370677E+4           -7.4293874657E+0          -5.3830569513E+1         
07/11/16                  09:59:55.2                1.9237494519E+2           3.4437500000E+1           7.8455527064E+2           3.5202199710E+4           -6.9487854145E+0          -5.2455905352E+1         
07/11/16                  10:00:08.3                1.9237509635E+2           3.4419642860E+1           7.8512863883E+2           3.5333438314E+4           -7.5310808112E+0          -5.3120898538E+1         
07/11/16                  10:00:20.1                1.9237523276E+2           3.4375000000E+1           7.8520011080E+2           3.5439521953E+4           -6.7411828737E+0          -5.2955615771E+1         
07/11/16                  10:00:34.9                1.9237540402E+2           3.4378289470E+1           7.8340237650E+2           3.5555596233E+4           -7.5854662421E+0          -5.1307465319E+1         
07/11/16                  10:00:49.7                1.9237557607E+2           3.4348214290E+1           7.8497737267E+2           3.5197350297E+4           -6.7356660617E+0          -5.2961160227E+1         
07/11/16                  10:01:03.4                1.9237573429E+2           3.4375000000E+1           7.8492555726E+2           3.5255674636E+4           -7.0628758605E+0          -5.3291713700E+1         
07/11/16                  10:01:14.4                1.9237586124E+2           3.4334821430E+1           7.8458298960E+2           3.5265365097E+4           -6.9855373607E+0          -5.2824640885E+1         
07/11/16                  10:01:28.8                1.9237602827E+2           3.4335227270E+1           7.8467414088E+2           3.5309402341E+4           -7.1066761668E+0          -5.3538714365E+1         
07/11/16                  10:01:40.3                1.9237616199E+2           3.4326388890E+1           7.8471165509E+2           3.5380594138E+4           -7.4825375180E+0          -5.3332981373E+1         
07/11/16                  10:01:53.6                1.9237631534E+2           3.4307692310E+1           7.8452213660E+2           3.5235604867E+4           -7.4987319570E+0          -5.3721907760E+1         
07/11/16                  10:02:06.0                1.9237645894E+2           3.4312500000E+1           7.8419702197E+2           3.5367224182E+4           -7.5263860038E+0          -5.2982524530E+1         
07/11/16                  10:02:17.9                1.9237659721E+2           3.4312500000E+1           7.8445019406E+2           3.5539070255E+4           -7.5893459909E+0          -5.3076329092E+1         
07/11/16                  10:02:30.9                1.9237674742E+2           3.4312500000E+1           7.8426977095E+2           3.5586270943E+4           -7.5998422768E+0          -5.2737862826E+1         
07/11/16                  10:02:42.1                1.9237687667E+2           3.4312500000E+1           7.8492013876E+2           3.5654135644E+4           -7.2971404638E+0          -5.3080858340E+1         
07/11/16                  10:02:56.2                1.9237704002E+2           3.4312500000E+1           7.8423631354E+2           3.5943164531E+4           -6.1332247042E+0          -5.2342114745E+1         
07/11/16                  10:03:11.7                1.9237721942E+2           3.4312500000E+1           7.8458019444E+2           3.5726816487E+4           -7.9392550025E+0          -5.2710884808E+1         
07/11/16                  10:03:26.4                1.9237738920E+2           3.4312500000E+1           7.8460229140E+2           3.5928199008E+4           -7.3152691086E+0          -5.2083154474E+1         
07/11/16                  10:03:39.7                1.9237754299E+2           3.4312500000E+1           7.8485348737E+2           3.5977113836E+4           -7.2399946187E+0          -5.2704977505E+1         
07/11/16                  10:03:50.8                1.9237767227E+2           3.4312500000E+1           7.8415888126E+2           3.5997734135E+4           -7.0924682354E+0          -5.1956133519E+1         
07/11/16                  10:04:05.2                1.9237783907E+2           3.4312500000E+1           7.8503438145E+2           3.6171776763E+4           -7.7052789476E+0          -5.3064074662E+1         
07/11/16                  10:04:21.9                1.9237803233E+2           3.4272321430E+1           7.8463477049E+2           3.6467571773E+4           -8.3513928746E+0          -5.2541388732E+1         
07/11/16                  10:04:36.7                1.9237820298E+2           3.4298076920E+1           7.8477384132E+2           3.6284558824E+4           -7.1902898867E+0          -5.1928077014E+1         
07/11/16                  10:04:49.4                1.9237834996E+2           3.4254464290E+1           7.8447194368E+2           3.6415328906E+4           -7.4100969463E+0          -5.2224964090E+1         
07/11/16                  10:05:02.8                1.9237850577E+2           3.4250000000E+1           7.8464587865E+2           3.5980641358E+4           -5.9730761593E+0          -5.2116457080E+1         
07/11/16                  10:05:15.2                1.9237864846E+2           3.4250000000E+1           7.8484928994E+2           3.6081479339E+4           -7.3936659320E+0          -5.3157756001E+1         
07/11/16                  10:05:28.3                1.9237880007E+2           3.4254166670E+1           7.8425683450E+2           3.6212067945E+4           -7.3060678270E+0          -5.2176546164E+1         
07/11/16                  10:05:40.8                1.9237894502E+2           3.4284090910E+1           7.8450673729E+2           3.5784423947E+4           -7.5008220171E+0          -5.2742682657E+1         
07/11/16                  10:05:53.0                1.9237908641E+2           3.4308035710E+1           7.8418108089E+2           3.5417646085E+4           -7.8835048723E+0          -5.3834585079E+1         
07/11/16                  10:06:08.2                1.9237926173E+2           3.4291666670E+1           7.8437708546E+2           3.4995347288E+4           -8.1060981444E+0          -5.4194198407E+1         
07/11/16                  10:06:19.9                1.9237939767E+2           3.4281250000E+1           7.8446264464E+2           3.4981455124E+4           -8.1568708869E+0          -5.4280146355E+1         
07/11/16                  10:06:33.0                1.9237954946E+2           3.4300000000E+1           7.8416015607E+2           3.5095352908E+4           -7.9783818945E+0          -5.3851426521E+1         
07/11/16                  10:06:48.3                1.9237972676E+2           3.4263392860E+1           7.8432246077E+2           3.4927761585E+4           -8.4814690969E+0          -5.3848916563E+1         
07/11/16                  10:07:01.6                1.9237988036E+2           3.4250000000E+1           7.8444240789E+2           3.5219324350E+4           -8.3657243492E+0          -5.3954230253E+1         
07/11/16                  10:07:15.5                1.9238004119E+2           3.4250000000E+1           7.8480081764E+2           3.5486213197E+4           -7.9517703331E+0          -5.4648566870E+1         
07/11/16                  10:07:29.7                1.9238020538E+2           3.4270833330E+1           7.8390766049E+2           3.5668258823E+4           -7.7184252967E+0          -5.2940144348E+1         
07/11/16                  10:07:46.8                1.9238040313E+2           3.4269230770E+1           7.8413797876E+2           3.5755423987E+4           -7.4340164585E+0          -5.2983133551E+1         
07/11/16                  10:08:02.7                1.9238058757E+2           3.4277343750E+1           7.8368909212E+2           3.5847986025E+4           -7.5081357753E+0          -5.2127179435E+1         
07/11/16                  10:08:15.4                1.9238073397E+2           3.4281250000E+1           7.8434305077E+2           3.5698153019E+4           -7.7396972744E+0          -5.2931341211E+1         
07/11/16                  10:08:28.2                1.9238088281E+2           3.4275000000E+1           7.8337833482E+2           3.5703170751E+4           -9.6942747993E+0          -5.0701539630E+1         
07/11/16                  10:08:42.6                1.9238104877E+2           3.4283333330E+1           7.8414152391E+2           3.5312922097E+4           -8.4992582441E+0          -5.3678766300E+1         
07/11/16                  10:08:58.7                1.9238123571E+2           3.4312500000E+1           7.7695638427E+2           3.1733057514E+4           -1.5904136785E+1          -5.2051188351E+1         
07/11/16                  10:09:05.6                1.9238131577E+2           3.4300000000E+1           7.8293948532E+2           2.2786184072E+4           -7.8318181007E+0          -5.2248262675E+1         
07/11/16                  10:09:12.9                1.9238139964E+2           3.4312500000E+1           7.8468524580E+2           1.0945470254E+4           -9.4970535697E+0          -4.8560902030E+1         
07/11/16                  10:09:18.0                1.9238145895E+2           3.4312500000E+1           7.8646999309E+2           6.0249672182E+3           -9.3085477364E+0          -6.3877807989E+1         
07/11/16                  10:09:23.1                1.9238151765E+2           3.4312500000E+1           7.8650440785E+2           3.5508012740E+3           -9.8620961976E+0          -6.7641594352E+1         
07/11/16                  10:09:28.2                1.9238157652E+2           3.4312500000E+1           7.8659404024E+2           2.2949296379E+3           -8.7282160850E+0          -6.5927715086E+1         
07/11/16                  10:09:33.2                1.9238163516E+2           3.4312500000E+1           7.8675695245E+2           1.6457614719E+3           -6.9730764534E+0          -8.2292477185E+1         
07/11/16                  10:09:38.3                1.9238169380E+2           3.4312500000E+1           7.8664116736E+2           1.2983547241E+3           -6.1511105642E+0          -8.7459671967E+1         
07/11/16                  10:09:43.3                1.9238175226E+2           3.4312500000E+1           7.8640056247E+2           1.1044081281E+3           -6.1486867920E+0          -5.9714084636E+1         
07/11/16                  10:09:48.4                1.9238181085E+2           3.4312500000E+1           7.8632303900E+2           9.8863550108E+2           -6.1392601260E+0          -7.2193982474E+1         
07/11/16                  10:09:53.5                1.9238186941E+2           3.4312500000E+1           7.8677488566E+2           9.1045032254E+2           -4.1312642942E-1          -8.9291503073E+1         
07/11/16                  10:09:58.6                1.9238192838E+2           3.4312500000E+1           7.8675989103E+2           8.6147071131E+2           -1.1155481192E+0          -1.0181800761E+2         
07/11/16                  10:10:03.6                1.9238198701E+2           3.4312500000E+1           7.8632269094E+2           8.2765986394E+2           -1.9729286781E+0          -5.1855190195E+1         
07/11/16                  10:10:10.5                1.9238206698E+2           3.4312500000E+1           7.8649627244E+2           7.9151879239E+2           -1.5627353382E+0          -7.6458940422E+1         
07/11/16                  10:10:15.6                1.9238212557E+2           3.4312500000E+1           7.8657330761E+2           7.6882185110E+2           -2.1619464976E-1          -8.8100505874E+1         
07/11/16                  10:10:20.7                1.9238218407E+2           3.4312500000E+1           7.8636176180E+2           7.5209414611E+2           -1.0430025181E+0          -6.1548196491E+1         
07/11/16                  10:10:25.7                1.9238224269E+2           3.4312500000E+1           7.8657809621E+2           7.3516892273E+2           -3.0103607552E-1          -1.0000309875E+2         
07/11/16                  10:10:30.8                1.9238230119E+2           3.4343750000E+1           7.8678689495E+2           7.2008004683E+2           2.2652846164E+0           -9.2050714606E+1         
07/11/16                  10:10:35.8                1.9238235992E+2           3.4312500000E+1           7.8661713348E+2           7.0864795677E+2           8.7973539627E-1           -1.0649820926E+2         
07/11/16                  10:10:40.9                1.9238241825E+2           3.4312500000E+1           7.8684292922E+2           6.9552125922E+2           2.5799674693E+0           -1.2052601820E+2         
07/11/16                  10:10:46.0                1.9238247697E+2           3.4312500000E+1           7.8677238921E+2           6.8584560595E+2           3.7598899365E+0           -9.6931379666E+1         
07/11/16                  10:10:50.9                1.9238253448E+2           3.4325000000E+1           7.8736358416E+2           6.7569661334E+2           6.3412540663E+0           -2.1286828027E+2         
07/11/16                  10:10:56.1                1.9238259408E+2           3.4312500000E+1           7.8806282354E+2           5.1086732820E+3           -1.5034360776E+1          -7.4986914673E+1         
07/11/16                  10:11:01.2                1.9238265372E+2           3.4312500000E+1           7.8705495864E+2           1.7152773022E+4           -9.1673871099E+0          -7.4391332867E+1         
07/11/16                  10:11:09.1                1.9238274476E+2           3.4357142860E+1           7.8464556168E+2           2.8552433663E+4           -7.3112653084E+0          -6.0069854607E+1         
07/11/16                  10:11:16.4                1.9238282936E+2           3.4335937500E+1           7.8378270825E+2           3.2471350301E+4           -7.2225909621E+0          -5.5105676879E+1         
07/11/16                  10:11:24.9                1.9238292723E+2           3.4343750000E+1           7.8361312587E+2           3.3827415510E+4           -8.2782413561E+0          -5.4392758144E+1         
07/11/16                  10:11:33.3                1.9238302448E+2           3.4347222220E+1           7.8382810551E+2           3.4312388462E+4           -8.4228448523E+0          -5.4576043006E+1         
07/11/16                  10:11:44.4                1.9238315380E+2           3.4318750000E+1           7.8442329917E+2           3.4615054214E+4           -8.5236462080E+0          -5.5282378264E+1         
07/11/16                  10:11:57.8                1.9238330795E+2           3.4330882350E+1           7.8451816858E+2           3.4768598195E+4           -8.6340231960E+0          -5.5082269111E+1         
07/11/16                  10:12:13.4                1.9238348928E+2           3.4355769230E+1           7.8503219379E+2           3.5019696410E+4           -8.6065128208E+0          -5.5481561862E+1         
07/11/16                  10:12:29.3                1.9238367342E+2           3.4334558820E+1           7.8397392937E+2           3.5208587423E+4           -8.5705388590E+0          -5.4062032844E+1         
07/11/16                  10:12:43.2                1.9238383347E+2           3.4321428570E+1           7.8391971692E+2           3.5266256027E+4           -8.6841075589E+0          -5.4189562266E+1         
07/11/16                  10:12:57.7                1.9238400223E+2           3.4346590910E+1           7.8410347007E+2           3.5230944787E+4           -8.5867399424E+0          -5.3815271258E+1         
07/11/16                  10:13:12.0                1.9238416776E+2           3.4355468750E+1           7.8438581959E+2           3.5169936706E+4           -8.9730007734E+0          -5.3835531216E+1         
07/11/16                  10:13:30.4                1.9238438029E+2           3.4316406250E+1           7.8452491622E+2           3.5001915738E+4           -8.6155572457E+0          -5.4535667403E+1         
07/11/16                  10:13:45.1                1.9238455010E+2           3.4343750000E+1           7.8442370278E+2           3.5064317122E+4           -8.8315485821E+0          -5.4816378835E+1         
07/11/16                  10:13:56.5                1.9238468243E+2           3.4343750000E+1           7.8478245895E+2           3.5244890647E+4           -7.9083687732E+0          -5.4531194628E+1         
07/11/16                  10:14:09.8                1.9238483581E+2           3.4325000000E+1           7.8413420299E+2           3.5533935186E+4           -8.9949838701E+0          -5.3468463773E+1         
07/11/16                  10:14:26.4                1.9238502884E+2           3.4312500000E+1           7.8475534626E+2           3.5551299637E+4           -8.8054604658E+0          -5.4811749436E+1         
