DATE                      TIME                      DAYS_SINCE_JAN            DAS_TEMP_(C)              BASELINE                  H2O                       D_1816                    D_DH                     
02/11/16                  11:44:30.1                4.1489238362E+1           1.7812500000E+1           7.8716074138E+2           3.0409737544E+1           5.4381671979E+2           1.9221608465E+3          
02/11/16                  11:44:37.6                4.1489324699E+1           1.7857142860E+1           7.8811170810E+2           2.6354027953E+1           8.3763000931E+2           -2.0197488733E+3         
02/11/16                  11:44:47.8                4.1489442352E+1           1.7875000000E+1           7.8763975799E+2           2.4876417904E+1           8.5255666377E+2           -3.0022758886E+2         
02/11/16                  11:44:55.1                4.1489527151E+1           1.7843750000E+1           7.8756292868E+2           2.7872967105E+1           6.9039882890E+2           7.8451269783E+2          
02/11/16                  11:45:02.4                4.1489611888E+1           1.7812500000E+1           7.8763465914E+2           2.8753970523E+1           5.9556211749E+2           8.6868430087E+2          
02/11/16                  11:45:09.8                4.1489697167E+1           1.7866071430E+1           7.8606267080E+2           3.5498822720E+1           2.9483389607E+2           5.8499401274E+3          
02/11/16                  11:45:17.3                4.1489783889E+1           1.7843750000E+1           7.8772944290E+2           2.5634439301E+1           7.7942625159E+2           -1.6433684818E+2         
02/11/16                  11:45:24.2                4.1489863822E+1           1.7839285710E+1           7.8747808757E+2           2.7348190007E+1           6.4191701072E+2           8.1025133584E+2          
02/11/16                  11:45:31.2                4.1489945600E+1           1.7848214290E+1           7.8780784889E+2           2.6512087572E+1           7.4651161635E+2           1.8078777303E+2          
02/11/16                  11:45:38.5                4.1490028953E+1           1.7866071430E+1           7.8735010105E+2           2.8182663887E+1           5.8529572379E+2           1.5228136012E+3          
02/11/16                  11:45:45.6                4.1490112083E+1           1.7919642860E+1           7.8759015573E+2           2.7623389673E+1           6.2377686563E+2           7.7748979418E+2          
02/11/16                  11:45:52.8                4.1490195544E+1           1.7937500000E+1           7.8756045209E+2           2.7075974118E+1           6.1131825555E+2           5.7632819907E+2          
02/11/16                  11:46:00.3                4.1490281702E+1           1.7964285710E+1           7.8721034447E+2           2.8149009743E+1           5.5964339506E+2           2.4536342166E+3          
02/11/16                  11:46:10.6                4.1490400542E+1           1.7946428570E+1           7.8787284921E+2           2.6562896409E+1           6.5583347909E+2           1.7043091071E+2          
02/11/16                  11:46:17.3                4.1490479099E+1           1.7910714290E+1           7.8748844976E+2           2.7079850672E+1           6.0332409901E+2           4.0591110377E+2          
02/11/16                  11:46:24.4                4.1490560703E+1           1.7928571430E+1           7.8792690905E+2           2.5445463218E+1           7.3446512936E+2           -1.5627035453E+3         
02/11/16                  11:46:31.6                4.1490643639E+1           1.7937500000E+1           7.8757213829E+2           2.5780871733E+1           6.2886891625E+2           4.5487485235E+2          
02/11/16                  11:46:38.5                4.1490724041E+1           1.7950000000E+1           7.8795191424E+2           2.3263397570E+1           8.1457808721E+2           -7.3409829026E+2         
02/11/16                  11:46:45.8                4.1490808709E+1           1.7946428570E+1           7.8785320512E+2           2.3092054831E+1           8.4818648037E+2           -1.3834784860E+3         
02/11/16                  11:46:53.1                4.1490893144E+1           1.7937500000E+1           7.8748945071E+2           2.3838909198E+1           6.9196055957E+2           1.3893774498E+3          
02/11/16                  11:47:00.0                4.1490972598E+1           1.7946428570E+1           7.8768525325E+2           2.3708798490E+1           7.6807711208E+2           7.8690346993E+2          
02/11/16                  11:47:06.8                4.1491051286E+1           1.7937500000E+1           7.8750638565E+2           2.3321199867E+1           7.2542307826E+2           5.8190214952E+2          
02/11/16                  11:47:13.5                4.1491129323E+1           1.7937500000E+1           7.8759566401E+2           2.4785656797E+1           7.0183750062E+2           1.1719057514E+3          
02/11/16                  11:47:20.1                4.1491205021E+1           1.8008928570E+1           7.8754611534E+2           2.5920754135E+1           5.8526028345E+2           5.6915458052E+2          
02/11/16                  11:47:29.3                4.1491311743E+1           1.8035714290E+1           7.8746200295E+2           2.6351892754E+1           5.9904199730E+2           1.1318808841E+3          
02/11/16                  11:47:36.0                4.1491389310E+1           1.8053571430E+1           7.8766560940E+2           2.3784012110E+1           7.3098191382E+2           7.3771336670E+1          
02/11/16                  11:47:42.7                4.1491466700E+1           1.8062500000E+1           7.8776272715E+2           2.4279203669E+1           7.2915766968E+2           3.5641620783E+2          
02/11/16                  11:47:49.3                4.1491543664E+1           1.8044642860E+1           7.8771044785E+2           2.3748742082E+1           7.2949773250E+2           1.0559285066E+2          
02/11/16                  11:47:56.1                4.1491621643E+1           1.8015625000E+1           7.8748146132E+2           2.3153303532E+1           6.8495003333E+2           9.9616776946E+2          
02/11/16                  11:48:02.8                4.1491699656E+1           1.8035714290E+1           7.8762735239E+2           2.3712381280E+1           7.6638761202E+2           -2.1677609788E+2         
02/11/16                  11:48:09.4                4.1491775596E+1           1.8041666670E+1           7.8735190461E+2           2.3429009340E+1           7.0877162791E+2           2.1733300320E+3          
02/11/16                  11:48:16.1                4.1491853501E+1           1.8062500000E+1           7.8733950683E+2           2.5629028775E+1           5.7624909730E+2           2.2352977840E+3          
02/11/16                  11:48:22.7                4.1491929683E+1           1.8062500000E+1           7.8747701001E+2           2.4791141666E+1           6.8913987024E+2           1.4714979418E+3          
02/11/16                  11:48:29.5                4.1492008411E+1           1.8062500000E+1           7.8738834310E+2           2.2656450615E+1           8.2708747384E+2           1.9568914722E+3          
02/11/16                  11:48:36.1                4.1492085369E+1           1.8062500000E+1           7.8772995916E+2           2.2034427143E+1           8.9460973721E+2           1.3135435606E+3          
02/11/16                  11:48:45.0                4.1492188531E+1           1.8008928570E+1           7.8780318134E+2           2.3436206338E+1           7.7051940872E+2           -3.4435134832E+2         
02/11/16                  11:48:51.7                4.1492265264E+1           1.8062500000E+1           7.8751598067E+2           2.2043544052E+1           7.8819499641E+2           1.4491702084E+3          
02/11/16                  11:48:58.0                4.1492338378E+1           1.8062500000E+1           7.8757903626E+2           2.0732500789E+1           9.3094330995E+2           8.4411639352E+2          
02/11/16                  11:49:04.7                4.1492416359E+1           1.8053571430E+1           7.8725380220E+2           2.3481133434E+1           7.0992798645E+2           1.7324692127E+3          
02/11/16                  11:49:11.6                4.1492496422E+1           1.8031250000E+1           7.8777600148E+2           1.9753753214E+1           1.0204391903E+3           -4.2647572403E+2         
02/11/16                  11:49:18.5                4.1492575462E+1           1.8053571430E+1           7.8767459986E+2           2.1968690765E+1           9.0210630770E+2           7.0387917287E+2          
02/11/16                  11:49:25.1                4.1492652645E+1           1.8072916670E+1           7.8725308984E+2           2.3125940372E+1           7.5947066119E+2           2.7288882932E+3          
02/11/16                  11:49:31.8                4.1492729779E+1           1.8062500000E+1           7.8729960429E+2           2.2626558971E+1           7.5284505171E+2           2.9687171601E+3          
02/11/16                  11:49:38.5                4.1492807119E+1           1.8093750000E+1           7.8766541074E+2           2.2340123654E+1           8.2799139512E+2           1.5277450235E+2          
02/11/16                  11:49:45.1                4.1492883661E+1           1.8072916670E+1           7.8767978832E+2           2.2180666504E+1           8.1585488705E+2           5.4732316529E+2          
02/11/16                  11:49:51.9                4.1492962681E+1           1.8135416670E+1           7.8730650296E+2           2.3117878817E+1           7.7382967443E+2           2.3227850125E+3          
02/11/16                  11:50:00.4                4.1493060804E+1           1.8098214290E+1           7.8745837808E+2           2.1828224002E+1           8.6722972437E+2           1.3493286185E+3          
02/11/16                  11:50:07.2                4.1493139069E+1           1.8053571430E+1           7.8780807006E+2           2.1024351331E+1           9.3178845365E+2           2.1181996220E+1          
02/11/16                  11:50:13.8                4.1493216364E+1           1.8000000000E+1           7.8692646376E+2           2.6633080590E+1           5.1064022079E+2           4.1905586677E+3          
02/11/16                  11:50:20.5                4.1493293769E+1           1.8044642860E+1           7.8750734843E+2           2.0991728882E+1           8.5633272294E+2           1.5195430236E+3          
02/11/16                  11:50:27.1                4.1493370341E+1           1.8062500000E+1           7.8729734174E+2           2.2939820679E+1           7.6249863009E+2           3.3531738593E+3          
02/11/16                  11:50:33.7                4.1493446278E+1           1.8071428570E+1           7.8770506126E+2           2.0750079155E+1           9.1710461269E+2           8.0311860360E+2          
02/11/16                  11:50:40.4                4.1493523193E+1           1.8116071430E+1           7.8742294157E+2           2.7262784369E+1           6.1799263856E+2           1.7214607865E+3          
02/11/16                  11:50:46.9                4.1493599238E+1           1.8208333330E+1           7.8803856368E+2           1.7963294298E+1           1.1368771649E+3           -1.9730386749E+3         
02/11/16                  11:50:53.6                4.1493676005E+1           1.8250000000E+1           7.8774151815E+2           2.1330472371E+1           9.0751936174E+2           3.7189662870E+2          
02/11/16                  11:51:00.2                4.1493753098E+1           1.8312500000E+1           7.8624803243E+2           2.8165005519E+1           4.3934265682E+2           5.7118583668E+3          
02/11/16                  11:51:06.9                4.1493830305E+1           1.8322916670E+1           7.8753263481E+2           2.2663362438E+1           8.5175880340E+2           1.2917486121E+3          
02/11/16                  11:51:15.5                4.1493929698E+1           1.8312500000E+1           7.8798421310E+2           1.8265597058E+1           1.1718611229E+3           -1.2138127993E+2         
02/11/16                  11:51:22.1                4.1494006870E+1           1.8364583330E+1           7.8747344257E+2           2.3667866584E+1           6.8868448023E+2           4.5576553249E+2          
02/11/16                  11:51:28.7                4.1494083159E+1           1.8410714290E+1           7.8735555493E+2           2.1561518706E+1           7.7901910078E+2           2.4107853265E+3          
02/11/16                  11:51:35.2                4.1494158329E+1           1.8479166670E+1           7.8735452317E+2           2.0272210253E+1           9.5276989523E+2           2.1297695256E+3          
02/11/16                  11:51:41.6                4.1494232133E+1           1.8500000000E+1           7.8746719908E+2           2.0706645769E+1           8.9221851035E+2           6.3366832696E+2          
02/11/16                  11:51:48.2                4.1494308490E+1           1.8508928570E+1           7.8761642177E+2           2.0065172178E+1           9.7264674497E+2           5.9466764904E+2          
02/11/16                  11:51:54.6                4.1494382557E+1           1.8572916670E+1           7.8752018834E+2           2.0332626669E+1           9.1438401402E+2           1.0482371310E+3          
02/11/16                  11:52:01.1                4.1494458039E+1           1.8604166670E+1           7.8747428226E+2           2.1493595230E+1           8.1056055409E+2           1.4004551087E+3          
02/11/16                  11:52:07.7                4.1494534609E+1           1.8616071430E+1           7.8760224296E+2           2.1600107441E+1           8.6286921234E+2           1.0101595012E+3          
02/11/16                  11:52:14.4                4.1494611387E+1           1.8625000000E+1           7.8726523238E+2           2.1685647257E+1           8.4355491693E+2           3.1200768483E+3          
02/11/16                  11:52:21.0                4.1494688087E+1           1.8645833330E+1           7.8732108733E+2           2.4006529210E+1           6.7484732368E+2           2.0486208537E+3          
02/11/16                  11:52:29.5                4.1494786502E+1           1.8696428570E+1           7.8776479988E+2           2.2297792580E+1           8.0083373220E+2           -4.9171576785E+2         
02/11/16                  11:52:36.0                4.1494861845E+1           1.8697916670E+1           7.8736514198E+2           2.0884051800E+1           8.9968049817E+2           1.0996516057E+3          
02/11/16                  11:52:42.6                4.1494938259E+1           1.8687500000E+1           7.8738787919E+2           2.2142490208E+1           8.0300962669E+2           2.0031244841E+3          
02/11/16                  11:52:49.3                4.1495015555E+1           1.8677083330E+1           7.8780389094E+2           2.3017775216E+1           7.7555825108E+2           5.4761485815E+1          
02/11/16                  11:52:56.1                4.1495093767E+1           1.8703125000E+1           7.8736365178E+2           2.5116232888E+1           6.0973204962E+2           1.8204911397E+3          
02/11/16                  11:53:02.6                4.1495169682E+1           1.8758928570E+1           7.8754411172E+2           2.4866402167E+1           7.0632880518E+2           6.9440829951E+2          
02/11/16                  11:53:09.1                4.1495244252E+1           1.8781250000E+1           7.8696082144E+2           2.5294835960E+1           6.0184934123E+2           3.9372342868E+3          
02/11/16                  11:53:15.4                4.1495318157E+1           1.8791666670E+1           7.8742263064E+2           2.2952621463E+1           7.7793605185E+2           1.2100759035E+3          
02/11/16                  11:53:22.1                4.1495394727E+1           1.8767857140E+1           7.8780236033E+2           2.2959923506E+1           8.6191543758E+2           3.9552320000E+1          
02/11/16                  11:53:28.7                4.1495471506E+1           1.8812500000E+1           7.8729611416E+2           2.2747213260E+1           7.8186872894E+2           7.9445095916E+2          
02/11/16                  11:53:35.2                4.1495547398E+1           1.8895833330E+1           7.8745278673E+2           2.4712538311E+1           6.5856908050E+2           6.7028300446E+2          
02/11/16                  11:53:43.6                4.1495644219E+1           1.8927083330E+1           7.8752828716E+2           2.2474766201E+1           8.3327703124E+2           1.2196353271E+3          
02/11/16                  11:53:50.0                4.1495718088E+1           1.8883928570E+1           7.8758214766E+2           2.2370992771E+1           8.7787586426E+2           8.7409319462E+2          
02/11/16                  11:53:56.6                4.1495794641E+1           1.8875000000E+1           7.8739609533E+2           2.5303038501E+1           7.0792400739E+2           1.2855638488E+3          
02/11/16                  11:54:03.1                4.1495870278E+1           1.8927083330E+1           7.8738542449E+2           2.4340190241E+1           7.1565863720E+2           1.5434087987E+3          
02/11/16                  11:54:09.7                4.1495945957E+1           1.8875000000E+1           7.8768652054E+2           2.5132691301E+1           6.8157526189E+2           3.7441892742E+2          
02/11/16                  11:54:16.3                4.1496022086E+1           1.8885416670E+1           7.8750180003E+2           2.3605899530E+1           8.1417280909E+2           -9.2952329791E+1         
02/11/16                  11:54:22.6                4.1496095834E+1           1.8857142860E+1           7.8730517174E+2           2.6318470320E+1           6.3669520824E+2           1.4878404099E+3          
02/11/16                  11:54:29.2                4.1496172161E+1           1.8812500000E+1           7.8703467414E+2           2.5545258824E+1           6.8529152971E+2           2.3186161014E+3          
02/11/16                  11:54:35.7                4.1496247145E+1           1.8833333330E+1           7.8741668612E+2           2.4060265758E+1           7.9041297791E+2           2.3172567629E+3          
02/11/16                  11:54:42.2                4.1496322315E+1           1.8875000000E+1           7.8768542460E+2           2.5122781578E+1           7.6155817270E+2           -2.6387395823E+2         
02/11/16                  11:54:48.9                4.1496399344E+1           1.8875000000E+1           7.8752685993E+2           2.5058268783E+1           7.3590410995E+2           1.1514285697E+3          
02/11/16                  11:54:57.2                4.1496495406E+1           1.8821428570E+1           7.8766789864E+2           2.4656678620E+1           7.6707189025E+2           4.5823421543E+1          
02/11/16                  11:55:03.7                4.1496571551E+1           1.8781250000E+1           7.8747428106E+2           2.6255528750E+1           6.7572042930E+2           1.2098665996E+3          
02/11/16                  11:55:10.4                4.1496648674E+1           1.8776785710E+1           7.8782843445E+2           2.3243463110E+1           8.5971680999E+2           -8.2872383476E+2         
02/11/16                  11:55:17.1                4.1496726710E+1           1.8770833330E+1           7.8755093116E+2           2.3894143949E+1           7.8698681774E+2           7.5062017106E+2          
02/11/16                  11:55:23.6                4.1496801458E+1           1.8750000000E+1           7.8739171387E+2           2.3084437334E+1           7.5562218208E+2           2.4160172243E+3          
02/11/16                  11:55:30.2                4.1496877378E+1           1.8794642860E+1           7.8774919056E+2           1.9974951588E+1           9.9388156056E+2           -8.2255426611E+2         
02/11/16                  11:55:36.7                4.1496953601E+1           1.8812500000E+1           7.8764497299E+2           2.3030311943E+1           8.1500622086E+2           1.9300864309E+3          
02/11/16                  11:55:43.3                4.1497029578E+1           1.8821428570E+1           7.8782090767E+2           2.4064891527E+1           8.6412854328E+2           -7.1805764048E+1         
02/11/16                  11:55:49.6                4.1497102550E+1           1.8822916670E+1           7.8758575539E+2           2.3304942985E+1           7.7867996727E+2           1.2578281543E+3          
02/11/16                  11:55:55.8                4.1497174484E+1           1.8796875000E+1           7.8750191721E+2           2.3549274290E+1           7.8408869852E+2           2.1897963822E+3          
02/11/16                  11:56:02.1                4.1497247174E+1           1.8729166670E+1           7.8744183646E+2           2.4696335622E+1           7.2916267412E+2           2.1302387966E+3          
02/11/16                  11:56:10.2                4.1497341277E+1           1.8697916670E+1           7.8768882926E+2           2.3311170807E+1           7.4243826948E+2           2.9040538924E+2          
02/11/16                  11:56:16.5                4.1497413662E+1           1.8645833330E+1           7.8768058477E+2           2.2735609625E+1           8.3167545604E+2           2.0966686193E+3          
02/11/16                  11:56:22.8                4.1497486160E+1           1.8625000000E+1           7.8756798365E+2           2.3479554718E+1           7.8651363512E+2           1.8523146835E+3          
02/11/16                  11:56:28.9                4.1497557532E+1           1.8656250000E+1           7.8818063028E+2           2.0001787300E+1           1.0868630108E+3           -1.7023890550E+3         
02/11/16                  11:56:35.1                4.1497629051E+1           1.8645833330E+1           7.8760302523E+2           2.2535556980E+1           8.0900264910E+2           2.8527901414E+3          
02/11/16                  11:56:41.4                4.1497701733E+1           1.8666666670E+1           7.8785371939E+2           2.1127038789E+1           9.2067911825E+2           3.9460496364E+2          
02/11/16                  11:56:47.6                4.1497773363E+1           1.8677083330E+1           7.8719672726E+2           2.4927893707E+1           6.3138484846E+2           3.4128560760E+3          
02/11/16                  11:56:53.8                4.1497845897E+1           1.8687500000E+1           7.8765032992E+2           2.0567092060E+1           8.3071174517E+2           1.2228986479E+3          
02/11/16                  11:57:00.2                4.1497919581E+1           1.8687500000E+1           7.8728171056E+2           2.3249641666E+1           7.1548316518E+2           3.4316243763E+3          
02/11/16                  11:57:06.4                4.1497991028E+1           1.8734375000E+1           7.8794861081E+2           2.1180344651E+1           8.3809194814E+2           -6.7562135017E+2         
02/11/16                  11:57:12.6                4.1498062868E+1           1.8687500000E+1           7.8782885218E+2           2.2078346313E+1           8.7237192109E+2           6.3764515389E+2          
02/11/16                  11:57:20.7                4.1498157045E+1           1.8739583330E+1           7.8755113186E+2           2.2232848711E+1           7.7005469509E+2           1.8981290639E+3          
02/11/16                  11:57:27.0                4.1498229694E+1           1.8723214290E+1           7.8759857925E+2           2.2219133482E+1           7.4405747361E+2           1.2960576585E+3          
02/11/16                  11:57:33.3                4.1498302267E+1           1.8687500000E+1           7.8739414977E+2           2.2032797173E+1           7.5877247380E+2           1.9777006941E+3          
02/11/16                  11:57:39.5                4.1498374853E+1           1.8687500000E+1           7.8809595723E+2           2.1230386615E+1           9.2081333589E+2           -4.7962860683E+2         
02/11/16                  11:57:45.8                4.1498447490E+1           1.8687500000E+1           7.8792639169E+2           1.9696881607E+1           1.0523936667E+3           2.1628848032E+2          
02/11/16                  11:57:52.0                4.1498519195E+1           1.8687500000E+1           7.8768463434E+2           2.0312504364E+1           8.6691957426E+2           1.2579069347E+3          
02/11/16                  11:57:58.3                4.1498592018E+1           1.8714285710E+1           7.8751057039E+2           2.1520817268E+1           7.7639165929E+2           1.8422140679E+3          
02/11/16                  11:58:04.6                4.1498665058E+1           1.8687500000E+1           7.8772046477E+2           1.9148103992E+1           9.4506994478E+2           6.7276148586E+2          
02/11/16                  11:58:10.8                4.1498736756E+1           1.8718750000E+1           7.8734459033E+2           2.0548756297E+1           8.1800381069E+2           3.2226589089E+3          
02/11/16                  11:58:16.9                4.1498807738E+1           1.8750000000E+1           7.8752265204E+2           2.1200430938E+1           8.2815241754E+2           1.5723535330E+3          
02/11/16                  11:58:23.1                4.1498879629E+1           1.8718750000E+1           7.8763095040E+2           2.1433712336E+1           8.3503666784E+2           7.7900607204E+2          
02/11/16                  11:58:31.3                4.1498974013E+1           1.8666666670E+1           7.8762578572E+2           2.1009269371E+1           8.4372366807E+2           8.2123283137E+2          
02/11/16                  11:58:37.5                4.1499045881E+1           1.8593750000E+1           7.8739160565E+2           2.0437009401E+1           8.6121067844E+2           2.1298760871E+3          
02/11/16                  11:58:43.8                4.1499118222E+1           1.8562500000E+1           7.8740228149E+2           2.1037852563E+1           8.4224103698E+2           1.5854588494E+3          
02/11/16                  11:58:50.0                4.1499190306E+1           1.8562500000E+1           7.8729271518E+2           2.2849633800E+1           6.6682059185E+2           2.3764400030E+3          
02/11/16                  11:58:56.2                4.1499261988E+1           1.8546875000E+1           7.8758070937E+2           2.2972207931E+1           7.0419565085E+2           7.4186037008E+2          
02/11/16                  11:59:02.5                4.1499335221E+1           1.8614583330E+1           7.8736108114E+2           2.0662591379E+1           8.7442169718E+2           2.5715035709E+3          
02/11/16                  11:59:08.7                4.1499407015E+1           1.8633928570E+1           7.8762512588E+2           2.1070577827E+1           8.5250918458E+2           1.9860154003E+2          
02/11/16                  11:59:15.2                4.1499481813E+1           1.8677083330E+1           7.8768704041E+2           2.0905427803E+1           8.6692941562E+2           6.6840872666E+2          
02/11/16                  11:59:21.7                4.1499557122E+1           1.8616071430E+1           7.8763793681E+2           1.8664715449E+1           1.0342776213E+3           7.3459905735E+1          
02/11/16                  11:59:28.1                4.1499631448E+1           1.8562500000E+1           7.8762735158E+2           2.0430407141E+1           9.1852836960E+2           1.1438914609E+3          
02/11/16                  11:59:34.4                4.1499704197E+1           1.8531250000E+1           7.8765340532E+2           1.8763140138E+1           1.0175345015E+3           1.6144759283E+3          
02/11/16                  11:59:42.5                4.1499797805E+1           1.8552083330E+1           7.8750053324E+2           2.1446975296E+1           8.7457238340E+2           1.2656086451E+3          
02/11/16                  11:59:48.8                4.1499871078E+1           1.8571428570E+1           7.8763726358E+2           2.0893316190E+1           8.8409867850E+2           1.8186094924E+2          
02/11/16                  11:59:55.0                4.1499942341E+1           1.8635416670E+1           7.8743597930E+2           2.2673092990E+1           7.5440956645E+2           9.8985007535E+2          
02/11/16                  12:00:01.1                4.1500013798E+1           1.8718750000E+1           7.8733899529E+2           2.3394489845E+1           7.0538498044E+2           1.7106704509E+3          
02/11/16                  12:00:07.3                4.1500085303E+1           1.8750000000E+1           7.8739432224E+2           2.2159657844E+1           7.7080176235E+2           2.2781898822E+3          
02/11/16                  12:00:13.7                4.1500159471E+1           1.8729166670E+1           7.8754304259E+2           2.2475588590E+1           8.0621845619E+2           1.9352980267E+3          
02/11/16                  12:00:20.0                4.1500232194E+1           1.8802083330E+1           7.8758809565E+2           2.1493233089E+1           8.5070847691E+2           4.9790447050E+2          
02/11/16                  12:00:26.5                4.1500307100E+1           1.8812500000E+1           7.8747784391E+2           2.1543493144E+1           8.2079924027E+2           1.2731582844E+3          
02/11/16                  12:00:32.9                4.1500381560E+1           1.8833333330E+1           7.8730938894E+2           2.3762624153E+1           7.1637146228E+2           2.8090021397E+3          
02/11/16                  12:00:39.4                4.1500456274E+1           1.8837500000E+1           7.8718636987E+2           2.3693039537E+1           6.6637834565E+2           2.2617599758E+3          
02/11/16                  12:00:45.7                4.1500529094E+1           1.8833333330E+1           7.8705983542E+2           2.4949039812E+1           6.2998628998E+2           3.4033601285E+3          
02/11/16                  12:00:53.7                4.1500622294E+1           1.8875000000E+1           7.8729942827E+2           2.3886213338E+1           6.7981228897E+2           1.4780970357E+3          
02/11/16                  12:01:00.1                4.1500696151E+1           1.8839285710E+1           7.8726056562E+2           2.4554239574E+1           6.5341612411E+2           1.5057468158E+3          
02/11/16                  12:01:06.4                4.1500769653E+1           1.8854166670E+1           7.8719791902E+2           2.4353179551E+1           6.8686857816E+2           3.0336080330E+3          
02/11/16                  12:01:12.8                4.1500842764E+1           1.8916666670E+1           7.8713953284E+2           2.4439270308E+1           6.3461240416E+2           2.5241297763E+3          
02/11/16                  12:01:19.3                4.1500918114E+1           1.8937500000E+1           7.8756730715E+2           2.3116712887E+1           7.8379097286E+2           1.0320126796E+2          
02/11/16                  12:01:25.4                4.1500989481E+1           1.8947916670E+1           7.8729982061E+2           2.3195685077E+1           7.2238638329E+2           1.6168722237E+3          
02/11/16                  12:01:31.7                4.1501061570E+1           1.9000000000E+1           7.8759534291E+2           2.3327473396E+1           7.5953568309E+2           5.7602712145E+2          
02/11/16                  12:01:37.9                4.1501134020E+1           1.9035714290E+1           7.8736676011E+2           2.4682198094E+1           6.9193062695E+2           2.0017091802E+3          
02/11/16                  12:01:44.3                4.1501207416E+1           1.9072916670E+1           7.8753806020E+2           2.7505351815E+1           6.0194388521E+2           1.4376411623E+3          
02/11/16                  12:01:50.7                4.1501281833E+1           1.9125000000E+1           7.8723029564E+2           2.4613520957E+1           6.7844479244E+2           2.4158009936E+3          
02/11/16                  12:01:57.3                4.1501358249E+1           1.9062500000E+1           7.8786921560E+2           2.2883963958E+1           8.2670913582E+2           -9.5501722500E+2         
02/11/16                  12:02:05.6                4.1501454402E+1           1.9062500000E+1           7.8773807516E+2           2.1923557973E+1           8.4027336555E+2           -9.9924199705E+1         
02/11/16                  12:02:11.8                4.1501525553E+1           1.9114583330E+1           7.8738887320E+2           2.1336504645E+1           8.8108410211E+2           1.1030886128E+3          
02/11/16                  12:02:17.9                4.1501597159E+1           1.9125000000E+1           7.8731268311E+2           2.2747473091E+1           7.5566462782E+2           1.9739508983E+3          
02/11/16                  12:02:24.0                4.1501667002E+1           1.9071428570E+1           7.8703568206E+2           2.3442592605E+1           6.2975259347E+2           2.9690858524E+3          
02/11/16                  12:02:30.1                4.1501738354E+1           1.9041666670E+1           7.8735263637E+2           2.4040132274E+1           6.3575398857E+2           1.8055613749E+3          
02/11/16                  12:02:36.3                4.1501809416E+1           1.9062500000E+1           7.8767450866E+2           2.0956379758E+1           9.1625838532E+2           -8.4980362490E+2         
02/11/16                  12:02:42.3                4.1501879000E+1           1.9062500000E+1           7.8759759054E+2           2.2436556563E+1           7.2691936130E+2           -7.9231283213E+2         
02/11/16                  12:02:48.5                4.1501950254E+1           1.9104166670E+1           7.8718578627E+2           2.3649227969E+1           6.9415823968E+2           2.5331900509E+3          
02/11/16                  12:02:54.5                4.1502020030E+1           1.9125000000E+1           7.8747075302E+2           1.9807307741E+1           9.1031040903E+2           8.5491109822E+2          
02/11/16                  12:03:00.5                4.1502089206E+1           1.9125000000E+1           7.8753607140E+2           2.1462694491E+1           8.4353273618E+2           1.3638383770E+2          
02/11/16                  12:03:06.5                4.1502159383E+1           1.9062500000E+1           7.8722064804E+2           2.4157936526E+1           6.7832804837E+2           1.7742428967E+3          
02/11/16                  12:03:14.4                4.1502250013E+1           1.9010416670E+1           7.8753705064E+2           2.1016834350E+1           7.8685854994E+2           4.2612188233E+2          
02/11/16                  12:03:20.4                4.1502319807E+1           1.9000000000E+1           7.8736685643E+2           2.1972721509E+1           7.3693366333E+2           1.7395555847E+3          
02/11/16                  12:03:26.3                4.1502388765E+1           1.9041666670E+1           7.8728774344E+2           2.3537689668E+1           6.9876381049E+2           1.2689068270E+3          
02/11/16                  12:03:32.1                4.1502455952E+1           1.9135416670E+1           7.8744513706E+2           2.1755031904E+1           7.7103339317E+2           -2.6028834659E+2         
02/11/16                  12:03:38.1                4.1502525176E+1           1.9166666670E+1           7.8786740206E+2           1.9470090391E+1           1.0410860516E+3           -1.3486231509E+3         
02/11/16                  12:03:44.2                4.1502595193E+1           1.9166666670E+1           7.8718478288E+2           2.4659573908E+1           6.0135865661E+2           2.4365718446E+3          
02/11/16                  12:03:50.1                4.1502663453E+1           1.9208333330E+1           7.8744657728E+2           2.2017416813E+1           7.7607195489E+2           8.8323225122E+2          
02/11/16                  12:03:56.0                4.1502732199E+1           1.9218750000E+1           7.8767491037E+2           2.1489719792E+1           8.3565814774E+2           3.9534161769E+2          
02/11/16                  12:04:02.0                4.1502801576E+1           1.9239583330E+1           7.8733491146E+2           2.0257400591E+1           7.8434334482E+2           1.6923304048E+3          
02/11/16                  12:04:08.0                4.1502871507E+1           1.9203125000E+1           7.8747507797E+2           2.2059852345E+1           7.8630194966E+2           1.3411176918E+3          
02/11/16                  12:04:14.1                4.1502941851E+1           1.9225000000E+1           7.8731868245E+2           2.1077009018E+1           8.2963499835E+2           1.1841275288E+3          
02/11/16                  12:04:21.8                4.1503031110E+1           1.9250000000E+1           7.8727473008E+2           2.2039107369E+1           8.0427960079E+2           2.1852524584E+3          
02/11/16                  12:04:28.0                4.1503102129E+1           1.9250000000E+1           7.8758972492E+2           2.0617225686E+1           9.1592571011E+2           -8.6736546713E+1         
02/11/16                  12:04:34.1                4.1503173598E+1           1.9250000000E+1           7.8744581141E+2           2.2166549499E+1           7.1762189986E+2           9.4192178342E+1          
02/11/16                  12:04:40.3                4.1503244578E+1           1.9291666670E+1           7.8687197517E+2           2.3711435254E+1           5.4802477832E+2           2.7421029513E+3          
02/11/16                  12:04:46.3                4.1503314696E+1           1.9312500000E+1           7.8729265809E+2           2.2946324036E+1           7.2208330364E+2           1.0649523460E+3          
02/11/16                  12:04:52.3                4.1503384031E+1           1.9312500000E+1           7.8711529571E+2           2.2034898100E+1           7.2004059764E+2           1.8858747547E+3          
02/11/16                  12:04:58.3                4.1503452582E+1           1.9312500000E+1           7.8752260431E+2           1.9917941723E+1           8.7564337628E+2           2.7891762140E+2          
02/11/16                  12:05:04.1                4.1503520531E+1           1.9312500000E+1           7.8724914880E+2           1.8574271897E+1           9.5765790917E+2           1.0688776653E+3          
02/11/16                  12:05:09.9                4.1503586871E+1           1.9312500000E+1           7.8712854187E+2           2.1560824641E+1           7.0620992679E+2           2.9982333258E+3          
02/11/16                  12:05:15.7                4.1503654156E+1           1.9312500000E+1           7.8770575250E+2           1.8904791448E+1           1.0612420375E+3           -8.3689845571E+2         
02/11/16                  12:05:21.5                4.1503721491E+1           1.9312500000E+1           7.8750864711E+2           2.3093441581E+1           7.0285713337E+2           7.5413006365E+2          
02/11/16                  12:05:28.9                4.1503807159E+1           1.9312500000E+1           7.8741342634E+2           2.1637295365E+1           7.8458037614E+2           1.1947761480E+3          
02/11/16                  12:05:34.7                4.1503874910E+1           1.9270833330E+1           7.8709014093E+2           2.5152109948E+1           5.9433462252E+2           2.1580347676E+3          
02/11/16                  12:05:40.6                4.1503942259E+1           1.9250000000E+1           7.8750009669E+2           2.2716303814E+1           7.3958893168E+2           7.0711183229E+1          
02/11/16                  12:05:46.4                4.1504009701E+1           1.9208333330E+1           7.8735062012E+2           2.0784452512E+1           8.1375206730E+2           8.8622052335E+2          
02/11/16                  12:05:52.5                4.1504080206E+1           1.9156250000E+1           7.8782684359E+2           1.9671404071E+1           9.7948397497E+2           -2.2075558534E+3         
02/11/16                  12:05:58.1                4.1504145776E+1           1.9145833330E+1           7.8727281552E+2           2.1407145028E+1           7.6552217907E+2           3.4247717994E+3          
02/11/16                  12:06:04.0                4.1504213372E+1           1.9114583330E+1           7.8760338432E+2           2.2049965757E+1           7.7776549521E+2           4.6655837417E+2          
02/11/16                  12:06:09.8                4.1504280462E+1           1.9175000000E+1           7.8726932060E+2           2.1770168866E+1           7.3961290506E+2           1.1591528550E+3          
02/11/16                  12:06:15.3                4.1504344165E+1           1.9197916670E+1           7.8721076050E+2           2.3711933176E+1           5.9418455568E+2           1.8846738566E+3          
02/11/16                  12:06:20.6                4.1504406232E+1           1.9229166670E+1           7.8710108720E+2           2.2668310598E+1           6.5646703899E+2           2.5650305046E+3          
02/11/16                  12:06:26.1                4.1504469487E+1           1.9300000000E+1           7.8778285120E+2           2.0448687349E+1           9.8233271675E+2           -1.2041110839E+3         
02/11/16                  12:06:33.6                4.1504555660E+1           1.9322916670E+1           7.8750143291E+2           2.1770892927E+1           8.1019434061E+2           4.7210874032E+2          
02/11/16                  12:06:39.4                4.1504623561E+1           1.9364583330E+1           7.8730391187E+2           2.1905775819E+1           7.7137891171E+2           1.0211808908E+3          
02/11/16                  12:06:45.2                4.1504689840E+1           1.9387500000E+1           7.8742897691E+2           2.0972878902E+1           7.6456556642E+2           9.4703503040E+2          
02/11/16                  12:06:50.8                4.1504754663E+1           1.9385416670E+1           7.8728375971E+2           2.0845462595E+1           8.1956939698E+2           1.4820557090E+3          
02/11/16                  12:06:56.4                4.1504820047E+1           1.9437500000E+1           7.8731839940E+2           2.1603837022E+1           8.3987515009E+2           1.6239587353E+3          
02/11/16                  12:07:02.1                4.1504886523E+1           1.9489583330E+1           7.8765506347E+2           2.1796168724E+1           8.4314256880E+2           8.2850987610E+2          
02/11/16                  12:07:07.9                4.1504953331E+1           1.9500000000E+1           7.8735845267E+2           2.4592058341E+1           6.6940412468E+2           8.7039211949E+2          
02/11/16                  12:07:13.5                4.1505018412E+1           1.9500000000E+1           7.8737502562E+2           2.1152391418E+1           8.2165009288E+2           1.9673025327E+3          
02/11/16                  12:07:19.0                4.1505081808E+1           1.9416666670E+1           7.8750552934E+2           2.1897151523E+1           8.2849809474E+2           -3.0174211785E+2         
02/11/16                  12:07:24.9                4.1505150428E+1           1.9375000000E+1           7.8704529110E+2           2.2555014305E+1           7.1483135012E+2           2.1536496913E+3          
02/11/16                  12:07:30.5                4.1505214979E+1           1.9362500000E+1           7.8721884547E+2           2.2490683888E+1           7.4784767280E+2           2.0250975383E+3          
02/11/16                  12:07:37.8                4.1505298793E+1           1.9343750000E+1           7.8730877711E+2           2.2995945730E+1           7.1841916363E+2           1.0387404371E+3          
02/11/16                  12:07:43.4                4.1505364445E+1           1.9412500000E+1           7.8732489143E+2           2.4233358647E+1           6.3026126472E+2           7.9920214166E+2          
02/11/16                  12:07:49.0                4.1505429066E+1           1.9489583330E+1           7.8753462135E+2           2.0246206557E+1           8.9558040798E+2           4.6031032777E+1          
02/11/16                  12:07:54.9                4.1505496572E+1           1.9510416670E+1           7.8728429039E+2           2.4285997814E+1           6.2944469939E+2           1.1354774753E+3          
02/11/16                  12:08:00.5                4.1505562295E+1           1.9541666670E+1           7.8751363774E+2           2.1936621834E+1           7.6028239502E+2           5.9083600416E+2          
02/11/16                  12:08:06.1                4.1505626766E+1           1.9552083330E+1           7.8736487171E+2           2.2448453655E+1           6.3928739343E+2           9.7492366060E+1          
02/11/16                  12:08:11.6                4.1505690480E+1           1.9562500000E+1           7.8747937626E+2           2.1782998828E+1           8.0228215008E+2           6.0760834215E+2          
02/11/16                  12:08:17.2                4.1505755615E+1           1.9562500000E+1           7.8695204144E+2           2.3841649683E+1           6.0251872242E+2           2.7082924956E+3          
02/11/16                  12:08:22.7                4.1505818803E+1           1.9550000000E+1           7.8755369737E+2           2.1766192666E+1           7.6522962624E+2           -6.8492982564E+1         
02/11/16                  12:08:28.2                4.1505882635E+1           1.9500000000E+1           7.8622574874E+2           2.9327788887E+1           3.4104527187E+2           5.2972671578E+3          
02/11/16                  12:08:34.0                4.1505949487E+1           1.9550000000E+1           7.8712704805E+2           2.2926583715E+1           6.3806190753E+2           1.6472960133E+3          
02/11/16                  12:08:41.2                4.1506033509E+1           1.9625000000E+1           7.8765972749E+2           2.2413132491E+1           7.5023802692E+2           -1.1089962803E+3         
02/11/16                  12:08:46.9                4.1506099089E+1           1.9612500000E+1           7.8725470696E+2           2.3953479322E+1           6.6769817670E+2           2.0119586670E+3          
02/11/16                  12:08:52.3                4.1506161286E+1           1.9625000000E+1           7.8739999722E+2           2.1827034919E+1           7.5705206802E+2           7.1688213097E+2          
02/11/16                  12:08:57.6                4.1506223310E+1           1.9552083330E+1           7.8720866696E+2           2.3450382816E+1           6.3689322334E+2           7.4785808160E+2          
02/11/16                  12:09:03.1                4.1506286380E+1           1.9562500000E+1           7.8733264936E+2           2.1659024666E+1           8.0927047597E+2           1.0201592843E+3          
02/11/16                  12:09:08.6                4.1506350139E+1           1.9468750000E+1           7.8769224382E+2           1.8734032001E+1           1.0353843349E+3           -1.0761662593E+3         
02/11/16                  12:09:14.0                4.1506413038E+1           1.9475000000E+1           7.8746973141E+2           2.2211083857E+1           7.1086151872E+2           6.8546899513E+2          
02/11/16                  12:09:19.5                4.1506476257E+1           1.9479166670E+1           7.8730681015E+2           2.3331752160E+1           6.4467122994E+2           1.5622252800E+3          
02/11/16                  12:09:24.9                4.1506538617E+1           1.9475000000E+1           7.8737037413E+2           2.1287626914E+1           7.5971220526E+2           1.9751550568E+3          
02/11/16                  12:09:30.2                4.1506599697E+1           1.9479166670E+1           7.8744406790E+2           2.3983305368E+1           6.5725946334E+2           9.0377007793E+2          
02/11/16                  12:09:35.5                4.1506661348E+1           1.9425000000E+1           7.8699811111E+2           2.4119881005E+1           6.3242578337E+2           3.3011756798E+3          
02/11/16                  12:09:42.5                4.1506742364E+1           1.9437500000E+1           7.8718494278E+2           2.4153915656E+1           6.5557592529E+2           2.3459826836E+3          
02/11/16                  12:09:47.8                4.1506803831E+1           1.9437500000E+1           7.8747303524E+2           2.0394318257E+1           8.0502921732E+2           1.7427379761E+2          
02/11/16                  12:09:53.2                4.1506866810E+1           1.9537500000E+1           7.8740568133E+2           2.3332351857E+1           7.1897251883E+2           6.9315682175E+2          
02/11/16                  12:09:58.8                4.1506931515E+1           1.9510416670E+1           7.8671833249E+2           2.5421813768E+1           5.3198658879E+2           3.3881479383E+3          
02/11/16                  12:10:04.4                4.1506995671E+1           1.9375000000E+1           7.8760007448E+2           2.0587892570E+1           9.1213974346E+2           4.2405864244E+1          
02/11/16                  12:10:09.6                4.1507056688E+1           1.9375000000E+1           7.8745381324E+2           2.1365450159E+1           7.6655290424E+2           9.9098995605E+2          
02/11/16                  12:10:14.9                4.1507117501E+1           1.9375000000E+1           7.8689624650E+2           2.5727475285E+1           5.4930166054E+2           2.4146888513E+3          
02/11/16                  12:10:20.2                4.1507178575E+1           1.9400000000E+1           7.8720715360E+2           2.3408271007E+1           7.0038643800E+2           9.4041761124E+2          
02/11/16                  12:10:25.3                4.1507238016E+1           1.9425000000E+1           7.8769018390E+2           2.1324603084E+1           8.6112228398E+2           -9.1298771356E+2         
02/11/16                  12:10:30.6                4.1507299712E+1           1.9421875000E+1           7.8761509854E+2           2.1239777771E+1           8.7202978490E+2           -1.7182115025E+2         
02/11/16                  12:10:36.1                4.1507362592E+1           1.9462500000E+1           7.8766403548E+2           2.3079437892E+1           8.0600775372E+2           -4.5258375702E+2         
02/11/16                  12:10:43.1                4.1507443677E+1           1.9462500000E+1           7.8718813222E+2           2.2828703791E+1           7.2191734076E+2           1.6793042896E+3          
02/11/16                  12:10:48.2                4.1507503053E+1           1.9512500000E+1           7.8711143234E+2           2.5127360974E+1           5.9113381598E+2           1.1251674232E+3          
02/11/16                  12:10:53.5                4.1507564327E+1           1.9531250000E+1           7.8736411419E+2           2.3843558096E+1           6.8702722296E+2           4.6759474665E+2          
02/11/16                  12:10:58.8                4.1507625568E+1           1.9625000000E+1           7.8720851462E+2           2.4512680132E+1           6.5286910475E+2           2.0287296095E+3          
02/11/16                  12:11:04.1                4.1507686459E+1           1.9625000000E+1           7.8765357657E+2           2.4086704024E+1           7.1980328555E+2           -9.7338196448E+2         
02/11/16                  12:11:09.3                4.1507746865E+1           1.9687500000E+1           7.8738210824E+2           2.3287450033E+1           7.0381909453E+2           4.6968548479E+2          
02/11/16                  12:11:14.6                4.1507807954E+1           1.9697916670E+1           7.8714595849E+2           2.6100127872E+1           6.5899083317E+2           1.6525286192E+3          
02/11/16                  12:11:19.8                4.1507868325E+1           1.9750000000E+1           7.8738284021E+2           2.5578603276E+1           6.3352298383E+2           -9.4700606406E+1         
02/11/16                  12:11:24.9                4.1507927957E+1           1.9787500000E+1           7.8739230774E+2           2.6455068482E+1           5.9647546801E+2           1.7457195178E+2          
02/11/16                  12:11:30.2                4.1507989452E+1           1.9770833330E+1           7.8740231765E+2           2.5023482393E+1           7.2286977772E+2           1.7297991407E+3          
02/11/16                  12:11:35.6                4.1508051877E+1           1.9737500000E+1           7.8716792151E+2           2.4187576366E+1           6.9828064172E+2           1.6965177957E+3          
02/11/16                  12:11:42.7                4.1508133907E+1           1.9700000000E+1           7.8731549946E+2           2.2927237569E+1           7.3537787710E+2           1.2132464443E+3          
02/11/16                  12:11:47.8                4.1508193275E+1           1.9787500000E+1           7.8666504215E+2           2.6849220479E+1           5.0418449670E+2           3.5357732408E+3          
02/11/16                  12:11:53.2                4.1508254741E+1           1.9822916670E+1           7.8745517740E+2           2.4131237528E+1           6.5873439767E+2           5.7930014290E+2          
02/11/16                  12:11:58.4                4.1508315772E+1           1.9812500000E+1           7.8766558102E+2           2.3500534944E+1           7.2588386340E+2           -1.3322678144E+3         
02/11/16                  12:12:03.6                4.1508375510E+1           1.9833333330E+1           7.8744075889E+2           2.3746851348E+1           6.8356371307E+2           4.4577300935E+1          
02/11/16                  12:12:08.9                4.1508437404E+1           1.9900000000E+1           7.8733347612E+2           2.2546138382E+1           8.0042896056E+2           1.3968613277E+3          
02/11/16                  12:12:14.1                4.1508496756E+1           1.9937500000E+1           7.8723501809E+2           2.4915195731E+1           6.3845496156E+2           1.3357910899E+3          
02/11/16                  12:12:19.2                4.1508555787E+1           1.9937500000E+1           7.8752224160E+2           2.3057604005E+1           7.4157872826E+2           3.7047136495E+1          
02/11/16                  12:12:24.3                4.1508615141E+1           1.9947916670E+1           7.8720326195E+2           2.4890350527E+1           6.6477028325E+2           1.3779351916E+3          
02/11/16                  12:12:29.5                4.1508674931E+1           2.0000000000E+1           7.8737440860E+2           2.4061570770E+1           7.0823425884E+2           9.9168237421E+2          
02/11/16                  12:12:34.6                4.1508734388E+1           2.0037500000E+1           7.8751266844E+2           2.2135174143E+1           7.8426692400E+2           -1.3793339928E+3         
02/11/16                  12:12:41.5                4.1508814719E+1           2.0075000000E+1           7.8753847576E+2           2.3115386740E+1           7.3287244458E+2           -1.4960034757E+2         
02/11/16                  12:12:46.8                4.1508875661E+1           2.0112500000E+1           7.8716603430E+2           2.3460584265E+1           6.9253101917E+2           1.8986618114E+3          
02/11/16                  12:12:52.0                4.1508935912E+1           2.0166666670E+1           7.8757551725E+2           2.2970635364E+1           7.9621822997E+2           5.5069424525E+2          
02/11/16                  12:12:57.3                4.1508996929E+1           2.0250000000E+1           7.8713509334E+2           2.4307784202E+1           6.5599007717E+2           2.0913041889E+3          
02/11/16                  12:13:02.6                4.1509057952E+1           2.0250000000E+1           7.8762901347E+2           2.3476052865E+1           7.0776817741E+2           -7.4953039387E+1         
02/11/16                  12:13:07.7                4.1509117513E+1           2.0250000000E+1           7.8724812850E+2           2.1326013284E+1           7.9233630689E+2           6.7797464779E+2          
02/11/16                  12:13:12.8                4.1509176855E+1           2.0250000000E+1           7.8741001617E+2           2.3786883387E+1           6.9002043847E+2           5.9163057294E+2          
02/11/16                  12:13:18.1                4.1509237760E+1           2.0287500000E+1           7.8729107804E+2           2.5182031913E+1           6.6076961576E+2           1.9626829418E+3          
02/11/16                  12:13:23.2                4.1509296416E+1           2.0302083330E+1           7.8709307277E+2           2.5755284789E+1           5.5581608269E+2           1.8936311995E+3          
02/11/16                  12:13:28.3                4.1509355410E+1           2.0312500000E+1           7.8728413789E+2           2.3159616953E+1           6.7840272822E+2           1.1761144413E+3          
02/11/16                  12:13:33.4                4.1509414835E+1           2.0337500000E+1           7.8726899089E+2           2.5595805989E+1           5.8834450911E+2           7.9618190660E+2          
02/11/16                  12:13:40.3                4.1509495242E+1           2.0325000000E+1           7.8750935762E+2           2.1833224543E+1           8.3013949126E+2           1.0623854587E+2          
02/11/16                  12:13:45.4                4.1509554130E+1           2.0312500000E+1           7.8744321608E+2           2.2292195776E+1           7.9069084718E+2           4.5378226604E+2          
02/11/16                  12:13:50.6                4.1509613748E+1           2.0312500000E+1           7.8736175384E+2           2.4057563489E+1           7.3014749564E+2           8.3210453945E+2          
02/11/16                  12:13:55.7                4.1509673070E+1           2.0312500000E+1           7.8729423070E+2           2.2981970512E+1           7.3303857328E+2           1.3062228209E+3          
02/11/16                  12:14:01.0                4.1509734482E+1           2.0296875000E+1           7.8779604760E+2           2.1169650025E+1           8.9710277266E+2           -1.3796522004E+3         
02/11/16                  12:14:06.3                4.1509795832E+1           2.0275000000E+1           7.8753414422E+2           2.2415454591E+1           7.9562977106E+2           1.0958031942E+2          
02/11/16                  12:14:11.4                4.1509854464E+1           2.0325000000E+1           7.8726236484E+2           2.3887210190E+1           6.3850866764E+2           3.8868128226E+2          
02/11/16                  12:14:16.5                4.1509913534E+1           2.0350000000E+1           7.8701865895E+2           2.4545914156E+1           6.2196575911E+2           2.4268341565E+3          
02/11/16                  12:14:21.6                4.1509973083E+1           2.0375000000E+1           7.8748401450E+2           2.3099260758E+1           7.2329449574E+2           7.3849740552E+2          
02/11/16                  12:14:26.7                4.1510031928E+1           2.0375000000E+1           7.8726064727E+2           2.2578646186E+1           6.7705949384E+2           4.4709979427E+2          
02/11/16                  12:14:31.9                4.1510091811E+1           2.0312500000E+1           7.8721340505E+2           2.4169554652E+1           6.3127296030E+2           1.4131912568E+3          
02/11/16                  12:14:38.9                4.1510173049E+1           2.0275000000E+1           7.8763899560E+2           1.9948203272E+1           9.0031429868E+2           -3.7493394391E+2         
02/11/16                  12:14:44.0                4.1510232515E+1           2.0225000000E+1           7.8739268397E+2           2.3285968273E+1           7.3497800336E+2           1.4718642605E+3          
02/11/16                  12:14:49.1                4.1510291468E+1           2.0225000000E+1           7.8700411057E+2           2.3521695887E+1           6.3637203812E+2           2.1839493503E+3          
02/11/16                  12:14:54.3                4.1510350917E+1           2.0237500000E+1           7.8725799784E+2           2.5095249739E+1           5.9308347200E+2           5.6284789021E+2          
02/11/16                  12:14:59.4                4.1510410076E+1           2.0208333330E+1           7.8677699086E+2           2.6868874950E+1           4.6758397719E+2           2.7722147598E+3          
02/11/16                  12:15:04.5                4.1510469185E+1           2.0187500000E+1           7.8729881632E+2           2.4301613760E+1           6.7061915692E+2           1.4978790041E+3          
02/11/16                  12:15:09.6                4.1510528137E+1           2.0187500000E+1           7.8759432280E+2           2.2193711526E+1           7.9185782270E+2           -3.0063957444E+2         
02/11/16                  12:15:14.7                4.1510586979E+1           2.0187500000E+1           7.8729955666E+2           2.3217537415E+1           6.9506202283E+2           8.0516607320E+2          
02/11/16                  12:15:19.8                4.1510646868E+1           2.0187500000E+1           7.8718383370E+2           2.6027643283E+1           5.4914274137E+2           1.4667381417E+3          
02/11/16                  12:15:25.0                4.1510706181E+1           2.0156250000E+1           7.8752265027E+2           2.1769752701E+1           7.5415960688E+2           1.1575646994E+2          
02/11/16                  12:15:30.1                4.1510765544E+1           2.0125000000E+1           7.8708398617E+2           2.4162410126E+1           6.7267154611E+2           2.5187418719E+3          
02/11/16                  12:15:37.1                4.1510846508E+1           2.0187500000E+1           7.8740665310E+2           2.3520302240E+1           6.1423870206E+2           6.6214702285E+2          
02/11/16                  12:15:42.3                4.1510907191E+1           2.0187500000E+1           7.8698339945E+2           2.4929448093E+1           5.9628501184E+2           2.2296717888E+3          
02/11/16                  12:15:47.6                4.1510967999E+1           2.0208333330E+1           7.8739895871E+2           2.4817256962E+1           6.4741301966E+2           2.8158962479E+2          
02/11/16                  12:15:52.7                4.1511026967E+1           2.0187500000E+1           7.8741766682E+2           2.1861462624E+1           7.7914863112E+2           -2.2920205671E+1         
02/11/16                  12:15:57.8                4.1511085669E+1           2.0187500000E+1           7.8718183673E+2           2.4308657545E+1           5.8243508439E+2           1.9088607765E+3          
02/11/16                  12:16:02.8                4.1511144646E+1           2.0200000000E+1           7.8710353047E+2           2.2675553387E+1           6.8139240601E+2           1.7938046987E+3          
02/11/16                  12:16:07.9                4.1511203186E+1           2.0237500000E+1           7.8731090757E+2           2.3915465443E+1           6.5573343017E+2           1.3001071024E+3          
02/11/16                  12:16:13.0                4.1511261974E+1           2.0275000000E+1           7.8706776828E+2           2.5251647402E+1           5.2595913192E+2           2.2016053478E+3          
02/11/16                  12:16:18.1                4.1511320910E+1           2.0312500000E+1           7.8714101506E+2           2.3566573936E+1           6.7019146675E+2           1.5489983549E+3          
02/11/16                  12:16:23.2                4.1511380000E+1           2.0343750000E+1           7.8743902511E+2           2.3758370292E+1           6.9951065918E+2           5.3700710234E+2          
02/11/16                  12:16:28.3                4.1511439058E+1           2.0400000000E+1           7.8707011081E+2           2.4184040610E+1           6.4791856398E+2           2.4514956795E+3          
02/11/16                  12:16:35.2                4.1511518923E+1           2.0437500000E+1           7.8736642661E+2           2.3511694980E+1           6.3550760630E+2           3.1663717102E+1          
02/11/16                  12:16:40.3                4.1511577628E+1           2.0412500000E+1           7.8749684771E+2           2.3369460180E+1           7.5097382522E+2           5.9232940805E+2          
02/11/16                  12:16:45.4                4.1511636576E+1           2.0375000000E+1           7.8749251304E+2           2.3278556025E+1           7.3680758761E+2           -1.7155241217E+2         
02/11/16                  12:16:50.5                4.1511695623E+1           2.0325000000E+1           7.8745854381E+2           2.3777322564E+1           6.5908513709E+2           2.7773684459E+2          
02/11/16                  12:16:55.5                4.1511754585E+1           2.0312500000E+1           7.8747711270E+2           2.4330528749E+1           6.9508750539E+2           3.4478484365E+2          
02/11/16                  12:17:00.6                4.1511813519E+1           2.0312500000E+1           7.8743625965E+2           2.2164658319E+1           7.6278041671E+2           -2.1590798473E+0         
02/11/16                  12:17:05.7                4.1511872354E+1           2.0312500000E+1           7.8733435610E+2           2.3701649109E+1           6.5888378351E+2           8.9467415906E+2          
02/11/16                  12:17:10.8                4.1511931134E+1           2.0250000000E+1           7.8713754293E+2           2.6996193322E+1           4.9216734546E+2           1.0136181884E+3          
02/11/16                  12:17:15.9                4.1511990020E+1           2.0200000000E+1           7.8719330673E+2           2.5164721857E+1           6.1783976827E+2           1.5170082057E+3          
02/11/16                  12:17:20.9                4.1512048574E+1           2.0156250000E+1           7.8726224017E+2           2.2424678809E+1           7.1957791043E+2           1.8772261442E+3          
02/11/16                  12:17:26.0                4.1512107400E+1           2.0078125000E+1           7.8717399187E+2           2.3440763922E+1           6.2794761264E+2           7.4869394734E+2          
02/11/16                  12:17:33.0                4.1512187730E+1           1.9962500000E+1           7.8729280341E+2           2.3099301627E+1           6.7708590326E+2           4.9089451370E+2          
02/11/16                  12:17:38.0                4.1512246315E+1           1.9937500000E+1           7.8695562584E+2           2.4216084131E+1           5.7752521588E+2           2.3842059574E+3          
02/11/16                  12:17:43.1                4.1512305069E+1           1.9937500000E+1           7.8714589041E+2           2.4223364535E+1           6.2247706155E+2           1.7488813808E+3          
02/11/16                  12:17:48.2                4.1512363836E+1           1.9962500000E+1           7.8700076403E+2           2.6132818491E+1           4.9836054891E+2           1.9438875778E+3          
02/11/16                  12:17:53.3                4.1512422710E+1           1.9937500000E+1           7.8691815110E+2           2.5584047195E+1           4.9602967940E+2           2.5085715470E+3          
02/11/16                  12:17:58.3                4.1512481432E+1           1.9912500000E+1           7.8739442266E+2           2.3695236254E+1           7.1374781474E+2           1.6657294321E+2          
02/11/16                  12:18:03.4                4.1512539971E+1           1.9862500000E+1           7.8766482769E+2           1.9823840611E+1           8.7582748621E+2           -1.8850232219E+3         
02/11/16                  12:18:08.5                4.1512598635E+1           1.9850000000E+1           7.8765954812E+2           2.2957901178E+1           7.6323292816E+2           -8.2463997058E+2         
02/11/16                  12:18:13.5                4.1512657331E+1           1.9862500000E+1           7.8732531279E+2           2.4425837349E+1           6.1842786612E+2           -2.3924213347E+2         
02/11/16                  12:18:18.6                4.1512716018E+1           1.9833333330E+1           7.8727701375E+2           2.4206170609E+1           6.2863725555E+2           1.1229217057E+3          
02/11/16                  12:18:23.7                4.1512775082E+1           1.9762500000E+1           7.8745582756E+2           2.5328379382E+1           6.2573209628E+2           1.6540471021E+2          
02/11/16                  12:18:30.6                4.1512855037E+1           1.9787500000E+1           7.8714865432E+2           2.6669720127E+1           5.5200986471E+2           2.5465929880E+3          
02/11/16                  12:18:35.7                4.1512913731E+1           1.9762500000E+1           7.8760641340E+2           2.1894993759E+1           8.3696630928E+2           -4.4148486672E+2         
02/11/16                  12:18:40.8                4.1512972385E+1           1.9762500000E+1           7.8743857872E+2           2.5823646859E+1           6.0322513624E+2           1.6885078349E+2          
02/11/16                  12:18:45.8                4.1513031015E+1           1.9812500000E+1           7.8733341584E+2           2.5720246263E+1           6.1806218524E+2           -2.0467807407E+2         
02/11/16                  12:18:50.9                4.1513089689E+1           1.9833333330E+1           7.8710745275E+2           2.5170056303E+1           6.1544734489E+2           1.2641682905E+3          
02/11/16                  12:18:56.0                4.1513148604E+1           1.9887500000E+1           7.8717927085E+2           2.5163984375E+1           5.9870033359E+2           1.3345007915E+3          
02/11/16                  12:19:01.1                4.1513207224E+1           1.9862500000E+1           7.8747415092E+2           2.4176414330E+1           7.0418218826E+2           -3.8105247791E+1         
02/11/16                  12:19:06.1                4.1513265828E+1           1.9837500000E+1           7.8751659448E+2           2.5720586155E+1           6.0566938842E+2           -2.8225466500E+2         
02/11/16                  12:19:11.2                4.1513324580E+1           1.9875000000E+1           7.8771933279E+2           2.3342104853E+1           7.8448640799E+2           -1.1357004710E+3         
02/11/16                  12:19:16.3                4.1513383621E+1           1.9875000000E+1           7.8717200890E+2           2.5878067997E+1           6.2795378862E+2           2.2756835216E+3          
02/11/16                  12:19:21.4                4.1513442473E+1           1.9887500000E+1           7.8732753755E+2           2.3752854839E+1           7.0874021157E+2           -5.6495910733E+1         
02/11/16                  12:19:28.3                4.1513522813E+1           1.9875000000E+1           7.8696338495E+2           2.7750706634E+1           5.3468880044E+2           2.6672193389E+3          
02/11/16                  12:19:33.4                4.1513581562E+1           1.9887500000E+1           7.8707745312E+2           2.7066825437E+1           5.3728543104E+2           1.0186049752E+3          
02/11/16                  12:19:38.5                4.1513640256E+1           1.9912500000E+1           7.8707735562E+2           2.6493181612E+1           5.5257764714E+2           8.6837650858E+2          
02/11/16                  12:19:43.5                4.1513698907E+1           1.9937500000E+1           7.8729122621E+2           2.5758867058E+1           6.5201008370E+2           1.0863431498E+3          
02/11/16                  12:19:48.6                4.1513757392E+1           1.9958333330E+1           7.8704264500E+2           2.7429943025E+1           5.9065398420E+2           1.9010346920E+3          
02/11/16                  12:19:53.7                4.1513816172E+1           2.0012500000E+1           7.8767088652E+2           2.3185291927E+1           7.7415680784E+2           -1.7293686118E+3         
02/11/16                  12:19:58.7                4.1513874701E+1           2.0062500000E+1           7.8744091727E+2           2.7815630475E+1           5.4072480474E+2           4.7145237131E+2          
02/11/16                  12:20:03.8                4.1513933358E+1           2.0112500000E+1           7.8741617556E+2           2.5563566018E+1           6.5937667951E+2           2.1018062741E+2          
02/11/16                  12:20:08.9                4.1513991918E+1           2.0125000000E+1           7.8698911284E+2           2.8536006951E+1           4.9331367950E+2           2.1394055425E+3          
02/11/16                  12:20:13.9                4.1514050609E+1           2.0125000000E+1           7.8718716413E+2           2.7136181688E+1           4.8980223967E+2           1.3655451561E+3          
02/11/16                  12:20:19.0                4.1514109654E+1           2.0187500000E+1           7.8724593253E+2           2.5998929775E+1           6.1863604441E+2           6.3892809706E+2          
02/11/16                  12:20:25.9                4.1514189663E+1           2.0237500000E+1           7.8757257248E+2           2.3019509763E+1           7.9300963759E+2           5.9281397359E+2          
02/11/16                  12:20:31.0                4.1514248268E+1           2.0262500000E+1           7.8723459442E+2           2.6063054481E+1           5.4728719425E+2           2.7216335584E+2          
02/11/16                  12:20:36.1                4.1514307163E+1           2.0312500000E+1           7.8720341251E+2           2.6976306994E+1           5.1680622883E+2           1.1287389227E+3          
02/11/16                  12:20:41.2                4.1514366341E+1           2.0312500000E+1           7.8738550499E+2           2.4964636620E+1           5.9164377110E+2           5.0129899387E+1          
02/11/16                  12:20:46.3                4.1514425042E+1           2.0291666670E+1           7.8717680666E+2           2.7982964587E+1           5.2309485086E+2           1.3750181574E+3          
02/11/16                  12:20:51.3                4.1514483751E+1           2.0312500000E+1           7.8727180868E+2           2.5632900546E+1           5.9601974785E+2           5.0304503403E+2          
02/11/16                  12:20:56.4                4.1514542415E+1           2.0337500000E+1           7.8717590240E+2           2.4848714679E+1           6.8826704304E+2           1.3843579989E+3          
02/11/16                  12:21:01.5                4.1514601003E+1           2.0375000000E+1           7.8716282331E+2           2.7211930577E+1           5.3513317843E+2           1.3941708461E+3          
02/11/16                  12:21:06.5                4.1514659485E+1           2.0375000000E+1           7.8716234976E+2           2.5686986125E+1           6.1421782969E+2           1.2388832672E+3          
02/11/16                  12:21:11.6                4.1514718116E+1           2.0375000000E+1           7.8710901698E+2           2.7209008507E+1           5.3385237204E+2           1.6552047853E+3          
02/11/16                  12:21:16.7                4.1514777123E+1           2.0400000000E+1           7.8728659365E+2           2.7371908395E+1           5.6419459535E+2           1.5951304867E+3          
02/11/16                  12:21:23.6                4.1514857235E+1           2.0437500000E+1           7.8758532328E+2           2.3691628782E+1           7.3683964737E+2           -2.6965088733E+2         
02/11/16                  12:21:28.7                4.1514915878E+1           2.0475000000E+1           7.8734003830E+2           2.6513576742E+1           5.8040153097E+2           7.4002453666E+2          
02/11/16                  12:21:33.7                4.1514974408E+1           2.0462500000E+1           7.8762621400E+2           2.3264708436E+1           7.3037655087E+2           -1.2392396574E+3         
02/11/16                  12:21:38.8                4.1515033020E+1           2.0500000000E+1           7.8734496936E+2           2.7617265884E+1           5.6474137941E+2           9.1109781928E+2          
02/11/16                  12:21:43.9                4.1515091839E+1           2.0479166670E+1           7.8730613486E+2           2.7227415178E+1           5.6499264202E+2           7.8597704389E+2          
02/11/16                  12:21:49.0                4.1515150785E+1           2.0500000000E+1           7.8703212907E+2           2.8257577780E+1           4.7107823832E+2           1.6093611678E+3          
02/11/16                  12:21:54.0                4.1515209223E+1           2.0500000000E+1           7.8732057102E+2           2.3007159055E+1           7.0520180076E+2           6.2497595071E+2          
02/11/16                  12:21:59.1                4.1515267793E+1           2.0487500000E+1           7.8740869899E+2           2.4306727964E+1           7.2387537353E+2           9.5277828295E+2          
02/11/16                  12:22:04.2                4.1515326672E+1           2.0475000000E+1           7.8738582967E+2           2.3055691617E+1           7.2161333974E+2           9.1398088545E+2          
02/11/16                  12:22:09.3                4.1515385458E+1           2.0479166670E+1           7.8703523633E+2           2.5046368742E+1           5.8504958824E+2           2.0182556496E+3          
02/11/16                  12:22:14.3                4.1515444368E+1           2.0500000000E+1           7.8729970789E+2           2.4386146466E+1           6.2700121425E+2           9.4009931956E+2          
02/11/16                  12:22:21.2                4.1515524305E+1           2.0500000000E+1           7.8719146527E+2           2.5815204035E+1           5.7590799467E+2           1.6667410432E+3          
02/11/16                  12:22:26.3                4.1515582684E+1           2.0500000000E+1           7.8725472535E+2           2.4273347842E+1           6.9185761624E+2           1.9302771873E+3          
02/11/16                  12:22:31.4                4.1515641478E+1           2.0437500000E+1           7.8694103571E+2           2.5190853291E+1           5.4623885901E+2           1.6146201746E+3          
02/11/16                  12:22:36.4                4.1515700218E+1           2.0375000000E+1           7.8690997040E+2           2.6605963769E+1           5.0943044172E+2           2.2912138806E+3          
02/11/16                  12:22:41.5                4.1515758916E+1           2.0375000000E+1           7.8683222282E+2           2.6053937339E+1           5.2595957863E+2           2.6312945374E+3          
02/11/16                  12:22:46.6                4.1515817509E+1           2.0325000000E+1           7.8714816741E+2           2.5505753500E+1           5.3942075246E+2           6.6639070247E+2          
02/11/16                  12:22:51.6                4.1515875950E+1           2.0237500000E+1           7.8676187223E+2           2.6301783341E+1           4.9470631058E+2           2.5260228238E+3          
02/11/16                  12:22:56.7                4.1515934549E+1           2.0150000000E+1           7.8720880495E+2           2.3322252959E+1           6.6174003913E+2           7.8978442080E+2          
02/11/16                  12:23:01.8                4.1515993548E+1           2.0125000000E+1           7.8705779647E+2           2.5898816424E+1           5.2802188416E+2           1.5661466571E+3          
02/11/16                  12:23:06.9                4.1516052345E+1           2.0083333330E+1           7.8724564489E+2           2.4426664322E+1           6.3829737541E+2           1.7640987855E+3          
02/11/16                  12:23:12.0                4.1516111135E+1           2.0062500000E+1           7.8742212081E+2           2.5284372570E+1           5.9178004683E+2           3.5307499411E+2          
02/11/16                  12:23:18.9                4.1516191157E+1           2.0037500000E+1           7.8739512041E+2           2.5570330250E+1           6.1224226333E+2           5.4223718109E+2          
02/11/16                  12:23:23.9                4.1516249977E+1           2.0000000000E+1           7.8744881826E+2           2.3941816434E+1           6.3778009076E+2           2.7458535111E+1          
02/11/16                  12:23:29.0                4.1516308883E+1           2.0000000000E+1           7.8742335568E+2           2.3429418500E+1           6.7500281171E+2           -2.7328846119E+2         
02/11/16                  12:23:34.1                4.1516367713E+1           1.9950000000E+1           7.8712961226E+2           2.6041089917E+1           4.9530571257E+2           1.6292579635E+3          
02/11/16                  12:23:39.2                4.1516426310E+1           1.9968750000E+1           7.8753912783E+2           2.2695563860E+1           7.3728081357E+2           -8.6840434504E+1         
02/11/16                  12:23:44.3                4.1516485165E+1           1.9862500000E+1           7.8746149772E+2           2.4171549926E+1           6.6931047702E+2           -2.5585561270E+2         
02/11/16                  12:23:49.3                4.1516543713E+1           1.9800000000E+1           7.8707181881E+2           2.5537848179E+1           5.8729701265E+2           1.3200678883E+3          
02/11/16                  12:23:54.4                4.1516602443E+1           1.9750000000E+1           7.8753477584E+2           2.3087755894E+1           6.6173987181E+2           -4.9489785537E+2         
02/11/16                  12:23:59.5                4.1516661161E+1           1.9812500000E+1           7.8754812095E+2           2.3134465704E+1           6.9263638369E+2           -8.9580954888E+2         
02/11/16                  12:24:04.6                4.1516720019E+1           1.9812500000E+1           7.8736374562E+2           2.3764664231E+1           6.6289044658E+2           9.0612727795E+2          
02/11/16                  12:24:09.7                4.1516778939E+1           1.9800000000E+1           7.8725090633E+2           2.5706383181E+1           5.3493253766E+2           -1.8460303973E+2         
02/11/16                  12:24:16.6                4.1516858902E+1           1.9750000000E+1           7.8752307243E+2           2.4645019884E+1           6.2068418972E+2           -3.8904910626E+2         
02/11/16                  12:24:21.6                4.1516917447E+1           1.9750000000E+1           7.8764831860E+2           2.4665015399E+1           6.6530583915E+2           5.8542066431E+1          
02/11/16                  12:24:26.7                4.1516976061E+1           1.9812500000E+1           7.8696415426E+2           2.7552884245E+1           4.7122699518E+2           1.8264379340E+3          
02/11/16                  12:24:31.7                4.1517034619E+1           1.9862500000E+1           7.8724910043E+2           2.6756029312E+1           5.5068828142E+2           8.0148095777E+2          
02/11/16                  12:24:36.8                4.1517093315E+1           1.9875000000E+1           7.8732760953E+2           2.6125555620E+1           5.2462553473E+2           1.0248534002E+3          
02/11/16                  12:24:41.9                4.1517152265E+1           1.9875000000E+1           7.8740399640E+2           2.4436011979E+1           6.9335165927E+2           -3.8667994019E+2         
02/11/16                  12:24:46.9                4.1517210604E+1           1.9875000000E+1           7.8743194952E+2           2.6025529410E+1           6.0015679456E+2           7.7413159478E+2          
02/11/16                  12:24:52.0                4.1517269410E+1           1.9875000000E+1           7.8716743187E+2           2.2868636735E+1           6.9423967606E+2           1.5233276570E+3          
02/11/16                  12:24:57.1                4.1517328029E+1           1.9875000000E+1           7.8744971928E+2           2.5471766024E+1           6.7825443608E+2           4.4492595185E+2          
02/11/16                  12:25:02.2                4.1517386716E+1           1.9875000000E+1           7.8756371654E+2           2.4155469579E+1           7.2604212479E+2           -5.6396424694E+2         
02/11/16                  12:25:07.2                4.1517445414E+1           1.9828125000E+1           7.8756571634E+2           2.4621219013E+1           6.6523318506E+2           -2.2919770298E+2         
02/11/16                  12:25:14.1                4.1517525244E+1           1.9762500000E+1           7.8705833800E+2           2.5211299337E+1           5.7631709367E+2           1.6978314059E+3          
02/11/16                  12:25:19.2                4.1517583888E+1           1.9750000000E+1           7.8722970891E+2           2.7940944555E+1           4.7564157005E+2           1.0170609951E+3          
02/11/16                  12:25:24.3                4.1517642691E+1           1.9750000000E+1           7.8731018578E+2           2.5325518322E+1           6.7393768570E+2           8.7566139840E+2          
02/11/16                  12:25:29.3                4.1517701317E+1           1.9775000000E+1           7.8712171999E+2           2.7354839240E+1           5.3330088019E+2           1.1979570543E+3          
02/11/16                  12:25:34.4                4.1517760029E+1           1.9812500000E+1           7.8777606292E+2           2.4447559392E+1           7.4547786592E+2           -1.1004820604E+3         
