DATE                      TIME                      DAYS_SINCE_JAN            DAS_TEMP_(C)              BASELINE                  H2O                       D_1816                    D_DH                     
02/11/16                  11:11:56.3                4.1466624589E+1           1.7312500000E+1           7.8700266039E+2           3.5335516244E+1           4.7263442800E+2           2.1685093825E+3          
02/11/16                  11:12:03.0                4.1466701590E+1           1.7419642860E+1           7.8726776895E+2           3.2654971213E+1           5.3909798656E+2           5.9272270123E+2          
02/11/16                  11:12:12.3                4.1466809082E+1           1.7500000000E+1           7.8700306592E+2           3.4755259273E+1           4.8642942617E+2           1.5876678620E+3          
02/11/16                  11:12:19.1                4.1466888649E+1           1.7535714290E+1           7.8709374413E+2           3.5690449557E+1           4.2782672369E+2           1.3151135673E+3          
02/11/16                  11:12:25.8                4.1466965635E+1           1.7607142860E+1           7.8713493314E+2           3.2462859329E+1           5.4888480581E+2           1.4907826758E+3          
02/11/16                  11:12:32.9                4.1467048431E+1           1.7625000000E+1           7.8699862060E+2           3.5352067681E+1           4.6757699602E+2           1.9992099332E+3          
02/11/16                  11:12:40.0                4.1467130693E+1           1.7637500000E+1           7.8731042228E+2           3.1843791497E+1           5.5646905968E+2           6.1438818128E+2          
02/11/16                  11:12:46.8                4.1467209404E+1           1.7678571430E+1           7.8701998931E+2           3.4420673969E+1           4.5549289260E+2           1.6667689236E+3          
02/11/16                  11:12:54.1                4.1467293033E+1           1.7687500000E+1           7.8707234735E+2           3.5022783106E+1           4.5014678962E+2           2.0331095669E+3          
02/11/16                  11:13:01.3                4.1467376902E+1           1.7687500000E+1           7.8721207658E+2           3.1618622524E+1           5.6412597130E+2           6.2838355531E+2          
02/11/16                  11:13:08.5                4.1467459570E+1           1.7726562500E+1           7.8751117207E+2           3.2335643400E+1           5.8801862917E+2           2.9690173858E+2          
02/11/16                  11:13:15.9                4.1467545641E+1           1.7750000000E+1           7.8735506225E+2           3.5095131863E+1           4.3342607953E+2           3.9168644710E+2          
02/11/16                  11:13:22.9                4.1467627054E+1           1.7758928570E+1           7.8718785564E+2           3.4986474461E+1           4.4048039360E+2           1.0869948592E+3          
02/11/16                  11:13:32.6                4.1467738977E+1           1.7758928570E+1           7.8721542682E+2           3.5463572542E+1           4.2445641470E+2           1.2514775039E+3          
02/11/16                  11:13:39.7                4.1467820828E+1           1.7776785710E+1           7.8741453175E+2           3.2371745234E+1           5.4955149869E+2           5.5704572100E+0          
02/11/16                  11:13:46.7                4.1467902561E+1           1.7776785710E+1           7.8709168651E+2           3.5128295630E+1           4.3105898114E+2           1.6287727735E+3          
02/11/16                  11:13:53.6                4.1467982311E+1           1.7750000000E+1           7.8720965748E+2           3.3036872004E+1           5.2519014320E+2           9.2037892679E+2          
02/11/16                  11:14:01.0                4.1468068039E+1           1.7750000000E+1           7.8689385452E+2           3.5039603879E+1           4.2085395659E+2           2.0703256368E+3          
02/11/16                  11:14:08.4                4.1468153838E+1           1.7750000000E+1           7.8687165220E+2           3.5228585209E+1           3.8541155663E+2           1.9409574155E+3          
02/11/16                  11:14:15.6                4.1468236918E+1           1.7750000000E+1           7.8750264505E+2           3.1201588549E+1           6.0504522945E+2           6.4174081389E+2          
02/11/16                  11:14:22.9                4.1468321609E+1           1.7718750000E+1           7.8716927734E+2           3.3608653216E+1           4.7954597272E+2           9.5294474827E+2          
02/11/16                  11:14:30.3                4.1468406555E+1           1.7687500000E+1           7.8739180804E+2           3.1581218024E+1           5.7660222969E+2           6.4585116899E+2          
02/11/16                  11:14:37.4                4.1468489221E+1           1.7671875000E+1           7.8743565424E+2           3.1306967686E+1           5.4846163995E+2           9.2398373268E+2          
02/11/16                  11:14:44.5                4.1468570690E+1           1.7607142860E+1           7.8725272419E+2           3.3827217388E+1           4.8029733562E+2           7.6196215200E+2          
02/11/16                  11:14:54.6                4.1468688654E+1           1.7508928570E+1           7.8716321251E+2           3.0816955589E+1           5.5717534877E+2           9.7134934542E+2          
02/11/16                  11:15:01.9                4.1468772128E+1           1.7464285710E+1           7.8715350335E+2           3.0053504200E+1           5.9135742551E+2           1.3018078948E+3          
02/11/16                  11:15:08.7                4.1468850922E+1           1.7428571430E+1           7.8738913377E+2           3.1628323003E+1           5.5962639741E+2           1.2324892527E+3          
02/11/16                  11:15:15.5                4.1468929924E+1           1.7419642860E+1           7.8758048139E+2           2.8924107986E+1           6.5660023018E+2           -6.0999355200E+2         
02/11/16                  11:15:22.2                4.1469007800E+1           1.7390625000E+1           7.8719434151E+2           3.1089594714E+1           5.3677543819E+2           1.2807181820E+3          
02/11/16                  11:15:28.9                4.1469084985E+1           1.7375000000E+1           7.8724551633E+2           2.9886006586E+1           6.2634571344E+2           1.1781886027E+3          
02/11/16                  11:15:35.9                4.1469165560E+1           1.7366071430E+1           7.8719777765E+2           3.3503231466E+1           5.0368047356E+2           6.6050689309E+2          
02/11/16                  11:15:42.7                4.1469244364E+1           1.7321428570E+1           7.8721071165E+2           3.0172097512E+1           6.0264462090E+2           1.1935881481E+3          
02/11/16                  11:15:49.4                4.1469322510E+1           1.7291666670E+1           7.8718326388E+2           3.2507911737E+1           4.9193483080E+2           9.1994564442E+2          
02/11/16                  11:15:56.2                4.1469400731E+1           1.7250000000E+1           7.8606026444E+2           3.5399321215E+1           3.1877462968E+2           4.6600832180E+3          
02/11/16                  11:16:03.0                4.1469480105E+1           1.7241071430E+1           7.8666178943E+2           3.1457202394E+1           4.4400027193E+2           2.6420359234E+3          
02/11/16                  11:16:11.8                4.1469582090E+1           1.7196428570E+1           7.8716336879E+2           2.6842453170E+1           6.6875278641E+2           1.1219346883E+3          
02/11/16                  11:16:18.5                4.1469659147E+1           1.7166666670E+1           7.8717839352E+2           2.6980631464E+1           6.6233042619E+2           1.4640915794E+3          
02/11/16                  11:16:25.3                4.1469737469E+1           1.7116071430E+1           7.8719623905E+2           2.6159687717E+1           7.0620991992E+2           1.3610868854E+3          
02/11/16                  11:16:31.9                4.1469814511E+1           1.7125000000E+1           7.8708365519E+2           2.7667745535E+1           6.0503687693E+2           2.0415592428E+3          
02/11/16                  11:16:38.5                4.1469891101E+1           1.7125000000E+1           7.8693616663E+2           2.9025924374E+1           5.2667433651E+2           2.4450028516E+3          
02/11/16                  11:16:45.3                4.1469969891E+1           1.7089285710E+1           7.8739918656E+2           2.5582897302E+1           7.4923709591E+2           9.5891861189E+2          
02/11/16                  11:16:52.2                4.1470049527E+1           1.7062500000E+1           7.8748334609E+2           2.5691707423E+1           7.2052053344E+2           -4.6854192875E+2         
02/11/16                  11:16:59.1                4.1470129542E+1           1.7062500000E+1           7.8721149903E+2           2.6460444202E+1           6.8313150985E+2           1.9329208751E+3          
02/11/16                  11:17:06.2                4.1470210900E+1           1.7008928570E+1           7.8736250852E+2           2.4341716672E+1           8.1351360039E+2           7.8437014368E+2          
02/11/16                  11:17:12.8                4.1470288136E+1           1.6984375000E+1           7.8731538085E+2           2.5749343872E+1           7.5501427402E+2           1.4306314467E+3          
02/11/16                  11:17:19.5                4.1470365416E+1           1.6964285710E+1           7.8746057100E+2           2.5748089204E+1           7.3205310039E+2           1.1806891040E+3          
02/11/16                  11:17:28.5                4.1470469141E+1           1.7000000000E+1           7.8735582373E+2           2.5856260211E+1           7.6536571974E+2           1.3986974051E+3          
02/11/16                  11:17:35.3                4.1470548451E+1           1.7010416670E+1           7.8751806526E+2           2.5806588381E+1           7.7493873888E+2           1.0629420977E+3          
02/11/16                  11:17:42.0                4.1470625038E+1           1.7062500000E+1           7.8725380001E+2           2.7127568909E+1           6.5639448528E+2           1.9926916068E+3          
02/11/16                  11:17:48.6                4.1470701783E+1           1.7089285710E+1           7.8752445536E+2           2.4383225790E+1           8.6342151935E+2           -2.0505900281E+2         
02/11/16                  11:17:55.2                4.1470778381E+1           1.7125000000E+1           7.8785368779E+2           2.3657654723E+1           9.1589618464E+2           -3.7837447848E+2         
02/11/16                  11:18:02.3                4.1470860524E+1           1.7107142860E+1           7.8705995848E+2           2.5708369040E+1           7.4338757124E+2           2.8606838304E+3          
02/11/16                  11:18:09.0                4.1470937867E+1           1.7114583330E+1           7.8755722261E+2           2.4885411775E+1           8.5969471552E+2           6.1915951489E+2          
02/11/16                  11:18:15.5                4.1471013230E+1           1.7116071430E+1           7.8729596542E+2           2.9777770232E+1           5.8421446618E+2           1.7130301662E+3          
02/11/16                  11:18:21.9                4.1471087030E+1           1.7125000000E+1           7.8762958756E+2           2.5651408257E+1           8.2820409740E+2           6.7165710506E+2          
02/11/16                  11:18:28.5                4.1471164035E+1           1.7125000000E+1           7.8714242527E+2           2.7653499543E+1           6.5573879285E+2           2.7748853663E+3          
02/11/16                  11:18:35.2                4.1471241764E+1           1.7125000000E+1           7.8753290768E+2           2.5054016562E+1           8.3135494236E+2           1.2273164603E+3          
02/11/16                  11:18:44.1                4.1471343830E+1           1.7125000000E+1           7.8776593616E+2           2.3715718699E+1           8.5684168812E+2           3.3963857589E+2          
02/11/16                  11:18:50.7                4.1471420222E+1           1.7125000000E+1           7.8705743524E+2           2.7285157245E+1           5.8252122281E+2           2.7877609683E+3          
02/11/16                  11:18:57.1                4.1471494585E+1           1.7151785710E+1           7.8751279100E+2           2.5372842644E+1           7.6809955944E+2           1.0630732053E+3          
02/11/16                  11:19:03.7                4.1471571149E+1           1.7125000000E+1           7.8766366386E+2           2.4539097739E+1           8.0062245673E+2           1.0967255383E+3          
02/11/16                  11:19:10.3                4.1471647713E+1           1.7125000000E+1           7.8713981774E+2           2.7083524148E+1           6.1354882742E+2           3.2876420260E+3          
02/11/16                  11:19:17.1                4.1471726064E+1           1.7098214290E+1           7.8765183056E+2           2.4291265633E+1           7.9224037680E+2           6.6459725195E+2          
02/11/16                  11:19:23.6                4.1471801892E+1           1.7072916670E+1           7.8772029411E+2           2.2382563005E+1           9.4004817138E+2           1.2320945727E+3          
02/11/16                  11:19:30.2                4.1471878069E+1           1.7125000000E+1           7.8759261518E+2           2.4700599907E+1           7.6679323338E+2           1.0763515288E+3          
02/11/16                  11:19:36.8                4.1471954316E+1           1.7125000000E+1           7.8780495911E+2           2.4512685869E+1           8.2335250041E+2           6.0466701239E+2          
02/11/16                  11:19:43.5                4.1472031254E+1           1.7175000000E+1           7.8794424013E+2           2.3129445777E+1           9.2929685125E+2           -4.1999424236E+2         
02/11/16                  11:19:50.1                4.1472108336E+1           1.7178571430E+1           7.8760641947E+2           2.5503710641E+1           6.6779023441E+2           2.6030907996E+2          
02/11/16                  11:19:58.9                4.1472210513E+1           1.7187500000E+1           7.8791960277E+2           2.4547674175E+1           8.4317408267E+2           1.7962069574E+2          
02/11/16                  11:20:05.6                4.1472287894E+1           1.7187500000E+1           7.8768003335E+2           2.5695367554E+1           7.0338867935E+2           1.0059258938E+3          
02/11/16                  11:20:12.4                4.1472365887E+1           1.7178571430E+1           7.8744771812E+2           2.6772744982E+1           6.4996939074E+2           1.0002347757E+3          
02/11/16                  11:20:18.9                4.1472441099E+1           1.7151785710E+1           7.8752339595E+2           2.6016922592E+1           7.0286875758E+2           1.5939505862E+3          
02/11/16                  11:20:25.4                4.1472516731E+1           1.7166666670E+1           7.8743372576E+2           2.4729136463E+1           7.3057585062E+2           1.7163328841E+3          
02/11/16                  11:20:31.8                4.1472590440E+1           1.7125000000E+1           7.8771481486E+2           2.4921684281E+1           7.8378435684E+2           4.5844719666E+2          
02/11/16                  11:20:38.3                4.1472666556E+1           1.7166666670E+1           7.8775306172E+2           2.5254881541E+1           7.6670079700E+2           6.1605426428E+2          
02/11/16                  11:20:44.9                4.1472742475E+1           1.7223214290E+1           7.8727690426E+2           2.5787536602E+1           6.7999143484E+2           1.8839495961E+3          
02/11/16                  11:20:51.4                4.1472818194E+1           1.7218750000E+1           7.8718078696E+2           2.7420073067E+1           5.1940283743E+2           2.1177216347E+3          
02/11/16                  11:20:58.0                4.1472893979E+1           1.7250000000E+1           7.8743199163E+2           2.5486968182E+1           7.2806971404E+2           1.3037515208E+3          
02/11/16                  11:21:04.6                4.1472970543E+1           1.7294642860E+1           7.8753820406E+2           2.6661256228E+1           6.9710777262E+2           1.8616395586E+3          
02/11/16                  11:21:13.4                4.1473071811E+1           1.7339285710E+1           7.8734462928E+2           2.7852056692E+1           6.5709016047E+2           2.3799114056E+3          
02/11/16                  11:21:20.0                4.1473148474E+1           1.7364583330E+1           7.8753646008E+2           2.7445677962E+1           6.5931507081E+2           7.4997002831E+2          
02/11/16                  11:21:26.6                4.1473224739E+1           1.7375000000E+1           7.8711524665E+2           2.9481690848E+1           4.7928944342E+2           1.9709516669E+3          
02/11/16                  11:21:33.0                4.1473299476E+1           1.7364583330E+1           7.8773302521E+2           2.3943406995E+1           8.8271848890E+2           -6.7388593042E+2         
02/11/16                  11:21:39.5                4.1473374516E+1           1.7328125000E+1           7.8734418436E+2           2.7362264742E+1           6.1987731009E+2           9.5275656517E+2          
02/11/16                  11:21:46.1                4.1473450358E+1           1.7354166670E+1           7.8773111296E+2           2.5821803019E+1           7.4291025158E+2           1.6631406674E+2          
02/11/16                  11:21:52.6                4.1473526056E+1           1.7366071430E+1           7.8775009757E+2           2.6178878842E+1           7.3013208470E+2           3.3862961198E+2          
02/11/16                  11:21:59.1                4.1473601692E+1           1.7375000000E+1           7.8767145369E+2           2.6250807665E+1           7.3844752981E+2           3.7442050565E+2          
02/11/16                  11:22:05.6                4.1473676261E+1           1.7375000000E+1           7.8783791490E+2           2.5800414133E+1           7.8064389624E+2           -1.4469836302E+2         
02/11/16                  11:22:11.9                4.1473749635E+1           1.7375000000E+1           7.8751158732E+2           2.7897016395E+1           6.4628774395E+2           1.1152747974E+3          
02/11/16                  11:22:18.5                4.1473825881E+1           1.7375000000E+1           7.8753834479E+2           2.7772115570E+1           6.3071765137E+2           3.0606030828E+2          
02/11/16                  11:22:26.8                4.1473922006E+1           1.7312500000E+1           7.8736064146E+2           2.7327274985E+1           6.5637075206E+2           1.9798049343E+3          
02/11/16                  11:22:33.4                4.1473998605E+1           1.7312500000E+1           7.8727457551E+2           2.8905897611E+1           5.6524760931E+2           2.4189840433E+3          
02/11/16                  11:22:39.9                4.1474072986E+1           1.7258928570E+1           7.8728433910E+2           2.7191781761E+1           6.8237143122E+2           2.4753680320E+3          
02/11/16                  11:22:46.5                4.1474150271E+1           1.7250000000E+1           7.8777816882E+2           2.4644856018E+1           8.1426520280E+2           -2.9055294618E+2         
02/11/16                  11:22:53.1                4.1474226136E+1           1.7250000000E+1           7.8784739769E+2           2.5252370672E+1           8.0733449665E+2           -2.5633834812E+2         
02/11/16                  11:22:59.8                4.1474303465E+1           1.7250000000E+1           7.8725610805E+2           2.7522509137E+1           6.7454896930E+2           2.9348250941E+3          
02/11/16                  11:23:06.3                4.1474378740E+1           1.7177083330E+1           7.8761881942E+2           2.4259192121E+1           8.6847595307E+2           3.1051149241E+2          
02/11/16                  11:23:12.7                4.1474453588E+1           1.7125000000E+1           7.8746380132E+2           2.6183796010E+1           7.2481946044E+2           1.1350787404E+3          
02/11/16                  11:23:19.4                4.1474530518E+1           1.7125000000E+1           7.8783335463E+2           2.4678772537E+1           8.3504651298E+2           2.4190189625E+1          
02/11/16                  11:23:25.9                4.1474606449E+1           1.7125000000E+1           7.8764396993E+2           2.5789956089E+1           7.2231217954E+2           9.0788044284E+2          
02/11/16                  11:23:32.5                4.1474682650E+1           1.7104166670E+1           7.8752506325E+2           2.4720555077E+1           8.8052572559E+2           1.4397132075E+3          
02/11/16                  11:23:40.8                4.1474778845E+1           1.7135416670E+1           7.8773724774E+2           2.6470537321E+1           7.7618138187E+2           1.2479645462E+2          
02/11/16                  11:23:47.1                4.1474851510E+1           1.7169642860E+1           7.8722040271E+2           2.7288366775E+1           6.5334178430E+2           2.2369241801E+3          
02/11/16                  11:23:53.6                4.1474926835E+1           1.7197916670E+1           7.8746423224E+2           2.5712246276E+1           8.0037301274E+2           1.2914822639E+3          
02/11/16                  11:24:00.1                4.1475001679E+1           1.7197916670E+1           7.8760954566E+2           2.6403768774E+1           7.8080686807E+2           8.4034618327E+2          
02/11/16                  11:24:06.5                4.1475076090E+1           1.7234375000E+1           7.8752682752E+2           3.0118108865E+1           6.4851527450E+2           1.3333537659E+3          
02/11/16                  11:24:12.9                4.1475150038E+1           1.7260416670E+1           7.8740561282E+2           2.9186269994E+1           6.6749077322E+2           1.5523214521E+3          
02/11/16                  11:24:19.3                4.1475223883E+1           1.7303571430E+1           7.8755697620E+2           2.6488099989E+1           7.9762682683E+2           1.1071273250E+3          
02/11/16                  11:24:25.9                4.1475300070E+1           1.7333333330E+1           7.8747518701E+2           2.7784299077E+1           7.4209375645E+2           1.5288817562E+3          
02/11/16                  11:24:32.5                4.1475376264E+1           1.7366071430E+1           7.8731569955E+2           2.8105495216E+1           7.0139228691E+2           1.8287401498E+3          
02/11/16                  11:24:39.0                4.1475451831E+1           1.7375000000E+1           7.8717609232E+2           2.8613118938E+1           5.9619401081E+2           2.3869559928E+3          
02/11/16                  11:24:45.4                4.1475526005E+1           1.7375000000E+1           7.8746736222E+2           2.6284515842E+1           7.1112142801E+2           1.1342177720E+3          
02/11/16                  11:24:53.6                4.1475620923E+1           1.7375000000E+1           7.8778114189E+2           2.3919916459E+1           8.7454905971E+2           -8.2567405214E+2         
02/11/16                  11:25:00.2                4.1475696800E+1           1.7375000000E+1           7.8742805919E+2           2.4937553375E+1           7.9728383690E+2           1.8031845508E+3          
02/11/16                  11:25:06.7                4.1475773043E+1           1.7348214290E+1           7.8757068159E+2           2.4774828512E+1           7.7759331640E+2           6.0637345540E+2          
02/11/16                  11:25:13.3                4.1475848532E+1           1.7312500000E+1           7.8768147951E+2           2.4154878365E+1           9.0240775247E+2           2.6320614566E+2          
02/11/16                  11:25:19.7                4.1475923559E+1           1.7362500000E+1           7.8739678682E+2           2.5447630139E+1           7.4025865293E+2           7.8983960034E+2          
02/11/16                  11:25:26.3                4.1475999707E+1           1.7401785710E+1           7.8752558524E+2           2.5393556352E+1           7.8475677262E+2           8.9359947655E+2          
02/11/16                  11:25:32.9                4.1476075984E+1           1.7406250000E+1           7.8739831793E+2           2.4364448339E+1           8.4202379829E+2           8.7946241003E+2          
02/11/16                  11:25:39.5                4.1476152161E+1           1.7366071430E+1           7.8782215703E+2           2.4624191160E+1           8.1163465213E+2           -4.6594093724E+2         
02/11/16                  11:25:46.0                4.1476227429E+1           1.7416666670E+1           7.8720335919E+2           2.6745800664E+1           6.7458766232E+2           2.3443186815E+3          
02/11/16                  11:25:52.6                4.1476303429E+1           1.7390625000E+1           7.8753309424E+2           2.4272914901E+1           8.3313482166E+2           5.5551211938E+2          
02/11/16                  11:25:59.1                4.1476378552E+1           1.7321428570E+1           7.8765899250E+2           2.3730403552E+1           9.2432610762E+2           7.3999690503E+1          
02/11/16                  11:26:07.3                4.1476474507E+1           1.7312500000E+1           7.8758995187E+2           2.3955459387E+1           8.9051904714E+2           2.3112361368E+2          
02/11/16                  11:26:13.6                4.1476546307E+1           1.7302083330E+1           7.8776343209E+2           2.5302280383E+1           7.9015517490E+2           -8.1754344649E+2         
02/11/16                  11:26:19.7                4.1476616946E+1           1.7339285710E+1           7.8773752267E+2           2.4404012620E+1           8.0787831717E+2           -6.7184980692E+2         
02/11/16                  11:26:25.9                4.1476689143E+1           1.7333333330E+1           7.8724143196E+2           2.6713609081E+1           6.4097212273E+2           9.9177735022E+2          
02/11/16                  11:26:32.1                4.1476761287E+1           1.7333333330E+1           7.8727981711E+2           2.4959073369E+1           7.5485640842E+2           1.2421004109E+3          
02/11/16                  11:26:38.3                4.1476833166E+1           1.7322916670E+1           7.8757165461E+2           2.2953958445E+1           9.1606945137E+2           9.0745927722E+2          
02/11/16                  11:26:44.5                4.1476904447E+1           1.7364583330E+1           7.8745073754E+2           2.5164776442E+1           7.6621697081E+2           2.3862498231E+3          
02/11/16                  11:26:50.7                4.1476976079E+1           1.7375000000E+1           7.8727938202E+2           2.7872083439E+1           6.4122170136E+2           1.5339828614E+3          
02/11/16                  11:26:56.8                4.1477047156E+1           1.7375000000E+1           7.8750140937E+2           2.5142295678E+1           7.8602716484E+2           1.0244753977E+3          
02/11/16                  11:27:03.0                4.1477118312E+1           1.7375000000E+1           7.8745850550E+2           2.3620257912E+1           8.9646408753E+2           2.1373382267E+3          
02/11/16                  11:27:09.1                4.1477189505E+1           1.7375000000E+1           7.8731372658E+2           2.7034190370E+1           7.0019433185E+2           1.6486537600E+3          
02/11/16                  11:27:17.1                4.1477282352E+1           1.7322916670E+1           7.8749869828E+2           2.5889878101E+1           7.6924671064E+2           9.5747951360E+2          
02/11/16                  11:27:23.3                4.1477353780E+1           1.7312500000E+1           7.8730586076E+2           2.5629097020E+1           7.2261669012E+2           2.1205851572E+3          
02/11/16                  11:27:29.5                4.1477425492E+1           1.7339285710E+1           7.8727535232E+2           2.5454270883E+1           6.4555933844E+2           1.0974601799E+3          
02/11/16                  11:27:36.0                4.1477500523E+1           1.7375000000E+1           7.8756674468E+2           2.6972453296E+1           7.4747484714E+2           -1.3939045294E+1         
02/11/16                  11:27:42.3                4.1477573843E+1           1.7437500000E+1           7.8723558559E+2           2.8077335314E+1           6.1576135893E+2           1.7452867402E+3          
02/11/16                  11:27:48.6                4.1477646185E+1           1.7479166670E+1           7.8759740644E+2           2.5940134270E+1           7.0532073485E+2           -9.3144895489E+2         
02/11/16                  11:27:54.9                4.1477719542E+1           1.7526785710E+1           7.8722800921E+2           2.6195927741E+1           7.2143356734E+2           2.1376420799E+3          
02/11/16                  11:28:01.2                4.1477792573E+1           1.7520833330E+1           7.8749813352E+2           2.4416664460E+1           8.0782150678E+2           4.7401762597E+2          
02/11/16                  11:28:07.5                4.1477865622E+1           1.7562500000E+1           7.8752843758E+2           2.4652984594E+1           7.8146803213E+2           7.5173567073E+2          
02/11/16                  11:28:13.9                4.1477938943E+1           1.7562500000E+1           7.8740888358E+2           2.3174221923E+1           8.5671943581E+2           1.2361877585E+3          
02/11/16                  11:28:20.3                4.1478013086E+1           1.7552083330E+1           7.8752060627E+2           2.3996036235E+1           8.0211552462E+2           3.9852518405E+2          
02/11/16                  11:28:28.4                4.1478107059E+1           1.7562500000E+1           7.8717564987E+2           2.6804359581E+1           6.3174810413E+2           2.1546079453E+3          
02/11/16                  11:28:34.9                4.1478181741E+1           1.7562500000E+1           7.8715864564E+2           2.3427840638E+1           7.5382440898E+2           2.1627312030E+3          
02/11/16                  11:28:41.1                4.1478253556E+1           1.7562500000E+1           7.8749828832E+2           2.5914436101E+1           6.4718841924E+2           1.1305870667E+3          
02/11/16                  11:28:47.3                4.1478325995E+1           1.7562500000E+1           7.8733037426E+2           2.6185065971E+1           6.9517447629E+2           1.0622644059E+3          
02/11/16                  11:28:53.7                4.1478400276E+1           1.7562500000E+1           7.8700006239E+2           2.7503240419E+1           5.7387817156E+2           2.2659415314E+3          
02/11/16                  11:29:00.1                4.1478473897E+1           1.7583333330E+1           7.8786983700E+2           2.0852793262E+1           1.0383016401E+3           -1.4938581013E+3         
02/11/16                  11:29:06.1                4.1478543370E+1           1.7607142860E+1           7.8725473619E+2           2.3321338300E+1           7.8878131271E+2           1.5025643307E+3          
02/11/16                  11:29:12.4                4.1478616380E+1           1.7614583330E+1           7.8727437258E+2           2.5653251065E+1           7.1620919358E+2           2.1188917410E+3          
02/11/16                  11:29:18.8                4.1478689903E+1           1.7583333330E+1           7.8732892162E+2           2.5324930400E+1           6.9906228966E+2           9.7300590731E+2          
02/11/16                  11:29:25.1                4.1478762747E+1           1.7578125000E+1           7.8755986161E+2           2.4076522408E+1           8.5332401325E+2           4.0404058273E+2          
02/11/16                  11:29:31.4                4.1478836564E+1           1.7614583330E+1           7.8745455343E+2           2.5093092894E+1           7.1999150122E+2           5.7963311134E+2          
02/11/16                  11:29:39.7                4.1478932445E+1           1.7687500000E+1           7.8744899292E+2           2.5283513693E+1           7.0021475912E+2           1.1023233017E+3          
02/11/16                  11:29:46.2                4.1479007235E+1           1.7750000000E+1           7.8741151078E+2           2.4961099110E+1           7.8247913116E+2           1.3075152980E+3          
02/11/16                  11:29:52.2                4.1479077217E+1           1.7718750000E+1           7.8703367852E+2           2.7036424099E+1           6.4594539487E+2           2.7377745942E+3          
02/11/16                  11:29:58.4                4.1479149253E+1           1.7687500000E+1           7.8763729859E+2           2.4479638201E+1           8.1929422428E+2           -8.2591254626E+1         
02/11/16                  11:30:04.6                4.1479220978E+1           1.7700000000E+1           7.8762837458E+2           2.3908296831E+1           8.2729948353E+2           -2.8558709589E+2         
02/11/16                  11:30:10.9                4.1479293180E+1           1.7666666670E+1           7.8721881694E+2           2.5991766178E+1           7.0147025446E+2           2.8533977798E+3          
02/11/16                  11:30:17.2                4.1479366370E+1           1.7669642860E+1           7.8725515265E+2           2.6584932313E+1           6.8847904933E+2           8.1093957793E+2          
02/11/16                  11:30:23.8                4.1479442190E+1           1.7677083330E+1           7.8751460597E+2           2.4868531452E+1           7.9531792570E+2           6.9553173538E+1          
02/11/16                  11:30:30.3                4.1479518348E+1           1.7651785710E+1           7.8709056888E+2           2.6054718180E+1           6.7070629706E+2           1.8883880059E+3          
02/11/16                  11:30:36.7                4.1479592305E+1           1.7640625000E+1           7.8722866969E+2           2.7955052247E+1           6.4005669456E+2           1.4999907559E+3          
02/11/16                  11:30:43.1                4.1479666327E+1           1.7687500000E+1           7.8720147029E+2           2.7129533997E+1           6.4264070286E+2           1.8899646981E+3          
02/11/16                  11:30:51.2                4.1479760316E+1           1.7697916670E+1           7.8707229965E+2           2.7081362690E+1           5.9112274548E+2           2.1842613646E+3          
02/11/16                  11:30:57.2                4.1479829541E+1           1.7739583330E+1           7.8745847996E+2           2.5341598741E+1           7.6838557743E+2           3.0894900040E+2          
02/11/16                  11:31:03.3                4.1479899315E+1           1.7718750000E+1           7.8735885422E+2           2.6363532704E+1           6.5333951270E+2           1.3783983526E+3          
02/11/16                  11:31:09.4                4.1479970259E+1           1.7687500000E+1           7.8715592322E+2           2.6585715819E+1           6.7188054930E+2           1.7003144957E+3          
02/11/16                  11:31:15.4                4.1480040068E+1           1.7687500000E+1           7.8732001501E+2           2.4614627402E+1           7.4435100626E+2           7.9258690995E+2          
02/11/16                  11:31:21.6                4.1480111275E+1           1.7687500000E+1           7.8743261317E+2           2.5347653448E+1           7.3061478572E+2           8.1950410750E+2          
02/11/16                  11:31:27.4                4.1480178533E+1           1.7687500000E+1           7.8706278799E+2           2.5677838396E+1           6.8841494177E+2           1.9634085216E+3          
02/11/16                  11:31:33.4                4.1480247839E+1           1.7687500000E+1           7.8758688320E+2           2.3939471144E+1           8.5421251693E+2           -2.2769542189E+2         
02/11/16                  11:31:39.5                4.1480319125E+1           1.7718750000E+1           7.8707190105E+2           2.6172802146E+1           6.1659748600E+2           1.8305572162E+3          
02/11/16                  11:31:45.6                4.1480389311E+1           1.7750000000E+1           7.8703625893E+2           2.6142680991E+1           6.4867475010E+2           2.0507184157E+3          
02/11/16                  11:31:51.7                4.1480460170E+1           1.7812500000E+1           7.8755980250E+2           2.5762397582E+1           7.6091021041E+2           1.2009484171E+2          
02/11/16                  11:31:59.4                4.1480548631E+1           1.7812500000E+1           7.8754305055E+2           2.2927764966E+1           8.2293951667E+2           3.9622731357E+1          
02/11/16                  11:32:05.4                4.1480618542E+1           1.7875000000E+1           7.8714125416E+2           2.6616085694E+1           6.0283754414E+2           1.3998178239E+3          
02/11/16                  11:32:11.4                4.1480688202E+1           1.7895833330E+1           7.8699618835E+2           2.5818863008E+1           6.7291308707E+2           2.5710674111E+3          
02/11/16                  11:32:17.4                4.1480757473E+1           1.7916666670E+1           7.8781788929E+2           2.2588631603E+1           9.0683985503E+2           -2.1270716297E+3         
02/11/16                  11:32:23.4                4.1480827202E+1           1.7916666670E+1           7.8704541997E+2           2.5279727287E+1           7.1281493904E+2           1.6640138913E+3          
02/11/16                  11:32:29.3                4.1480895028E+1           1.7937500000E+1           7.8750584338E+2           2.5100577098E+1           7.0793251774E+2           2.7610477153E+2          
02/11/16                  11:32:35.0                4.1480960726E+1           1.7906250000E+1           7.8740782117E+2           2.4120433867E+1           7.8056842401E+2           2.7718644166E+2          
02/11/16                  11:32:41.0                4.1481030936E+1           1.7875000000E+1           7.8712074429E+2           2.6003312630E+1           6.7964064935E+2           2.0298930183E+3          
02/11/16                  11:32:47.1                4.1481100757E+1           1.7895833330E+1           7.8726423522E+2           2.4381690586E+1           7.3519722914E+2           1.0397286819E+3          
02/11/16                  11:32:52.9                4.1481168833E+1           1.7937500000E+1           7.8705992600E+2           2.7284415233E+1           5.9704711947E+2           1.4377252960E+3          
02/11/16                  11:32:58.9                4.1481237469E+1           1.7937500000E+1           7.8734153700E+2           2.5951151690E+1           6.7039048940E+2           1.4050680628E+3          
02/11/16                  11:33:06.4                4.1481324501E+1           1.7927083330E+1           7.8766559420E+2           2.3487918545E+1           7.8931330060E+2           -7.7913293944E+2         
02/11/16                  11:33:12.0                4.1481389586E+1           1.7875000000E+1           7.8723818979E+2           2.4901026576E+1           7.1095821456E+2           1.5700920522E+3          
02/11/16                  11:33:17.6                4.1481454474E+1           1.7895833330E+1           7.8721296060E+2           2.6694630975E+1           6.9204566830E+2           1.7289911472E+3          
02/11/16                  11:33:23.7                4.1481524400E+1           1.7864583330E+1           7.8754636399E+2           2.4777480780E+1           7.7205745650E+2           4.5825365061E+2          
02/11/16                  11:33:29.7                4.1481594026E+1           1.7843750000E+1           7.8734011397E+2           2.7254640452E+1           6.5446712037E+2           1.8872304816E+2          
02/11/16                  11:33:35.8                4.1481664688E+1           1.7822916670E+1           7.8726993112E+2           2.8595242497E+1           5.7260873170E+2           1.5738312282E+3          
02/11/16                  11:33:41.6                4.1481731736E+1           1.7875000000E+1           7.8735251073E+2           2.5358858521E+1           7.1559690790E+2           1.3556873029E+3          
02/11/16                  11:33:47.1                4.1481795325E+1           1.7875000000E+1           7.8736706321E+2           2.5315562145E+1           7.5109481908E+2           8.0640383940E+2          
02/11/16                  11:33:52.8                4.1481861579E+1           1.7875000000E+1           7.8748203386E+2           2.4328218224E+1           7.5295145404E+2           -2.5100551827E+2         
02/11/16                  11:33:58.6                4.1481928671E+1           1.7875000000E+1           7.8735148064E+2           2.5015335401E+1           7.4339642050E+2           1.1235772926E+3          
02/11/16                  11:34:04.5                4.1481997249E+1           1.7864583330E+1           7.8712637333E+2           2.5549427625E+1           6.9887348938E+2           2.0686541286E+3          
02/11/16                  11:34:12.2                4.1482086310E+1           1.7875000000E+1           7.8743724789E+2           2.2315333205E+1           8.6941047455E+2           6.6270529852E+2          
02/11/16                  11:34:18.0                4.1482153797E+1           1.7875000000E+1           7.8740330068E+2           2.5495060959E+1           6.8440118169E+2           4.5105073645E+2          
02/11/16                  11:34:23.6                4.1482217908E+1           1.7875000000E+1           7.8731916449E+2           2.4314311904E+1           7.3488631715E+2           2.1921571880E+3          
02/11/16                  11:34:29.2                4.1482283369E+1           1.7916666670E+1           7.8757731313E+2           2.3837691522E+1           8.2757631295E+2           -5.6769256296E+2         
02/11/16                  11:34:35.1                4.1482351337E+1           1.7979166670E+1           7.8736960407E+2           2.4361792006E+1           7.4163052386E+2           6.8273408040E+2          
02/11/16                  11:34:40.8                4.1482417610E+1           1.7979166670E+1           7.8685573378E+2           2.7719594825E+1           5.8220032643E+2           3.4273382164E+3          
02/11/16                  11:34:46.8                4.1482486782E+1           1.7989583330E+1           7.8729598420E+2           2.6964951788E+1           5.6555626231E+2           7.8963789042E+2          
02/11/16                  11:34:52.5                4.1482552157E+1           1.8000000000E+1           7.8720143806E+2           2.7875992273E+1           5.6935938022E+2           1.6047017197E+3          
02/11/16                  11:34:58.2                4.1482618342E+1           1.8000000000E+1           7.8712144370E+2           2.5455863523E+1           6.1388226013E+2           1.4235311883E+3          
02/11/16                  11:35:04.0                4.1482685782E+1           1.8000000000E+1           7.8756231692E+2           2.5966185773E+1           6.7391938969E+2           3.2723681167E+2          
02/11/16                  11:35:09.7                4.1482751269E+1           1.8000000000E+1           7.8725409131E+2           2.5540321888E+1           6.3094625309E+2           1.1871116709E+3          
02/11/16                  11:35:17.0                4.1482836620E+1           1.8031250000E+1           7.8748264799E+2           2.4196956366E+1           7.5824582734E+2           2.3180782766E+1          
02/11/16                  11:35:22.9                4.1482904707E+1           1.8041666670E+1           7.8748624494E+2           2.4541242513E+1           7.0758217061E+2           -1.0643870337E+2         
02/11/16                  11:35:28.9                4.1482973658E+1           1.8093750000E+1           7.8747286148E+2           2.4851346837E+1           7.0365181769E+2           2.1858625336E+2          
02/11/16                  11:35:34.7                4.1483040708E+1           1.8087500000E+1           7.8771574919E+2           2.4714206036E+1           7.0890431556E+2           -1.4340519199E+3         
02/11/16                  11:35:40.3                4.1483106481E+1           1.8125000000E+1           7.8719605043E+2           2.6786943301E+1           6.4461080104E+2           1.0327870946E+3          
