DATE                      TIME                      DAYS_SINCE_JAN            DAS_TEMP_(C)              BASELINE                  H2O                       D_1816                    D_DH                     
02/12/16                  18:33:56.1                4.2773566738E+1           2.7712500000E+1           7.8774818202E+2           2.5119212643E+1           7.6742040470E+2           2.2781990771E+3          
02/12/16                  18:34:03.2                4.2773648896E+1           2.7750000000E+1           7.8836828402E+2           2.3490362263E+1           1.0324098512E+3           8.4427152299E+2          
02/12/16                  18:34:12.7                4.2773758433E+1           2.7767857140E+1           7.8823328586E+2           2.2663227100E+1           9.5707923705E+2           7.3985780419E+2          
02/12/16                  18:34:19.4                4.2773836490E+1           2.7812500000E+1           7.8781058533E+2           2.5480120254E+1           8.1481208964E+2           3.2378831319E+3          
02/12/16                  18:34:26.0                4.2773912899E+1           2.7812500000E+1           7.8813670803E+2           2.5562416027E+1           8.6576240295E+2           1.0518060257E+3          
02/12/16                  18:34:32.8                4.2773990814E+1           2.7812500000E+1           7.8810302997E+2           2.2548847637E+1           9.4725614160E+2           1.5057883877E+3          
02/12/16                  18:34:39.3                4.2774066821E+1           2.7812500000E+1           7.8835971838E+2           2.1909562672E+1           1.0146765414E+3           -4.7808708743E+1         
02/12/16                  18:34:46.1                4.2774145786E+1           2.7866071430E+1           7.8850114344E+2           2.1213994726E+1           1.1323183681E+3           -3.8118431199E+2         
02/12/16                  18:34:52.8                4.2774222893E+1           2.7875000000E+1           7.8831864263E+2           2.3264049678E+1           9.6062302431E+2           8.5512180524E+2          
02/12/16                  18:34:59.6                4.2774301853E+1           2.7885416670E+1           7.8786714691E+2           2.6135345560E+1           7.1231616160E+2           2.3327932976E+3          
02/12/16                  18:35:06.4                4.2774380323E+1           2.7910714290E+1           7.8817816434E+2           2.5647425439E+1           8.0279021172E+2           1.1609320747E+3          
02/12/16                  18:35:12.9                4.2774454999E+1           2.7925000000E+1           7.8834039399E+2           2.2382136980E+1           9.3825269186E+2           4.5765171703E+2          
02/12/16                  18:35:19.6                4.2774533113E+1           2.7964285710E+1           7.8821444935E+2           2.4326578652E+1           8.9170061808E+2           9.3092999566E+2          
02/12/16                  18:35:28.9                4.2774640492E+1           2.8000000000E+1           7.8816189832E+2           2.4840875560E+1           9.0120520541E+2           1.7343070813E+3          
02/12/16                  18:35:35.7                4.2774719155E+1           2.8026785710E+1           7.8784450043E+2           2.7413598312E+1           6.7305852489E+2           1.8595515598E+3          
02/12/16                  18:35:42.4                4.2774796634E+1           2.8052083330E+1           7.8840170155E+2           2.4950796078E+1           8.8075660478E+2           -1.5682745339E+1         
02/12/16                  18:35:49.1                4.2774874334E+1           2.8062500000E+1           7.8775265199E+2           2.8501679854E+1           5.9101902167E+2           2.5652025933E+3          
02/12/16                  18:35:55.8                4.2774951918E+1           2.8062500000E+1           7.8761325119E+2           2.6418227991E+1           7.1742310480E+2           1.7807024978E+3          
02/12/16                  18:36:02.7                4.2775031661E+1           2.8071428570E+1           7.8782323545E+2           2.7571845115E+1           6.5942998013E+2           1.8726419121E+3          
02/12/16                  18:36:09.2                4.2775106738E+1           2.8125000000E+1           7.8815466032E+2           2.2381729060E+1           9.6957393992E+2           8.4871048696E+2          
02/12/16                  18:36:16.0                4.2775185315E+1           2.8125000000E+1           7.8784867630E+2           2.5795483574E+1           7.4173726725E+2           1.7770929790E+3          
02/12/16                  18:36:22.6                4.2775261737E+1           2.8151785710E+1           7.8775944178E+2           2.6040222086E+1           6.9010317400E+2           1.7879367287E+3          
02/12/16                  18:36:29.2                4.2775339100E+1           2.8187500000E+1           7.8666433919E+2           3.2361779855E+1           3.8005591107E+2           5.0972192458E+3          
02/12/16                  18:36:35.8                4.2775415012E+1           2.8187500000E+1           7.8766082330E+2           2.6889581768E+1           6.5160391311E+2           1.9823479692E+3          
02/12/16                  18:36:44.6                4.2775516314E+1           2.8187500000E+1           7.8792495771E+2           2.6151153743E+1           7.8187211930E+2           5.4665277182E+2          
02/12/16                  18:36:51.0                4.2775591111E+1           2.8196428570E+1           7.8754734313E+2           2.7001861220E+1           5.8172861648E+2           2.3832452360E+3          
02/12/16                  18:36:58.1                4.2775672539E+1           2.8232142860E+1           7.8783425609E+2           2.5656134857E+1           7.5296408141E+2           1.2924205135E+3          
02/12/16                  18:37:05.0                4.2775753396E+1           2.8232142860E+1           7.8759161209E+2           2.7890665590E+1           6.1540708950E+2           1.6701030989E+3          
02/12/16                  18:37:11.7                4.2775830383E+1           2.8250000000E+1           7.8780167837E+2           2.4621504694E+1           7.8450158463E+2           3.1637440421E+2          
02/12/16                  18:37:18.2                4.2775905805E+1           2.8250000000E+1           7.8778690452E+2           2.6527929129E+1           7.3988236464E+2           6.9487894484E+2          
02/12/16                  18:37:24.8                4.2775982147E+1           2.8250000000E+1           7.8764154112E+2           2.7450848044E+1           6.7623817310E+2           1.7811972626E+3          
02/12/16                  18:37:31.8                4.2776062545E+1           2.8250000000E+1           7.8826628659E+2           2.1369351942E+1           1.1134065429E+3           -1.7382043895E+3         
02/12/16                  18:37:38.1                4.2776135490E+1           2.8250000000E+1           7.8782061968E+2           2.5035193068E+1           8.2727553857E+2           4.6781828056E+2          
02/12/16                  18:37:44.7                4.2776212220E+1           2.8250000000E+1           7.8747364014E+2           2.5837996209E+1           7.1361183578E+2           8.4709546926E+2          
02/12/16                  18:37:51.7                4.2776293049E+1           2.8250000000E+1           7.8779188113E+2           2.4060924229E+1           8.5649217390E+2           3.4504318858E+1          
02/12/16                  18:38:00.7                4.2776397797E+1           2.8250000000E+1           7.8764474281E+2           2.4408539520E+1           8.4699370283E+2           -2.0203962762E+2         
02/12/16                  18:38:07.4                4.2776474917E+1           2.8250000000E+1           7.8779430192E+2           2.3619758943E+1           8.7945718116E+2           -4.0637628476E+2         
02/12/16                  18:38:14.2                4.2776553961E+1           2.8258928570E+1           7.8782037757E+2           2.3554381524E+1           8.6698040666E+2           -9.4882085224E+2         
02/12/16                  18:38:20.9                4.2776630857E+1           2.8267857140E+1           7.8750986173E+2           2.5220694168E+1           7.7923204889E+2           2.7343687082E+2          
02/12/16                  18:38:27.5                4.2776707209E+1           2.8250000000E+1           7.8709424432E+2           2.5447797269E+1           7.5874331984E+2           2.3187901752E+3          
02/12/16                  18:38:34.2                4.2776785620E+1           2.8250000000E+1           7.8738593639E+2           2.5045976932E+1           7.9734694117E+2           1.0837726918E+3          
02/12/16                  18:38:40.5                4.2776857818E+1           2.8223214290E+1           7.8718255786E+2           2.6085430751E+1           7.1948975982E+2           2.0121124098E+3          
02/12/16                  18:38:47.0                4.2776932901E+1           2.8208333330E+1           7.8717699585E+2           2.6399632652E+1           7.2618075863E+2           1.9910523890E+3          
02/12/16                  18:38:53.3                4.2777006649E+1           2.8187500000E+1           7.8604118161E+2           3.0997909571E+1           3.8379297154E+2           4.9761583196E+3          
02/12/16                  18:38:59.9                4.2777082308E+1           2.8187500000E+1           7.8677066756E+2           2.6802150442E+1           6.4101467232E+2           3.0120526533E+3          
02/12/16                  18:39:06.2                4.2777155483E+1           2.8166666670E+1           7.8738881431E+2           2.3565263055E+1           8.6011540030E+2           1.5938681148E+2          
02/12/16                  18:39:14.3                4.2777249920E+1           2.8145833330E+1           7.8728428391E+2           2.5173133612E+1           7.4015731900E+2           6.1717965737E+2          
02/12/16                  18:39:20.6                4.2777322523E+1           2.8125000000E+1           7.8708253721E+2           2.5378283408E+1           7.8935477462E+2           1.1561807482E+3          
02/12/16                  18:39:27.0                4.2777396030E+1           2.8125000000E+1           7.8710421618E+2           2.5260473466E+1           7.7172314139E+2           1.1296480790E+3          
02/12/16                  18:39:33.2                4.2777468576E+1           2.8114583330E+1           7.8736741187E+2           2.3328322746E+1           9.7506148661E+2           1.5686483006E+2          
02/12/16                  18:39:39.4                4.2777540289E+1           2.8125000000E+1           7.8674876820E+2           2.4282943342E+1           7.7967737859E+2           1.5330083587E+3          
02/12/16                  18:39:45.7                4.2777613186E+1           2.8104166670E+1           7.8665789720E+2           2.5839000768E+1           6.6677308909E+2           2.8166085381E+3          
02/12/16                  18:39:52.1                4.2777686752E+1           2.8080357140E+1           7.8693656801E+2           2.3407530963E+1           8.5219757049E+2           1.8901977415E+3          
02/12/16                  18:39:58.4                4.2777759650E+1           2.8083333330E+1           7.8721828681E+2           2.2863800486E+1           9.1604828364E+2           2.3228626774E+2          
02/12/16                  18:40:04.6                4.2777832074E+1           2.8062500000E+1           7.8704138442E+2           2.2134060298E+1           9.6332301887E+2           4.1264943014E+2          
02/12/16                  18:40:11.0                4.2777905285E+1           2.8075000000E+1           7.8696346772E+2           2.1428677254E+1           9.0780976184E+2           1.0425548272E+3          
02/12/16                  18:40:17.3                4.2777978128E+1           2.8062500000E+1           7.8659784782E+2           2.3332240898E+1           7.2703223200E+2           2.4230026885E+3          
02/12/16                  18:40:25.5                4.2778073431E+1           2.8052083330E+1           7.8559634020E+2           2.8857370173E+1           3.9324105319E+2           5.2790656686E+3          
02/12/16                  18:40:31.9                4.2778147817E+1           2.8017857140E+1           7.8719351676E+2           1.9405656868E+1           1.0849883065E+3           -8.0263439254E+2         
02/12/16                  18:40:38.3                4.2778221188E+1           2.8000000000E+1           7.8716748841E+2           2.0511432507E+1           1.0482006184E+3           -7.5584958894E+2         
02/12/16                  18:40:44.6                4.2778294653E+1           2.8000000000E+1           7.8664381319E+2           2.2971342768E+1           7.8718300022E+2           2.9622662779E+3          
02/12/16                  18:40:50.9                4.2778367318E+1           2.8000000000E+1           7.8693629480E+2           2.0521345235E+1           9.7665885178E+2           1.0131361879E+2          
02/12/16                  18:40:57.3                4.2778441481E+1           2.8000000000E+1           7.8667020803E+2           2.2988440098E+1           7.7425163605E+2           1.4048881339E+3          
02/12/16                  18:41:03.7                4.2778515864E+1           2.8000000000E+1           7.8678729878E+2           2.1583637718E+1           8.9606890587E+2           6.7567017699E+2          
02/12/16                  18:41:10.0                4.2778588073E+1           2.8000000000E+1           7.8682084652E+2           2.1316076299E+1           8.9447790707E+2           1.6984437838E+3          
02/12/16                  18:41:16.2                4.2778660701E+1           2.8000000000E+1           7.8715986511E+2           2.0190445817E+1           1.0290950381E+3           -9.1911510593E+2         
02/12/16                  18:41:22.5                4.2778733344E+1           2.8000000000E+1           7.8689216285E+2           2.1818699705E+1           8.8292807820E+2           5.7417877712E+2          
02/12/16                  18:41:28.8                4.2778805638E+1           2.8000000000E+1           7.8674117323E+2           2.2370774278E+1           8.4506188765E+2           9.9921010122E+2          
02/12/16                  18:41:36.9                4.2778900184E+1           2.8000000000E+1           7.8674272034E+2           2.2169515950E+1           8.0813186727E+2           1.2040539165E+3          
02/12/16                  18:41:43.2                4.2778972678E+1           2.8000000000E+1           7.8695156262E+2           1.9416543583E+1           9.8609177769E+2           -2.6389432491E+2         
02/12/16                  18:41:49.4                4.2779044343E+1           2.7955357140E+1           7.8643830782E+2           2.2979583450E+1           7.5531138036E+2           3.1079313087E+3          
02/12/16                  18:41:55.6                4.2779116081E+1           2.7937500000E+1           7.8669355477E+2           2.3939689594E+1           6.8607389385E+2           1.1056908604E+3          
02/12/16                  18:42:01.7                4.2779187229E+1           2.7937500000E+1           7.8621042740E+2           2.4828875169E+1           5.9178392477E+2           2.5262066829E+3          
02/12/16                  18:42:08.0                4.2779259884E+1           2.7947916670E+1           7.8646770386E+2           2.3770736406E+1           6.7231256415E+2           2.6212540137E+3          
02/12/16                  18:42:14.4                4.2779334179E+1           2.7955357140E+1           7.8662982996E+2           2.1313755060E+1           8.6135870502E+2           2.0161848696E+3          
02/12/16                  18:42:20.7                4.2779407049E+1           2.7979166670E+1           7.8643447578E+2           2.3075725528E+1           7.5705221419E+2           2.7918194197E+3          
02/12/16                  18:42:27.2                4.2779481639E+1           2.7947916670E+1           7.8684976701E+2           2.1746964435E+1           8.6385584978E+2           4.4798617577E+2          
02/12/16                  18:42:33.4                4.2779554213E+1           2.7937500000E+1           7.8681387377E+2           2.1017044637E+1           8.9599486011E+2           -1.7277301307E+2         
02/12/16                  18:42:39.6                4.2779625492E+1           2.7937500000E+1           7.8691116428E+2           2.0014390292E+1           1.0397331212E+3           -3.5541814782E+2         
02/12/16                  18:42:48.0                4.2779722267E+1           2.7937500000E+1           7.8647461390E+2           2.2307404431E+1           7.7489229789E+2           1.5803607730E+3          
02/12/16                  18:42:54.4                4.2779797031E+1           2.7937500000E+1           7.8626265505E+2           2.2639514004E+1           6.7218470711E+2           3.8245709542E+3          
02/12/16                  18:43:00.9                4.2779871674E+1           2.7937500000E+1           7.8684914696E+2           2.1715468097E+1           7.8760493235E+2           8.6201923133E+2          
02/12/16                  18:43:07.2                4.2779944984E+1           2.7937500000E+1           7.8670209153E+2           2.1802859006E+1           8.0215230681E+2           8.4688745329E+2          
02/12/16                  18:43:13.3                4.2780015779E+1           2.7937500000E+1           7.8695333766E+2           1.9381513402E+1           9.9020715715E+2           -9.6445247371E+2         
02/12/16                  18:43:19.7                4.2780089618E+1           2.7937500000E+1           7.8705485467E+2           2.0468639239E+1           9.3053753401E+2           -7.6208737669E+2         
02/12/16                  18:43:25.9                4.2780160956E+1           2.7937500000E+1           7.8680073549E+2           1.7950187625E+1           1.0711441307E+3           -2.7071176990E+1         
02/12/16                  18:43:32.2                4.2780234838E+1           2.7937500000E+1           7.8653976563E+2           2.1113978177E+1           7.6513699306E+2           9.3003422912E+2          
02/12/16                  18:43:38.8                4.2780311052E+1           2.7955357140E+1           7.8646720486E+2           2.1208759825E+1           7.6778242265E+2           2.7548520074E+3          
02/12/16                  18:43:45.4                4.2780386939E+1           2.7953125000E+1           7.8677341887E+2           1.9832063094E+1           9.3820691068E+2           5.9889054922E+2          
02/12/16                  18:43:51.6                4.2780459207E+1           2.7968750000E+1           7.8694197252E+2           1.8845209298E+1           1.0161807900E+3           -9.1209030045E+2         
02/12/16                  18:43:59.9                4.2780555091E+1           2.7968750000E+1           7.8702376696E+2           1.8709241826E+1           1.0703889046E+3           -8.1886872132E+2         
02/12/16                  18:44:06.4                4.2780630057E+1           2.7991071430E+1           7.8663704371E+2           2.1276463491E+1           7.8712504069E+2           3.3605135227E+2          
02/12/16                  18:44:12.7                4.2780702598E+1           2.8000000000E+1           7.8654933056E+2           2.2436805619E+1           7.5715197203E+2           2.5122786015E+3          
02/12/16                  18:44:18.9                4.2780774426E+1           2.8000000000E+1           7.8647875549E+2           2.2411489975E+1           6.9209908089E+2           1.4717413056E+3          
02/12/16                  18:44:25.3                4.2780848644E+1           2.8000000000E+1           7.8680237909E+2           1.8677607064E+1           9.9972521789E+2           -1.1921700079E+3         
02/12/16                  18:44:31.9                4.2780924830E+1           2.8000000000E+1           7.8644994583E+2           2.0221092398E+1           8.4813592984E+2           1.7495513824E+3          
02/12/16                  18:44:38.2                4.2780998271E+1           2.8000000000E+1           7.8687773726E+2           1.8061824257E+1           1.0200418896E+3           5.8000503134E+0          
02/12/16                  18:44:44.6                4.2781072493E+1           2.8000000000E+1           7.8676264831E+2           1.9959047088E+1           9.0454686007E+2           -1.6594565133E+2         
02/12/16                  18:44:51.2                4.2781148368E+1           2.8000000000E+1           7.8648708669E+2           2.2225185397E+1           7.5083012508E+2           1.9385018241E+3          
02/12/16                  18:44:57.7                4.2781224508E+1           2.8000000000E+1           7.8662653985E+2           2.0129932902E+1           8.2973933689E+2           1.1022619861E+2          
02/12/16                  18:45:04.2                4.2781299175E+1           2.8000000000E+1           7.8673169810E+2           2.1515982009E+1           7.8124174285E+2           1.5755896923E+3          
02/12/16                  18:45:12.5                4.2781394765E+1           2.7989583330E+1           7.8676823976E+2           1.9247686964E+1           9.2182018554E+2           -1.8177395592E+2         
02/12/16                  18:45:18.9                4.2781469191E+1           2.8000000000E+1           7.8672860921E+2           1.9010828610E+1           9.1551558286E+2           1.1593139326E+3          
02/12/16                  18:45:25.3                4.2781543499E+1           2.7979166670E+1           7.8664269859E+2           2.1329616926E+1           7.1878547024E+2           2.0902432624E+3          
02/12/16                  18:45:31.9                4.2781619839E+1           2.7991071430E+1           7.8670520902E+2           1.9758928386E+1           9.2343450455E+2           6.5229190782E+2          
02/12/16                  18:45:38.5                4.2781696125E+1           2.7953125000E+1           7.8648036453E+2           2.1856494541E+1           7.2961173252E+2           8.9740684921E+2          
02/12/16                  18:45:44.7                4.2781767379E+1           2.7968750000E+1           7.8680871621E+2           2.1333152855E+1           8.1087211835E+2           6.3453619792E+2          
02/12/16                  18:45:50.8                4.2781838781E+1           2.7989583330E+1           7.8651952856E+2           2.0368392023E+1           7.9039661507E+2           1.0984965662E+3          
02/12/16                  18:45:57.2                4.2781912547E+1           2.7991071430E+1           7.8650971219E+2           2.1741319630E+1           8.0863560126E+2           2.1725912723E+3          
02/12/16                  18:46:03.4                4.2781983942E+1           2.7989583330E+1           7.8662738886E+2           2.2212639216E+1           7.6493845014E+2           1.2563594200E+3          
02/12/16                  18:46:09.5                4.2782054551E+1           2.7937500000E+1           7.8674527549E+2           2.1784692749E+1           7.7685545775E+2           1.8218054773E+3          
02/12/16                  18:46:15.7                4.2782126873E+1           2.7937500000E+1           7.8668003134E+2           2.0631718766E+1           8.0589299562E+2           9.8816363654E+2          
02/12/16                  18:46:24.0                4.2782222318E+1           2.7989583330E+1           7.8651432064E+2           2.3633848872E+1           6.3993489866E+2           1.3366633856E+3          
02/12/16                  18:46:30.4                4.2782296856E+1           2.7958333330E+1           7.8645526483E+2           2.2702513127E+1           6.9917983424E+2           2.3662105292E+3          
02/12/16                  18:46:36.7                4.2782370336E+1           2.7947916670E+1           7.8642228077E+2           2.1355908221E+1           7.5488645519E+2           2.9016109209E+3          
02/12/16                  18:46:43.2                4.2782445545E+1           2.7937500000E+1           7.8652322823E+2           2.2391848615E+1           6.4612171953E+2           1.7753965086E+3          
02/12/16                  18:46:49.7                4.2782519739E+1           2.7979166670E+1           7.8684639891E+2           2.2961903450E+1           7.1023191795E+2           1.5259862664E+3          
02/12/16                  18:46:55.9                4.2782592280E+1           2.7979166670E+1           7.8629800158E+2           2.2664786216E+1           5.7578686762E+2           3.4802377211E+3          
02/12/16                  18:47:02.0                4.2782663148E+1           2.7979166670E+1           7.8681206944E+2           2.0848860896E+1           8.1752310425E+2           7.6344037655E+2          
02/12/16                  18:47:08.2                4.2782734863E+1           2.7979166670E+1           7.8523591104E+2           2.8403174564E+1           3.4542459533E+2           6.2925326029E+3          
02/12/16                  18:47:14.5                4.2782807799E+1           2.8000000000E+1           7.8643072615E+2           2.2904958221E+1           6.3957231520E+2           2.6758733729E+3          
02/12/16                  18:47:20.6                4.2782878350E+1           2.7958333330E+1           7.8674507777E+2           1.9638008566E+1           9.1288075794E+2           2.8413958372E+2          
02/12/16                  18:47:26.9                4.2782950673E+1           2.7937500000E+1           7.8671121053E+2           2.0594504604E+1           8.0141024669E+2           9.1796024277E+2          
02/12/16                  18:47:34.9                4.2783043318E+1           2.7937500000E+1           7.8669563764E+2           2.0324047361E+1           8.2272804178E+2           1.1488223158E+3          
02/12/16                  18:47:41.0                4.2783114335E+1           2.7937500000E+1           7.8663106853E+2           1.9399883797E+1           8.8630140859E+2           9.0236147389E+2          
02/12/16                  18:47:47.1                4.2783184818E+1           2.7947916670E+1           7.8681147974E+2           2.2184500633E+1           7.5882360845E+2           1.0346406605E+3          
02/12/16                  18:47:53.3                4.2783256127E+1           2.7991071430E+1           7.8693593235E+2           1.9290414117E+1           9.2925707050E+2           -7.1412134624E+2         
02/12/16                  18:47:59.5                4.2783327851E+1           2.8000000000E+1           7.8662298504E+2           2.2347712426E+1           7.0423658297E+2           1.2985138201E+3          
02/12/16                  18:48:05.7                4.2783399622E+1           2.8000000000E+1           7.8704355427E+2           1.9046532601E+1           9.7858083671E+2           -9.3584384570E+1         
02/12/16                  18:48:11.7                4.2783469471E+1           2.8010416670E+1           7.8666187034E+2           2.2212005429E+1           7.6576041390E+2           1.8091525981E+3          
02/12/16                  18:48:17.9                4.2783541048E+1           2.8000000000E+1           7.8638047356E+2           2.2393214562E+1           7.1891905622E+2           2.4796746010E+3          
02/12/16                  18:48:24.1                4.2783612488E+1           2.8000000000E+1           7.8647831989E+2           2.0786836092E+1           7.6066130766E+2           1.4171594822E+3          
02/12/16                  18:48:30.2                4.2783683645E+1           2.8000000000E+1           7.8629726370E+2           2.4401036158E+1           6.0254162955E+2           2.7934826430E+3          
02/12/16                  18:48:36.3                4.2783754156E+1           2.8000000000E+1           7.8685270250E+2           1.9745876036E+1           9.2296788099E+2           1.5431585770E+3          
02/12/16                  18:48:44.3                4.2783847218E+1           2.8000000000E+1           7.8680731226E+2           1.9052296145E+1           8.8232214218E+2           -6.2841397084E+2         
02/12/16                  18:48:50.6                4.2783919344E+1           2.8000000000E+1           7.8662355908E+2           1.9490849167E+1           8.5251711334E+2           4.9439334416E+2          
02/12/16                  18:48:56.6                4.2783988991E+1           2.8000000000E+1           7.8661091212E+2           2.2064786286E+1           7.0512597602E+2           8.7841035939E+2          
02/12/16                  18:49:02.8                4.2784061147E+1           2.8000000000E+1           7.8692856350E+2           1.8637144692E+1           9.4293036651E+2           5.4776858152E+2          
02/12/16                  18:49:08.9                4.2784131762E+1           2.8000000000E+1           7.8661108452E+2           1.9545830373E+1           8.3541023668E+2           2.0494095707E+3          
02/12/16                  18:49:14.9                4.2784201227E+1           2.8000000000E+1           7.8650598345E+2           2.1908381124E+1           6.7159603851E+2           2.3030242685E+3          
02/12/16                  18:49:21.0                4.2784271873E+1           2.8010416670E+1           7.8674525692E+2           2.1135463283E+1           7.7656612550E+2           1.6509625485E+3          
02/12/16                  18:49:27.1                4.2784342001E+1           2.8010416670E+1           7.8659269586E+2           2.1373019419E+1           7.2456001302E+2           1.0877030952E+3          
02/12/16                  18:49:33.1                4.2784411911E+1           2.8000000000E+1           7.8634226059E+2           2.1388034242E+1           6.8494416502E+2           2.4866634221E+3          
02/12/16                  18:49:39.1                4.2784481017E+1           2.8000000000E+1           7.8680408194E+2           2.1952493755E+1           7.2841183616E+2           4.0791501491E+2          
02/12/16                  18:49:45.2                4.2784551762E+1           2.8020833330E+1           7.8632948469E+2           2.1269776116E+1           7.1118954372E+2           3.8532191709E+3          
02/12/16                  18:49:53.2                4.2784644509E+1           2.8031250000E+1           7.8647698554E+2           2.1741458869E+1           6.8787170704E+2           2.0235396050E+3          
02/12/16                  18:49:59.4                4.2784716165E+1           2.8062500000E+1           7.8671522309E+2           1.9989061491E+1           8.1528523890E+2           4.1440707170E+2          
02/12/16                  18:50:05.8                4.2784789866E+1           2.8053571430E+1           7.8664148925E+2           2.1583263845E+1           7.1538915123E+2           1.1539918372E+3          
02/12/16                  18:50:11.9                4.2784860440E+1           2.8052083330E+1           7.8698612673E+2           1.8253520007E+1           1.0349391157E+3           -1.9347473086E+2         
02/12/16                  18:50:17.9                4.2784930178E+1           2.8062500000E+1           7.8671105352E+2           2.1978225550E+1           6.8403515517E+2           1.0995340262E+3          
02/12/16                  18:50:23.9                4.2784999970E+1           2.8062500000E+1           7.8706205463E+2           1.9458862831E+1           9.3440181180E+2           -9.5609159270E+2         
02/12/16                  18:50:29.9                4.2785069253E+1           2.8052083330E+1           7.8659997410E+2           2.1324279961E+1           7.3268447350E+2           1.6143281723E+3          
02/12/16                  18:50:36.0                4.2785139528E+1           2.8062500000E+1           7.8617593077E+2           2.1781173008E+1           6.6584489227E+2           3.2553051458E+3          
02/12/16                  18:50:42.0                4.2785208825E+1           2.8062500000E+1           7.8670449639E+2           1.8990405279E+1           8.4025471944E+2           6.5399203903E+1          
02/12/16                  18:50:47.9                4.2785276659E+1           2.8062500000E+1           7.8643289590E+2           2.2142233140E+1           5.9038624378E+2           2.0608782507E+3          
02/12/16                  18:50:54.1                4.2785349032E+1           2.8062500000E+1           7.8672878417E+2           2.1464159068E+1           7.7481625741E+2           8.2280813714E+2          
02/12/16                  18:51:01.8                4.2785438235E+1           2.8062500000E+1           7.8670949991E+2           2.0320885861E+1           7.7536625833E+2           -2.4482618612E+2         
02/12/16                  18:51:07.7                4.2785506914E+1           2.8062500000E+1           7.8639914878E+2           1.9108652458E+1           8.4743448251E+2           2.9778268974E+3          
02/12/16                  18:51:13.6                4.2785574567E+1           2.8062500000E+1           7.8691846872E+2           1.9502967267E+1           9.1662901795E+2           -2.7572052259E+2         
02/12/16                  18:51:19.5                4.2785642853E+1           2.8072916670E+1           7.8655838976E+2           2.0956821924E+1           7.0322503329E+2           1.3275443236E+3          
02/12/16                  18:51:25.5                4.2785712813E+1           2.8109375000E+1           7.8664055560E+2           2.2173143956E+1           6.7823329788E+2           1.1455616893E+3          
02/12/16                  18:51:31.7                4.2785784224E+1           2.8104166670E+1           7.8683040298E+2           2.0862602745E+1           8.3059573252E+2           8.3493740585E+2          
02/12/16                  18:51:37.6                4.2785852667E+1           2.8093750000E+1           7.8659077174E+2           2.2060241907E+1           6.6930739372E+2           8.6555272851E+2          
02/12/16                  18:51:43.7                4.2785923066E+1           2.8062500000E+1           7.8686152586E+2           2.0894776443E+1           7.8881003072E+2           2.3938277036E+2          
02/12/16                  18:51:49.5                4.2785989722E+1           2.8100000000E+1           7.8722456299E+2           1.7969976095E+1           1.0261786668E+3           -1.3577558529E+3         
02/12/16                  18:51:55.1                4.2786055343E+1           2.8109375000E+1           7.8654805835E+2           2.0317896007E+1           8.0136871897E+2           2.0443313345E+3          
02/12/16                  18:52:01.3                4.2786126848E+1           2.8093750000E+1           7.8665967572E+2           2.0278834373E+1           7.7804445849E+2           2.8200806726E+2          
02/12/16                  18:52:09.1                4.2786216716E+1           2.8062500000E+1           7.8677946504E+2           2.1249350576E+1           7.3332545081E+2           8.2383200390E+2          
02/12/16                  18:52:14.5                4.2786279663E+1           2.8062500000E+1           7.8629806001E+2           2.3569627122E+1           5.1871985519E+2           2.1689571225E+3          
02/12/16                  18:52:20.1                4.2786344562E+1           2.8062500000E+1           7.8680666097E+2           2.0864964108E+1           8.4409983508E+2           1.7317191615E+3          
02/12/16                  18:52:25.9                4.2786411238E+1           2.8062500000E+1           7.8673057299E+2           2.0735692558E+1           8.1580501992E+2           1.4468838179E+3          
02/12/16                  18:52:31.4                4.2786475564E+1           2.8083333330E+1           7.8706265455E+2           2.0441597196E+1           8.9184303084E+2           -5.4129876966E+2         
02/12/16                  18:52:37.3                4.2786543079E+1           2.8093750000E+1           7.8675958630E+2           2.0599143422E+1           7.9711729532E+2           1.6880667030E+3          
02/12/16                  18:52:43.1                4.2786610769E+1           2.8104166670E+1           7.8653513129E+2           2.1087349000E+1           7.0383281439E+2           2.2916885304E+3          
02/12/16                  18:52:49.1                4.2786680391E+1           2.8114583330E+1           7.8674268205E+2           2.1093080542E+1           7.6527546499E+2           1.0412727703E+3          
02/12/16                  18:52:55.1                4.2786749065E+1           2.8093750000E+1           7.8699925246E+2           1.8464469545E+1           9.8262863146E+2           -5.6045749773E+2         
02/12/16                  18:53:01.0                4.2786817347E+1           2.8062500000E+1           7.8689695212E+2           2.0025743838E+1           8.6818365386E+2           2.9920464093E+2          
02/12/16                  18:53:07.0                4.2786887340E+1           2.8075000000E+1           7.8655051109E+2           2.0371687353E+1           7.6007154605E+2           1.9359050544E+3          
02/12/16                  18:53:14.6                4.2786975275E+1           2.8072916670E+1           7.8691968915E+2           1.8932507363E+1           9.0650268781E+2           -2.2498798247E+2         
02/12/16                  18:53:20.4                4.2787042395E+1           2.8062500000E+1           7.8676689252E+2           1.8908951027E+1           8.7010292964E+2           6.1603323280E+2          
02/12/16                  18:53:26.3                4.2787110026E+1           2.8062500000E+1           7.8706181654E+2           1.9626696311E+1           8.9808050108E+2           -5.2753089561E+2         
02/12/16                  18:53:32.1                4.2787177399E+1           2.8062500000E+1           7.8676614221E+2           1.9688144550E+1           7.7483702777E+2           9.8644276662E+2          
02/12/16                  18:53:37.9                4.2787245345E+1           2.8062500000E+1           7.8663836411E+2           2.1797463351E+1           6.6210647039E+2           1.3317359115E+3          
02/12/16                  18:53:44.0                4.2787315904E+1           2.8062500000E+1           7.8670457578E+2           1.9863800078E+1           7.5069096511E+2           3.7312244448E+2          
02/12/16                  18:53:49.8                4.2787382691E+1           2.8062500000E+1           7.8680217516E+2           1.9272989173E+1           8.1423372928E+2           3.4390435738E+2          
02/12/16                  18:53:55.5                4.2787448437E+1           2.8062500000E+1           7.8673954728E+2           2.0221858433E+1           8.4705350019E+2           8.0402815376E+2          
02/12/16                  18:54:01.0                4.2787512499E+1           2.8062500000E+1           7.8659145432E+2           2.1379134203E+1           6.6858475561E+2           1.1965044107E+3          
02/12/16                  18:54:06.7                4.2787577768E+1           2.8062500000E+1           7.8725651598E+2           1.7200275368E+1           1.1002399560E+3           -1.4024318436E+3         
02/12/16                  18:54:12.5                4.2787645373E+1           2.8062500000E+1           7.8676808038E+2           1.8420614971E+1           8.8146704635E+2           1.1217591053E+2          
02/12/16                  18:54:20.2                4.2787733918E+1           2.8062500000E+1           7.8642072828E+2           2.0304565929E+1           7.4338707360E+2           1.6392891018E+3          
02/12/16                  18:54:25.6                4.2787796977E+1           2.8050000000E+1           7.8680901349E+2           2.0700248763E+1           7.5108280479E+2           7.4656168684E+2          
02/12/16                  18:54:31.1                4.2787860023E+1           2.8062500000E+1           7.8700493042E+2           1.7306357140E+1           9.6071783149E+2           -2.6629018637E+2         
02/12/16                  18:54:36.6                4.2787923866E+1           2.8062500000E+1           7.8667951684E+2           2.0356190556E+1           7.1302840300E+2           1.1801198793E+3          
02/12/16                  18:54:42.2                4.2787989382E+1           2.8062500000E+1           7.8661474089E+2           2.0863795288E+1           6.9489153844E+2           1.2041831394E+3          
02/12/16                  18:54:47.9                4.2788054777E+1           2.8062500000E+1           7.8655063126E+2           2.2195748205E+1           6.8919621264E+2           2.1075599326E+3          
02/12/16                  18:54:53.2                4.2788116825E+1           2.8041666670E+1           7.8692403661E+2           1.8627453512E+1           9.2777981859E+2           -5.1527459370E+2         
02/12/16                  18:54:58.6                4.2788179322E+1           2.8062500000E+1           7.8683614288E+2           1.9033703002E+1           8.4498300490E+2           9.0516739109E+2          
02/12/16                  18:55:04.1                4.2788242080E+1           2.8041666670E+1           7.8621097661E+2           2.3184059947E+1           5.1570316879E+2           2.8377269419E+3          
02/12/16                  18:55:09.5                4.2788304669E+1           2.8000000000E+1           7.8685939088E+2           1.8463219345E+1           9.5908219016E+2           1.8990725551E+3          
02/12/16                  18:55:15.0                4.2788368145E+1           2.8000000000E+1           7.8722056171E+2           1.7638339107E+1           1.0524011003E+3           -1.8107321658E+3         
02/12/16                  18:55:22.3                4.2788453092E+1           2.8010416670E+1           7.8677747173E+2           1.9324725634E+1           8.6186728928E+2           1.5565151831E+3          
02/12/16                  18:55:28.0                4.2788518841E+1           2.8012500000E+1           7.8674664931E+2           2.0324360977E+1           7.2627999407E+2           2.1542029664E+2          
02/12/16                  18:55:33.4                4.2788582107E+1           2.8000000000E+1           7.8669559433E+2           2.0049428319E+1           8.1452378041E+2           1.0157481601E+3          
02/12/16                  18:55:39.1                4.2788647260E+1           2.8000000000E+1           7.8701166135E+2           1.9848928083E+1           7.6317958301E+2           -6.2750259915E+2         
02/12/16                  18:55:44.8                4.2788713036E+1           2.8000000000E+1           7.8663010688E+2           2.0583426750E+1           6.9523113874E+2           1.0169688091E+3          
02/12/16                  18:55:50.2                4.2788776352E+1           2.8000000000E+1           7.8678294843E+2           1.8859109680E+1           8.6050732118E+2           4.2452035723E+2          
02/12/16                  18:55:55.9                4.2788842354E+1           2.8000000000E+1           7.8657657235E+2           2.0472749058E+1           7.1431057584E+2           2.2200588870E+3          
02/12/16                  18:56:01.3                4.2788904574E+1           2.8000000000E+1           7.8682521821E+2           1.7670209569E+1           8.7927160358E+2           1.2385845191E+2          
02/12/16                  18:56:06.6                4.2788966217E+1           2.8000000000E+1           7.8665181880E+2           2.1142575019E+1           7.1243221226E+2           7.1414354058E+2          
02/12/16                  18:56:11.8                4.2789026166E+1           2.8041666670E+1           7.8677251415E+2           1.8114463490E+1           9.6752133801E+2           9.5029073148E+2          
02/12/16                  18:56:17.2                4.2789089010E+1           2.8000000000E+1           7.8698523399E+2           1.6363968360E+1           1.1070079534E+3           -1.4946121166E+3         
02/12/16                  18:56:24.5                4.2789172705E+1           2.8000000000E+1           7.8667792574E+2           2.0843662629E+1           7.4005969028E+2           6.2004181167E+2          
02/12/16                  18:56:29.7                4.2789233316E+1           2.8000000000E+1           7.8645888862E+2           1.9913277857E+1           7.7464957403E+2           2.9007434877E+3          
02/12/16                  18:56:34.9                4.2789293028E+1           2.7989583330E+1           7.8707493664E+2           1.9087302097E+1           8.7503787249E+2           -1.9518859169E+3         
02/12/16                  18:56:40.2                4.2789354393E+1           2.8000000000E+1           7.8695028083E+2           1.7121048535E+1           9.9869842548E+2           -1.7913258851E+2         
02/12/16                  18:56:45.4                4.2789415361E+1           2.7979166670E+1           7.8668904344E+2           1.9236339826E+1           7.9469138893E+2           1.2358055322E+3          
02/12/16                  18:56:50.7                4.2789475770E+1           2.7975000000E+1           7.8708129008E+2           1.6637670229E+1           1.0798686377E+3           -1.1671938410E+3         
02/12/16                  18:56:55.9                4.2789536037E+1           2.7958333330E+1           7.8696660174E+2           2.0006613651E+1           8.9455425498E+2           5.3327524887E+2          
02/12/16                  18:57:01.3                4.2789598877E+1           2.7950000000E+1           7.8653098880E+2           2.1199486843E+1           6.4241331223E+2           1.3937469191E+3          
02/12/16                  18:57:06.8                4.2789662882E+1           2.7950000000E+1           7.8554038596E+2           2.6525141217E+1           3.6494404686E+2           5.6505725007E+3          
02/12/16                  18:57:12.0                4.2789723228E+1           2.7937500000E+1           7.8716397165E+2           1.9143997128E+1           9.5266643654E+2           -1.2564367188E+3         
02/12/16                  18:57:17.4                4.2789784871E+1           2.7937500000E+1           7.8667988056E+2           1.9207401537E+1           8.5573718155E+2           1.2877298705E+3          
02/12/16                  18:57:24.8                4.2789871231E+1           2.7975000000E+1           7.8723250030E+2           1.7037479595E+1           1.0377086683E+3           -1.7740174978E+3         
02/12/16                  18:57:30.0                4.2789931501E+1           2.7947916670E+1           7.8699810979E+2           1.8150441588E+1           9.0368167658E+2           -1.3853178339E+1         
02/12/16                  18:57:35.5                4.2789994539E+1           2.7975000000E+1           7.8668526656E+2           2.0953367516E+1           6.7377126093E+2           1.4384972176E+3          
02/12/16                  18:57:41.1                4.2790059141E+1           2.7958333330E+1           7.8663893265E+2           2.1735761557E+1           6.5912354711E+2           2.4931424049E+3          
02/12/16                  18:57:46.5                4.2790121982E+1           2.7979166670E+1           7.8703444265E+2           2.0478189424E+1           7.7437514901E+2           -1.0045949005E+3         
02/12/16                  18:57:51.6                4.2790181449E+1           2.7987500000E+1           7.8673344906E+2           2.0194218562E+1           7.1897373464E+2           1.0707433816E+2          
02/12/16                  18:57:56.7                4.2790240502E+1           2.7962500000E+1           7.8678197698E+2           2.0220716888E+1           8.4736166123E+2           1.6090132846E+3          
02/12/16                  18:58:01.9                4.2790299985E+1           2.7962500000E+1           7.8687858986E+2           1.9799474987E+1           8.1997619795E+2           4.7749470316E+2          
02/12/16                  18:58:07.1                4.2790360443E+1           2.7947916670E+1           7.8689377803E+2           1.9615916274E+1           7.8022779186E+2           9.2141334915E+2          
02/12/16                  18:58:12.2                4.2790419897E+1           2.7937500000E+1           7.8660357663E+2           2.0085010431E+1           7.6571319103E+2           1.1069440115E+3          
02/12/16                  18:58:17.4                4.2790479645E+1           2.7937500000E+1           7.8657844052E+2           1.9340918895E+1           8.1676048227E+2           2.2188319769E+3          
02/12/16                  18:58:24.5                4.2790561542E+1           2.7937500000E+1           7.8690301963E+2           1.8308836346E+1           9.2157037298E+2           -4.5801385003E+2         
02/12/16                  18:58:29.7                4.2790621820E+1           2.7937500000E+1           7.8670014588E+2           2.1355646352E+1           6.7048274008E+2           1.2681437443E+3          
02/12/16                  18:58:35.1                4.2790684055E+1           2.7937500000E+1           7.8695523842E+2           1.8236540624E+1           9.3256115619E+2           -1.6953735532E+2         
02/12/16                  18:58:40.5                4.2790747213E+1           2.7937500000E+1           7.8703732911E+2           1.8078573831E+1           9.1375528787E+2           -1.2926053441E+3         
02/12/16                  18:58:45.8                4.2790808844E+1           2.7937500000E+1           7.8682129931E+2           2.0093006078E+1           7.5361858341E+2           1.7969051120E+2          
02/12/16                  18:58:51.2                4.2790870408E+1           2.7937500000E+1           7.8721436770E+2           1.7611569282E+1           1.0475733821E+3           -1.9456752120E+3         
02/12/16                  18:58:56.3                4.2790930058E+1           2.7937500000E+1           7.8647324875E+2           2.1216450694E+1           6.9596635648E+2           2.6156176733E+3          
02/12/16                  18:59:01.5                4.2790989993E+1           2.7912500000E+1           7.8648963864E+2           2.0461693947E+1           6.8332202824E+2           1.8356487500E+3          
02/12/16                  18:59:06.7                4.2791050150E+1           2.7937500000E+1           7.8696479096E+2           1.9138631611E+1           8.0625198370E+2           -5.0873446540E+2         
02/12/16                  18:59:12.0                4.2791111207E+1           2.7937500000E+1           7.8652212428E+2           1.9748283102E+1           6.4557530320E+2           7.9629233997E+2          
02/12/16                  18:59:17.1                4.2791171174E+1           2.7900000000E+1           7.8693986394E+2           1.7843267261E+1           8.8437401298E+2           -6.8329293778E+2         
02/12/16                  18:59:24.1                4.2791251455E+1           2.7887500000E+1           7.8676890888E+2           1.9166372294E+1           8.0294543816E+2           3.2025108022E+2          
02/12/16                  18:59:29.3                4.2791311625E+1           2.7875000000E+1           7.8666802323E+2           1.7944500963E+1           8.5643185029E+2           1.0629445616E+3          
02/12/16                  18:59:34.5                4.2791371944E+1           2.7875000000E+1           7.8691807540E+2           1.6375280841E+1           1.0391146853E+3           3.6270751319E+1          
02/12/16                  18:59:39.6                4.2791431708E+1           2.7875000000E+1           7.8673240993E+2           1.7344080742E+1           9.5881789691E+2           8.2519602477E+2          
02/12/16                  18:59:44.8                4.2791490828E+1           2.7875000000E+1           7.8663575105E+2           1.9239975152E+1           8.0197274996E+2           3.6087774727E+2          
02/12/16                  18:59:49.9                4.2791549959E+1           2.7875000000E+1           7.8681812555E+2           1.7397108603E+1           9.3347041497E+2           5.4702707288E+2          
02/12/16                  18:59:54.9                4.2791608615E+1           2.7875000000E+1           7.8682943235E+2           1.9681851336E+1           6.9838147439E+2           -2.4467344700E+2         
02/12/16                  19:00:00.0                4.2791667577E+1           2.7875000000E+1           7.8687928520E+2           1.9795483049E+1           8.5335026862E+2           6.2659162061E+2          
02/12/16                  19:00:05.2                4.2791727009E+1           2.7887500000E+1           7.8655327896E+2           1.9179906002E+1           7.6244003290E+2           2.0090183762E+3          
02/12/16                  19:00:10.3                4.2791786096E+1           2.7875000000E+1           7.8666090667E+2           2.0422887330E+1           6.3529891241E+2           1.3830796759E+3          
02/12/16                  19:00:15.4                4.2791845689E+1           2.7875000000E+1           7.8653741113E+2           2.2460061002E+1           5.5592800386E+2           1.9733694942E+3          
02/12/16                  19:00:22.4                4.2791926248E+1           2.7875000000E+1           7.8692846525E+2           1.8793926958E+1           7.7599899087E+2           -6.0964234586E+2         
02/12/16                  19:00:27.5                4.2791985895E+1           2.7875000000E+1           7.8664509918E+2           2.3182376146E+1           6.1464957776E+2           1.8884152351E+3          
02/12/16                  19:00:32.7                4.2792045427E+1           2.7875000000E+1           7.8666947297E+2           1.9509934363E+1           7.4076635546E+2           7.7831152591E+2          
02/12/16                  19:00:37.8                4.2792104829E+1           2.7875000000E+1           7.8669289539E+2           1.9798102608E+1           6.8931870524E+2           1.7900343390E+3          
02/12/16                  19:00:43.1                4.2792166102E+1           2.7875000000E+1           7.8675183943E+2           1.8864377025E+1           8.3776346281E+2           7.3966415855E+2          
02/12/16                  19:00:48.3                4.2792225945E+1           2.7875000000E+1           7.8690618341E+2           2.0808955341E+1           7.0238454439E+2           -3.3391063273E+2         
02/12/16                  19:00:53.4                4.2792284841E+1           2.7875000000E+1           7.8672421210E+2           1.8015110451E+1           8.4165303120E+2           1.7105971268E+3          
02/12/16                  19:00:58.5                4.2792344575E+1           2.7875000000E+1           7.8656248013E+2           2.0975167691E+1           6.4013961117E+2           1.9021372047E+3          
02/12/16                  19:01:03.7                4.2792404489E+1           2.7875000000E+1           7.8667270010E+2           1.8720567936E+1           8.3330678846E+2           1.1783441609E+3          
02/12/16                  19:01:08.8                4.2792463825E+1           2.7875000000E+1           7.8694781543E+2           1.7405453356E+1           9.4602348662E+2           7.7036946162E+2          
02/12/16                  19:01:14.0                4.2792523482E+1           2.7887500000E+1           7.8650684965E+2           2.0983717466E+1           6.4156937076E+2           2.3248176051E+3          
02/12/16                  19:01:20.9                4.2792603983E+1           2.7887500000E+1           7.8696256903E+2           1.6411643102E+1           1.0785132446E+3           6.6170541059E+2          
02/12/16                  19:01:26.0                4.2792662792E+1           2.7875000000E+1           7.8680501749E+2           1.8529369240E+1           8.6232179174E+2           -9.2413668445E+1         
02/12/16                  19:01:31.1                4.2792721609E+1           2.7875000000E+1           7.8640842226E+2           1.9209267002E+1           7.5885521851E+2           2.3313731213E+3          
02/12/16                  19:01:36.2                4.2792780193E+1           2.7875000000E+1           7.8723411238E+2           1.7226936197E+1           9.5317398914E+2           -1.6552898964E+3         
02/12/16                  19:01:41.2                4.2792838927E+1           2.7875000000E+1           7.8692293851E+2           1.7109434275E+1           9.1055897934E+2           -4.1572366199E+2         
02/12/16                  19:01:46.3                4.2792897937E+1           2.7875000000E+1           7.8681980641E+2           1.9982347694E+1           7.4923276833E+2           3.8369123445E+2          
02/12/16                  19:01:51.4                4.2792956704E+1           2.7875000000E+1           7.8716108171E+2           1.8307269619E+1           9.3787822652E+2           -9.5276485122E+2         
02/12/16                  19:01:56.5                4.2793015538E+1           2.7875000000E+1           7.8656837714E+2           1.9198086085E+1           7.4518510362E+2           2.0341920678E+3          
02/12/16                  19:02:01.6                4.2793074408E+1           2.7875000000E+1           7.8669051673E+2           1.8370938640E+1           7.9920737135E+2           9.9209958608E+2          
02/12/16                  19:02:06.7                4.2793133420E+1           2.7875000000E+1           7.8651465351E+2           1.9794591932E+1           7.0266731602E+2           1.5722604535E+3          
02/12/16                  19:02:11.8                4.2793192431E+1           2.7875000000E+1           7.8701767411E+2           1.7239055414E+1           9.5373673514E+2           -7.6749663148E+2         
02/12/16                  19:02:18.7                4.2793272207E+1           2.7875000000E+1           7.8680092986E+2           1.8840326291E+1           7.6338295161E+2           7.6434496803E+2          
02/12/16                  19:02:23.7                4.2793330928E+1           2.7875000000E+1           7.8668441475E+2           1.9022471907E+1           7.6933972629E+2           1.2757407179E+3          
02/12/16                  19:02:28.8                4.2793389562E+1           2.7875000000E+1           7.8676827669E+2           1.8504029338E+1           8.2521238265E+2           1.0514910501E+3          
02/12/16                  19:02:33.9                4.2793448402E+1           2.7875000000E+1           7.8654914208E+2           2.0779160903E+1           6.0745704689E+2           1.2809231817E+3          
02/12/16                  19:02:39.0                4.2793507275E+1           2.7875000000E+1           7.8682169215E+2           1.8661792985E+1           7.8121834679E+2           7.2394663910E+2          
02/12/16                  19:02:44.1                4.2793566680E+1           2.7875000000E+1           7.8700944197E+2           1.6875779209E+1           1.0424851761E+3           -5.1880385874E+2         
02/12/16                  19:02:49.2                4.2793625381E+1           2.7875000000E+1           7.8661298381E+2           2.1532144536E+1           6.3595326856E+2           1.0833079503E+3          
02/12/16                  19:02:54.3                4.2793684148E+1           2.7887500000E+1           7.8667675599E+2           2.0624233387E+1           6.5231682834E+2           5.8410882707E+2          
02/12/16                  19:02:59.4                4.2793743155E+1           2.7875000000E+1           7.8671275902E+2           1.8229060401E+1           8.3526984315E+2           1.0188879584E+3          
02/12/16                  19:03:04.4                4.2793801920E+1           2.7890625000E+1           7.8650244936E+2           2.0131435544E+1           6.6946972686E+2           1.5153947464E+3          
02/12/16                  19:03:09.5                4.2793860922E+1           2.7887500000E+1           7.8671181869E+2           1.9177954658E+1           7.3245680156E+2           1.1630568896E+3          
02/12/16                  19:03:16.4                4.2793940718E+1           2.7887500000E+1           7.8618359755E+2           2.4375691089E+1           4.4489668726E+2           3.2622975073E+3          
02/12/16                  19:03:21.5                4.2793999397E+1           2.7875000000E+1           7.8638372441E+2           2.1327488708E+1           6.0523252539E+2           3.7122035619E+3          
02/12/16                  19:03:26.7                4.2794059776E+1           2.7875000000E+1           7.8668989660E+2           1.8361322334E+1           7.8632569715E+2           1.2843011653E+3          
02/12/16                  19:03:31.8                4.2794118914E+1           2.7887500000E+1           7.8680700507E+2           1.9412458384E+1           7.7465371620E+2           8.3632707968E+2          
02/12/16                  19:03:36.9                4.2794177755E+1           2.7895833330E+1           7.8653907627E+2           1.9875009764E+1           7.0179659101E+2           2.5034841404E+3          
02/12/16                  19:03:42.0                4.2794236955E+1           2.7900000000E+1           7.8645446934E+2           2.0410468328E+1           6.5233445618E+2           2.8849504717E+3          
02/12/16                  19:03:47.1                4.2794295940E+1           2.7875000000E+1           7.8687696015E+2           1.8668208609E+1           8.0437033628E+2           5.1939938554E+1          
02/12/16                  19:03:52.2                4.2794355048E+1           2.7887500000E+1           7.8661804438E+2           2.0554450879E+1           6.6934859664E+2           1.2473399379E+3          
02/12/16                  19:03:57.5                4.2794416046E+1           2.7875000000E+1           7.8682334158E+2           1.8625285744E+1           8.1175498864E+2           5.7006782429E+2          
02/12/16                  19:04:02.6                4.2794475478E+1           2.7875000000E+1           7.8693487889E+2           1.6680069029E+1           9.6764543389E+2           -3.0072308067E+2         
02/12/16                  19:04:07.7                4.2794534452E+1           2.7887500000E+1           7.8661036387E+2           1.7539636596E+1           8.6890902581E+2           -1.8227393314E+2         
02/12/16                  19:04:14.6                4.2794614488E+1           2.7875000000E+1           7.8617585431E+2           2.3153063109E+1           4.6954578789E+2           4.0824302478E+3          
02/12/16                  19:04:19.7                4.2794673048E+1           2.7875000000E+1           7.8673788002E+2           1.9895262401E+1           7.0400408879E+2           4.1847402930E+2          
02/12/16                  19:04:24.8                4.2794731869E+1           2.7875000000E+1           7.8671716156E+2           2.0791600426E+1           6.1848333312E+2           1.6213069441E+3          
02/12/16                  19:04:29.9                4.2794790834E+1           2.7875000000E+1           7.8667395308E+2           1.9322277076E+1           7.5754445615E+2           1.0351535804E+3          
02/12/16                  19:04:35.0                4.2794849877E+1           2.7895833330E+1           7.8700657389E+2           1.8974217180E+1           8.3616501530E+2           -4.8547006142E+2         
02/12/16                  19:04:40.1                4.2794908919E+1           2.7875000000E+1           7.8658601488E+2           2.1353454393E+1           6.4556894791E+2           9.8402958678E+2          
02/12/16                  19:04:45.2                4.2794967797E+1           2.7875000000E+1           7.8695429112E+2           1.9521093314E+1           7.6256814369E+2           -6.8798213266E+2         
02/12/16                  19:04:50.3                4.2795026723E+1           2.7887500000E+1           7.8689692832E+2           1.9326414662E+1           7.4775455857E+2           7.2858167155E+1          
02/12/16                  19:04:55.4                4.2795085800E+1           2.7900000000E+1           7.8662085029E+2           1.9951227127E+1           6.9247337533E+2           1.9496483786E+3          
02/12/16                  19:05:00.5                4.2795144952E+1           2.7875000000E+1           7.8631673437E+2           2.1263226573E+1           5.9041481917E+2           2.4221781224E+3          
02/12/16                  19:05:05.6                4.2795203792E+1           2.7875000000E+1           7.8678952429E+2           2.0151088416E+1           7.5043800587E+2           8.1107464900E+2          
02/12/16                  19:05:12.5                4.2795283944E+1           2.7875000000E+1           7.8698608062E+2           1.4213824613E+1           1.1502406573E+3           -1.2739572325E+3         
02/12/16                  19:05:17.6                4.2795342767E+1           2.7875000000E+1           7.8666604660E+2           1.7197674157E+1           8.7095656512E+2           1.0507476706E+3          
02/12/16                  19:05:22.6                4.2795401572E+1           2.7875000000E+1           7.8663276375E+2           2.0750306711E+1           6.5526511483E+2           1.3286474693E+3          
02/12/16                  19:05:27.7                4.2795460080E+1           2.7875000000E+1           7.8681680722E+2           1.8451601444E+1           7.8523461878E+2           1.3632937772E+3          
02/12/16                  19:05:32.8                4.2795519022E+1           2.7875000000E+1           7.8694757881E+2           1.8947816539E+1           6.9589584071E+2           -8.5287584554E+2         
02/12/16                  19:05:37.9                4.2795578122E+1           2.7875000000E+1           7.8668578165E+2           1.6953322237E+1           8.8958855051E+2           1.6557378260E+3          
02/12/16                  19:05:43.0                4.2795636781E+1           2.7925000000E+1           7.8679792161E+2           1.9907439095E+1           7.1391123995E+2           1.9443457384E+2          
02/12/16                  19:05:48.0                4.2795695515E+1           2.7925000000E+1           7.8665273856E+2           2.1346499654E+1           6.2091185282E+2           1.0680278363E+3          
02/12/16                  19:05:53.1                4.2795754168E+1           2.7900000000E+1           7.8705331979E+2           1.8526344778E+1           7.8365951423E+2           -1.0864471074E+3         
02/12/16                  19:05:58.2                4.2795812731E+1           2.7916666670E+1           7.8666697542E+2           1.8421903958E+1           8.1556121329E+2           1.4798016133E+3          
02/12/16                  19:06:03.3                4.2795871770E+1           2.7912500000E+1           7.8637600562E+2           2.1451190525E+1           6.3334716779E+2           2.7835628193E+3          
02/12/16                  19:06:10.2                4.2795952343E+1           2.7887500000E+1           7.8646037585E+2           2.2538245800E+1           5.0466078440E+2           1.3543855487E+3          
02/12/16                  19:06:15.3                4.2796011254E+1           2.7912500000E+1           7.8711807465E+2           1.9480771687E+1           7.9917214923E+2           -1.2822203258E+3         
02/12/16                  19:06:20.4                4.2796069937E+1           2.7875000000E+1           7.8689368581E+2           1.8380695620E+1           8.0222151585E+2           -3.0133636280E+2         
02/12/16                  19:06:25.5                4.2796128719E+1           2.7925000000E+1           7.8677894602E+2           1.8603260373E+1           7.4212754232E+2           1.0272649313E+3          
02/12/16                  19:06:30.6                4.2796187562E+1           2.7937500000E+1           7.8630150985E+2           2.1453206452E+1           5.6647813576E+2           2.5672668098E+3          
02/12/16                  19:06:35.7                4.2796246599E+1           2.7925000000E+1           7.8686735777E+2           1.9833005966E+1           7.7522832337E+2           -2.5110562884E+2         
02/12/16                  19:06:40.7                4.2796305275E+1           2.7912500000E+1           7.8644201876E+2           2.0040742945E+1           6.3986779077E+2           1.5504252107E+3          
02/12/16                  19:06:45.8                4.2796364207E+1           2.7875000000E+1           7.8675442918E+2           1.9140752847E+1           7.2727905813E+2           6.1536855987E+2          
02/12/16                  19:06:50.9                4.2796422991E+1           2.7900000000E+1           7.8669066488E+2           1.9624289469E+1           7.0486448127E+2           1.4641412317E+3          
02/12/16                  19:06:56.0                4.2796481943E+1           2.7916666670E+1           7.8650784109E+2           2.1331661918E+1           5.8954285424E+2           3.0914401127E+3          
02/12/16                  19:07:01.1                4.2796541031E+1           2.7925000000E+1           7.8640144578E+2           2.1927471349E+1           5.4373184656E+2           2.5774673298E+3          
02/12/16                  19:07:08.0                4.2796620906E+1           2.7937500000E+1           7.8694276697E+2           1.8406431282E+1           7.9834978087E+2           -2.5863260769E+2         
02/12/16                  19:07:13.0                4.2796679269E+1           2.7937500000E+1           7.8677780976E+2           2.0114405264E+1           6.7838777759E+2           1.1229901389E+3          
02/12/16                  19:07:18.1                4.2796738033E+1           2.7937500000E+1           7.8657207028E+2           2.0587241485E+1           6.9751903433E+2           1.8462979684E+3          
02/12/16                  19:07:23.2                4.2796796658E+1           2.7950000000E+1           7.8715319224E+2           1.8032793976E+1           8.5639997582E+2           -5.2536747348E+2         
02/12/16                  19:07:28.3                4.2796855357E+1           2.7937500000E+1           7.8676295705E+2           1.7515555198E+1           8.4786395636E+2           -6.1207167223E+2         
02/12/16                  19:07:33.3                4.2796914174E+1           2.7962500000E+1           7.8681851667E+2           1.5791778560E+1           9.6500760719E+2           -4.6121666475E+2         
02/12/16                  19:07:38.4                4.2796972821E+1           2.8000000000E+1           7.8694693375E+2           2.0110546464E+1           6.9902615541E+2           -1.7373608317E+2         
02/12/16                  19:07:43.5                4.2797031418E+1           2.8000000000E+1           7.8674107974E+2           2.0352138732E+1           6.6654911484E+2           9.0945773857E+2          
02/12/16                  19:07:48.5                4.2797090155E+1           2.7979166670E+1           7.8643779307E+2           2.0694102353E+1           6.3757656746E+2           2.1123701309E+3          
02/12/16                  19:07:53.6                4.2797148973E+1           2.7979166670E+1           7.8668042666E+2           2.1064609918E+1           6.1730299549E+2           9.3381625624E+2          
02/12/16                  19:07:58.7                4.2797207670E+1           2.7987500000E+1           7.8671735773E+2           1.3853992536E+1           1.1059358758E+3           6.9625914509E+2          
02/12/16                  19:08:05.6                4.2797287396E+1           2.7950000000E+1           7.8669176686E+2           2.0649252018E+1           6.2928693917E+2           6.6824819525E+2          
02/12/16                  19:08:10.6                4.2797345812E+1           2.7962500000E+1           7.8675821731E+2           1.9233526422E+1           7.1493047095E+2           3.0658266993E+2          
02/12/16                  19:08:15.7                4.2797404477E+1           2.7975000000E+1           7.8675929069E+2           1.8099188567E+1           8.0478554304E+2           6.2115394529E+2          
02/12/16                  19:08:20.8                4.2797463144E+1           2.7937500000E+1           7.8679031069E+2           1.6917439948E+1           8.9583028856E+2           1.8228447103E+3          
02/12/16                  19:08:25.8                4.2797521759E+1           2.7937500000E+1           7.8642143782E+2           2.1657740284E+1           5.7887534304E+2           1.9398909672E+3          
02/12/16                  19:08:30.9                4.2797580551E+1           2.7975000000E+1           7.8680532627E+2           1.9656816338E+1           6.9914526328E+2           2.7281404939E+1          
02/12/16                  19:08:36.0                4.2797638900E+1           2.8000000000E+1           7.8670267035E+2           1.9045325896E+1           7.5707332107E+2           8.6651277549E+2          
02/12/16                  19:08:41.0                4.2797697532E+1           2.7950000000E+1           7.8661739834E+2           1.9170852528E+1           7.7157698562E+2           2.1117746620E+3          
02/12/16                  19:08:46.1                4.2797756194E+1           2.7987500000E+1           7.8681769012E+2           1.9090501811E+1           6.8997804797E+2           -6.5630820034E+2         
02/12/16                  19:08:51.1                4.2797814672E+1           2.7937500000E+1           7.8694085569E+2           1.6424136303E+1           1.0493832314E+3           -6.0416948142E+2         
02/12/16                  19:08:56.2                4.2797873585E+1           2.7962500000E+1           7.8723196546E+2           1.6692619440E+1           1.0340836013E+3           -2.9555770752E+3         
02/12/16                  19:09:03.1                4.2797953412E+1           2.8000000000E+1           7.8650135686E+2           2.0657694113E+1           6.0988704244E+2           1.9466856088E+3          
02/12/16                  19:09:08.2                4.2798011975E+1           2.7962500000E+1           7.8689630960E+2           1.6934972320E+1           9.4243571697E+2           7.3398217922E+2          
02/12/16                  19:09:13.3                4.2798070682E+1           2.7975000000E+1           7.8686380770E+2           1.7535750000E+1           8.0599001338E+2           -2.1878964845E+2         
02/12/16                  19:09:18.3                4.2798129492E+1           2.7950000000E+1           7.8669998857E+2           1.9625810496E+1           7.0318989243E+2           7.2918574261E+2          
02/12/16                  19:09:23.4                4.2798188152E+1           2.7937500000E+1           7.8683306091E+2           1.8742377193E+1           7.4174058927E+2           -8.1053888788E+1         
02/12/16                  19:09:28.5                4.2798246991E+1           2.7937500000E+1           7.8665083087E+2           2.0120044867E+1           6.2363229455E+2           1.5536613693E+3          
02/12/16                  19:09:33.6                4.2798305708E+1           2.7937500000E+1           7.8689914274E+2           1.8723601539E+1           8.2202144157E+2           -1.0612012814E+3         
02/12/16                  19:09:38.6                4.2798364280E+1           2.7937500000E+1           7.8658222418E+2           1.9430296777E+1           7.2340832132E+2           1.6041698921E+3          
02/12/16                  19:09:43.7                4.2798423007E+1           2.7937500000E+1           7.8696628081E+2           1.7679826035E+1           8.4613866585E+2           -1.3392967617E+2         
02/12/16                  19:09:48.8                4.2798481631E+1           2.7937500000E+1           7.8656844206E+2           1.8379477102E+1           7.6435022291E+2           1.4761904422E+3          
02/12/16                  19:09:53.9                4.2798540558E+1           2.7937500000E+1           7.8674321002E+2           1.8278790967E+1           8.1770166461E+2           3.1442945222E+2          
02/12/16                  19:10:00.7                4.2798620339E+1           2.7950000000E+1           7.8668214083E+2           1.9671025509E+1           6.9555721380E+2           1.9651240749E+2          
02/12/16                  19:10:05.8                4.2798678794E+1           2.7937500000E+1           7.8660703454E+2           2.0298551273E+1           5.9035069351E+2           8.4980763274E+2          
02/12/16                  19:10:10.9                4.2798737354E+1           2.7937500000E+1           7.8676877807E+2           1.2443673940E+1           1.2465013059E+3           1.0299956444E+3          
02/12/16                  19:10:15.9                4.2798796295E+1           2.7937500000E+1           7.8669791168E+2           1.7808843520E+1           8.1003940369E+2           9.2438254982E+1          
02/12/16                  19:10:21.0                4.2798854824E+1           2.7937500000E+1           7.8685066237E+2           1.3288109346E+1           1.1210331843E+3           -2.0125984703E+1         
02/12/16                  19:10:26.1                4.2798913731E+1           2.7937500000E+1           7.8701759789E+2           1.8388500150E+1           7.9656703653E+2           -2.0198330193E+3         
02/12/16                  19:10:31.1                4.2798972173E+1           2.7937500000E+1           7.8713082301E+2           1.5582802777E+1           1.0272177580E+3           -1.4495723177E+3         
02/12/16                  19:10:36.2                4.2799030687E+1           2.7937500000E+1           7.8650199808E+2           1.8315756114E+1           7.1021176010E+2           2.5849391140E+3          
02/12/16                  19:10:41.3                4.2799089411E+1           2.7937500000E+1           7.8673660221E+2           1.7495445829E+1           8.2136573772E+2           1.2079121977E+3          
02/12/16                  19:10:46.3                4.2799148079E+1           2.7937500000E+1           7.8677081543E+2           1.7752023000E+1           7.5512578558E+2           -4.1276793213E+2         
02/12/16                  19:10:51.4                4.2799206901E+1           2.7906250000E+1           7.8646087426E+2           1.8871365818E+1           6.9147057545E+2           2.4385821896E+3          
02/12/16                  19:10:58.3                4.2799286684E+1           2.7925000000E+1           7.8656135928E+2           1.9188583706E+1           7.1268817538E+2           2.2252607017E+3          
02/12/16                  19:11:03.4                4.2799345123E+1           2.7937500000E+1           7.8666171859E+2           1.7525679382E+1           8.3226385704E+2           7.1641878640E+2          
02/12/16                  19:11:08.4                4.2799403704E+1           2.7925000000E+1           7.8666536775E+2           1.9309826806E+1           7.0265555636E+2           1.3622072437E+3          
02/12/16                  19:11:13.5                4.2799462505E+1           2.7900000000E+1           7.8697725352E+2           1.4826894645E+1           1.0882225819E+3           1.2472499095E+2          
02/12/16                  19:11:18.6                4.2799521134E+1           2.7875000000E+1           7.8651366129E+2           1.8608612494E+1           7.0813948771E+2           1.9215007586E+3          
02/12/16                  19:11:23.6                4.2799579853E+1           2.7887500000E+1           7.8654713464E+2           1.8941711675E+1           7.0862734298E+2           1.9257877303E+3          
02/12/16                  19:11:28.7                4.2799638478E+1           2.7900000000E+1           7.8653895977E+2           1.6139785252E+1           8.8593945396E+2           2.8820677458E+3          
02/12/16                  19:11:33.8                4.2799697065E+1           2.7937500000E+1           7.8678793360E+2           1.3219948267E+1           1.1669314495E+3           1.2848837553E+3          
02/12/16                  19:11:38.8                4.2799755750E+1           2.7925000000E+1           7.8667579503E+2           1.7224924145E+1           9.2387921193E+2           2.5003824424E+2          
02/12/16                  19:11:43.9                4.2799814398E+1           2.7895833330E+1           7.8684893874E+2           1.7181604882E+1           8.7990690495E+2           7.1779985480E+2          
02/12/16                  19:11:49.0                4.2799873260E+1           2.7937500000E+1           7.8661436454E+2           1.8249176965E+1           7.5614139227E+2           1.1155321550E+3          
02/12/16                  19:11:55.9                4.2799953080E+1           2.7912500000E+1           7.8669858743E+2           1.8819614092E+1           7.0562345927E+2           5.8712761683E+2          
02/12/16                  19:12:01.0                4.2800011607E+1           2.7900000000E+1           7.8711580464E+2           1.6884000522E+1           1.0163620736E+3           -2.4942222721E+3         
02/12/16                  19:12:06.0                4.2800070154E+1           2.7887500000E+1           7.8658760005E+2           1.9885196584E+1           6.1581206784E+2           9.3816254917E+2          
02/12/16                  19:12:11.1                4.2800128754E+1           2.7900000000E+1           7.8651038477E+2           1.7896797885E+1           7.7226730921E+2           1.2617194018E+3          
02/12/16                  19:12:16.2                4.2800187517E+1           2.7875000000E+1           7.8689995387E+2           1.7055385649E+1           8.7227613972E+2           -1.1294333752E+2         
02/12/16                  19:12:21.2                4.2800246421E+1           2.7900000000E+1           7.8677309869E+2           1.8293315660E+1           7.5250990516E+2           8.1280541087E+2          
02/12/16                  19:12:26.3                4.2800305059E+1           2.7887500000E+1           7.8679166093E+2           1.7892437692E+1           8.1249752846E+2           1.8843390642E+3          
02/12/16                  19:12:31.4                4.2800363593E+1           2.7875000000E+1           7.8672059935E+2           1.7623314648E+1           7.6746399661E+2           2.0481689039E+3          
02/12/16                  19:12:36.4                4.2800422196E+1           2.7887500000E+1           7.8660192354E+2           1.4210959442E+1           9.2153018782E+2           1.1389159836E+3          
02/12/16                  19:12:41.5                4.2800480940E+1           2.7875000000E+1           7.8670903245E+2           1.8634680005E+1           7.5889802579E+2           1.8107216789E+3          
02/12/16                  19:12:46.6                4.2800539733E+1           2.7875000000E+1           7.8654053253E+2           1.6883302162E+1           7.9822220391E+2           1.7544400977E+3          
02/12/16                  19:12:53.5                4.2800619666E+1           2.7875000000E+1           7.8693687528E+2           9.0611679128E+0           1.7670324831E+3           -3.1038043826E+2         
02/12/16                  19:12:58.6                4.2800678433E+1           2.7875000000E+1           7.8686171193E+2           1.7632366199E+1           8.0019952660E+2           3.2444743647E+2          
02/12/16                  19:13:03.6                4.2800737040E+1           2.7875000000E+1           7.8674412559E+2           1.9340715945E+1           6.9887334787E+2           4.1463766904E+2          
02/12/16                  19:13:08.7                4.2800795706E+1           2.7875000000E+1           7.8679673980E+2           1.7307309464E+1           7.1841401931E+2           -7.1549478096E+1         
02/12/16                  19:13:13.8                4.2800854374E+1           2.7875000000E+1           7.8703223221E+2           1.7335708980E+1           8.5975401052E+2           -2.5090463918E+3         
02/12/16                  19:13:18.8                4.2800913069E+1           2.7875000000E+1           7.8650312089E+2           1.9694238263E+1           5.9129249077E+2           2.4734972511E+3          
02/12/16                  19:13:23.9                4.2800971524E+1           2.7875000000E+1           7.8675812846E+2           1.8946443601E+1           6.6129225037E+2           7.7856944422E+2          
02/12/16                  19:13:29.0                4.2801030218E+1           2.7875000000E+1           7.8684609651E+2           1.8564326965E+1           7.2921178892E+2           -6.1311701112E+2         
02/12/16                  19:13:34.0                4.2801088868E+1           2.7875000000E+1           7.8680012021E+2           1.8582446621E+1           7.4358835513E+2           6.3914908007E+2          
02/12/16                  19:13:39.1                4.2801147594E+1           2.7875000000E+1           7.8708206183E+2           1.6089246930E+1           1.0285746598E+3           -1.2314772457E+3         
02/12/16                  19:13:44.2                4.2801206443E+1           2.7875000000E+1           7.8682862275E+2           1.6922688965E+1           8.7325357681E+2           6.5670427086E+2          
02/12/16                  19:13:51.1                4.2801286505E+1           2.7875000000E+1           7.8720214169E+2           1.4660453064E+1           1.1888082279E+3           -2.7681583122E+3         
02/12/16                  19:13:56.2                4.2801344962E+1           2.7862500000E+1           7.8689857273E+2           1.5552022841E+1           9.4350480451E+2           -4.7970184243E+1         
02/12/16                  19:14:01.2                4.2801403654E+1           2.7862500000E+1           7.8656882996E+2           1.8608612388E+1           7.2052318625E+2           1.6627178583E+3          
02/12/16                  19:14:06.3                4.2801462299E+1           2.7875000000E+1           7.8656698147E+2           1.6658959000E+1           8.1824479025E+2           1.9226110912E+3          
02/12/16                  19:14:11.4                4.2801521042E+1           2.7843750000E+1           7.8672370743E+2           1.8224234814E+1           7.8048567019E+2           7.4007746106E+2          
02/12/16                  19:14:16.5                4.2801580019E+1           2.7850000000E+1           7.8679997851E+2           1.6500533442E+1           8.5052946604E+2           8.4118096039E+2          
02/12/16                  19:14:21.5                4.2801638788E+1           2.7875000000E+1           7.8686031571E+2           1.9033920216E+1           6.5094196658E+2           -4.2697706035E+2         
02/12/16                  19:14:26.6                4.2801697290E+1           2.7862500000E+1           7.8700170144E+2           1.8068872423E+1           8.1745748672E+2           -4.6541654131E+2         
02/12/16                  19:14:31.7                4.2801755995E+1           2.7862500000E+1           7.8658351471E+2           1.8713703327E+1           6.5058872457E+2           1.7836838980E+3          
02/12/16                  19:14:36.7                4.2801814665E+1           2.7875000000E+1           7.8639400238E+2           1.7590848131E+1           6.9319923949E+2           2.7271089623E+3          
02/12/16                  19:14:41.8                4.2801873460E+1           2.7837500000E+1           7.8697755815E+2           1.6095390831E+1           9.0473368372E+2           -5.1777991974E+2         
02/12/16                  19:14:48.7                4.2801953284E+1           2.7862500000E+1           7.8670868977E+2           1.7794395353E+1           7.5858315785E+2           1.3440662212E+3          
02/12/16                  19:14:53.8                4.2802011846E+1           2.7875000000E+1           7.8642676989E+2           1.9425722176E+1           6.7645472028E+2           2.0163171190E+3          
02/12/16                  19:14:58.8                4.2802070401E+1           2.7862500000E+1           7.8683892354E+2           1.8716241710E+1           6.3671880152E+2           1.4097091703E+1          
02/12/16                  19:15:03.9                4.2802129296E+1           2.7850000000E+1           7.8680498912E+2           1.5872659892E+1           8.7150085558E+2           9.6938253078E+2          
02/12/16                  19:15:09.0                4.2802187896E+1           2.7812500000E+1           7.8680582731E+2           1.8156261497E+1           6.7942315432E+2           9.8360570479E+1          
02/12/16                  19:15:14.1                4.2802246757E+1           2.7825000000E+1           7.8669869478E+2           1.8300168727E+1           7.6074168303E+2           1.1958392310E+3          
02/12/16                  19:15:19.1                4.2802305169E+1           2.7825000000E+1           7.8677700634E+2           1.7290759792E+1           7.3402292250E+2           5.9584009229E+2          
02/12/16                  19:15:24.2                4.2802363974E+1           2.7850000000E+1           7.8666430417E+2           1.7787039724E+1           8.1910594321E+2           1.7117797410E+3          
02/12/16                  19:15:29.3                4.2802422718E+1           2.7850000000E+1           7.8671522900E+2           1.7658118377E+1           8.0977591403E+2           2.1235420619E+2          
02/12/16                  19:15:34.3                4.2802481442E+1           2.7875000000E+1           7.8686848514E+2           1.6661324507E+1           9.5777657389E+2           1.4476584669E+2          
02/12/16                  19:15:39.5                4.2802540513E+1           2.7875000000E+1           7.8668082797E+2           1.7891492877E+1           7.3914840108E+2           1.4330104622E+3          
02/12/16                  19:15:46.3                4.2802620218E+1           2.7875000000E+1           7.8673005163E+2           1.7479181301E+1           8.0163543288E+2           9.4695108187E+2          
02/12/16                  19:15:51.4                4.2802678703E+1           2.7875000000E+1           7.8643591967E+2           1.8577755721E+1           6.3237435167E+2           1.7091543693E+3          
02/12/16                  19:15:56.5                4.2802737396E+1           2.7875000000E+1           7.8669833434E+2           1.8878064130E+1           6.8063126267E+2           1.1746002769E+3          
02/12/16                  19:16:01.5                4.2802795905E+1           2.7875000000E+1           7.8684618554E+2           1.7426113381E+1           7.7423006277E+2           -2.6375780515E+2         
02/12/16                  19:16:06.6                4.2802854655E+1           2.7859375000E+1           7.8694427986E+2           1.6576333669E+1           8.3800365115E+2           -9.3944530068E+2         
02/12/16                  19:16:11.7                4.2802913295E+1           2.7875000000E+1           7.8668642649E+2           1.9597831779E+1           5.7475033100E+2           1.8625503170E+3          
02/12/16                  19:16:16.7                4.2802971765E+1           2.7875000000E+1           7.8684407916E+2           1.5774284209E+1           8.9925545388E+2           5.5020215566E+2          
02/12/16                  19:16:21.8                4.2803030382E+1           2.7875000000E+1           7.8620636913E+2           2.0592576229E+1           5.0454048638E+2           3.4786635652E+3          
02/12/16                  19:16:26.8                4.2803088996E+1           2.7875000000E+1           7.8654561787E+2           1.6166622356E+1           7.6008317646E+2           2.4982634037E+3          
02/12/16                  19:16:31.9                4.2803147652E+1           2.7875000000E+1           7.8683624928E+2           1.6018105003E+1           8.8303654909E+2           -1.3047445141E+2         
02/12/16                  19:16:37.0                4.2803206482E+1           2.7875000000E+1           7.8681696541E+2           1.3521299090E+1           1.1120185377E+3           -1.3186189700E+2         
02/12/16                  19:16:43.9                4.2803286394E+1           2.7887500000E+1           7.8702954945E+2           1.6605791605E+1           9.0415382213E+2           -1.6043847253E+3         
02/12/16                  19:16:49.0                4.2803344988E+1           2.7875000000E+1           7.8671421684E+2           1.7775971881E+1           7.2873028790E+2           8.7257227510E+2          
02/12/16                  19:16:54.0                4.2803403641E+1           2.7887500000E+1           7.8700626807E+2           1.5901530923E+1           9.5851906765E+2           -1.0680159923E+3         
02/12/16                  19:16:59.1                4.2803462353E+1           2.7875000000E+1           7.8671204747E+2           1.8283558650E+1           7.2134609467E+2           1.0819166162E+3          
02/12/16                  19:17:04.2                4.2803521017E+1           2.7875000000E+1           7.8669470724E+2           1.8170843975E+1           6.7002378350E+2           8.2901717742E+2          
02/12/16                  19:17:09.2                4.2803579783E+1           2.7875000000E+1           7.8671864943E+2           1.6818018406E+1           8.3744601890E+2           1.2791602722E+3          
02/12/16                  19:17:14.3                4.2803638274E+1           2.7875000000E+1           7.8698748086E+2           1.3822692777E+1           1.0628694260E+3           -1.6246548967E+3         
02/12/16                  19:17:19.4                4.2803696879E+1           2.7875000000E+1           7.8673557021E+2           1.5436263935E+1           8.7356427545E+2           5.5901148623E+2          
02/12/16                  19:17:24.4                4.2803755441E+1           2.7875000000E+1           7.8645502882E+2           1.1686819375E+1           1.1447832967E+3           3.6383075376E+3          
02/12/16                  19:17:29.5                4.2803814308E+1           2.7875000000E+1           7.8699470377E+2           1.7283871943E+1           7.6753860160E+2           -4.5680723380E+2         
02/12/16                  19:17:34.6                4.2803873213E+1           2.7875000000E+1           7.8666709841E+2           1.7849160593E+1           6.9743979522E+2           1.3028215113E+3          
02/12/16                  19:17:41.5                4.2803953056E+1           2.7875000000E+1           7.8683131688E+2           1.7513428100E+1           7.8469096443E+2           1.0128103304E+3          
02/12/16                  19:17:46.6                4.2804011679E+1           2.7875000000E+1           7.8655308328E+2           1.4452534619E+1           9.2404771524E+2           2.8623051674E+3          
02/12/16                  19:17:51.6                4.2804070475E+1           2.7875000000E+1           7.8650577281E+2           1.7538874366E+1           7.3459544407E+2           2.6908211307E+3          
02/12/16                  19:17:56.7                4.2804129215E+1           2.7875000000E+1           7.8678306020E+2           1.6019486461E+1           8.8655750690E+2           6.8865278478E+2          
02/12/16                  19:18:01.8                4.2804187822E+1           2.7875000000E+1           7.8726894814E+2           1.1593150494E+1           1.4804059653E+3           -4.2053940965E+3         
02/12/16                  19:18:06.9                4.2804246533E+1           2.7875000000E+1           7.8676658924E+2           1.8270696073E+1           6.9406419553E+2           7.2233814429E+2          
02/12/16                  19:18:11.9                4.2804304930E+1           2.7875000000E+1           7.8679036109E+2           1.6567261527E+1           8.0429167909E+2           -1.0023046902E+3         
02/12/16                  19:18:17.0                4.2804363507E+1           2.7875000000E+1           7.8702729742E+2           1.4981131995E+1           9.8553908476E+2           -2.0390776839E+3         
02/12/16                  19:18:22.0                4.2804422000E+1           2.7875000000E+1           7.8702137580E+2           1.5245745022E+1           9.7041919613E+2           -4.6607134349E+2         
02/12/16                  19:18:27.1                4.2804480802E+1           2.7875000000E+1           7.8659387670E+2           1.7480182106E+1           7.7832348852E+2           1.9034099478E+3          
02/12/16                  19:18:32.2                4.2804539635E+1           2.7875000000E+1           7.8667847730E+2           1.6520347475E+1           8.7622416105E+2           1.0347568906E+3          
02/12/16                  19:18:39.1                4.2804619374E+1           2.7875000000E+1           7.8689534877E+2           1.4578765769E+1           1.0424498981E+3           1.5890846551E+3          
02/12/16                  19:18:44.1                4.2804677935E+1           2.7875000000E+1           7.8662604096E+2           1.7732341876E+1           7.9060945131E+2           2.1999331047E+3          
02/12/16                  19:18:49.2                4.2804736665E+1           2.7875000000E+1           7.8671329877E+2           1.8694118677E+1           7.0256844221E+2           1.4021906326E+3          
02/12/16                  19:18:54.3                4.2804795320E+1           2.7875000000E+1           7.8656504677E+2           1.8039019455E+1           6.8184097395E+2           7.8905779730E+2          
02/12/16                  19:18:59.3                4.2804853931E+1           2.7875000000E+1           7.8695703829E+2           1.7007478670E+1           7.8857092351E+2           -3.3536811236E+2         
02/12/16                  19:19:04.4                4.2804912707E+1           2.7875000000E+1           7.8656759243E+2           1.6572262750E+1           8.3171982371E+2           2.5673838809E+3          
02/12/16                  19:19:09.5                4.2804971195E+1           2.7875000000E+1           7.8699185563E+2           1.3716886634E+1           1.1505767455E+3           -7.1128991538E+2         
02/12/16                  19:19:14.5                4.2805029832E+1           2.7875000000E+1           7.8662495398E+2           1.7366349123E+1           7.3567467393E+2           1.0309509061E+3          
02/12/16                  19:19:19.6                4.2805088533E+1           2.7875000000E+1           7.8677741654E+2           1.6805132401E+1           8.4719478366E+2           1.0693068801E+3          
02/12/16                  19:19:24.7                4.2805147273E+1           2.7875000000E+1           7.8633492943E+2           2.0061347500E+1           5.3603869964E+2           3.1530670764E+3          
