DATE                      TIME                      DAYS_SINCE_JAN            DAS_TEMP_(C)              BASELINE                  H2O                       D_1816                    D_DH                     
06/21/16                  21:29:24.8                1.7285375989E+2           3.0062500000E+1           8.2433277073E+2           1.3442725171E+4           5.5159058264E+2           1.5717894266E+3          
06/21/16                  21:29:36.1                1.7285389058E+2           3.0062500000E+1           8.2328203598E+2           1.3434342772E+4           5.5304329466E+2           1.5795106106E+3          
06/21/16                  21:29:46.1                1.7285400685E+2           3.0062500000E+1           8.2517661444E+2           1.3409717056E+4           5.5654663608E+2           1.5660931647E+3          
06/21/16                  21:29:56.3                1.7285412499E+2           3.0062500000E+1           8.2391564082E+2           1.3458810439E+4           5.5183063758E+2           1.5644646668E+3          
06/21/16                  21:30:06.1                1.7285423822E+2           3.0062500000E+1           8.2387584477E+2           1.3445210249E+4           5.5215576677E+2           1.5698838279E+3          
06/21/16                  21:30:16.3                1.7285435598E+2           3.0062500000E+1           8.2545845774E+2           1.3461907233E+4           5.5074397135E+2           1.5566468167E+3          
06/21/16                  21:30:27.0                1.7285448012E+2           3.0062500000E+1           8.2443987334E+2           1.3439659806E+4           5.5215255988E+2           1.5726478420E+3          
06/21/16                  21:30:37.6                1.7285460201E+2           3.0062500000E+1           8.2529484826E+2           1.3463522667E+4           5.5082250743E+2           1.5540498370E+3          
06/21/16                  21:30:52.5                1.7285477453E+2           3.0062500000E+1           8.2434404257E+2           1.3463175140E+4           5.5295130483E+2           1.5578545361E+3          
06/21/16                  21:31:01.7                1.7285488105E+2           3.0062500000E+1           8.2377722609E+2           1.3469976653E+4           5.4959795042E+2           1.5578850143E+3          
06/21/16                  21:31:10.9                1.7285498819E+2           3.0068750000E+1           8.2365936867E+2           1.3470169676E+4           5.5012935433E+2           1.5650147069E+3          
06/21/16                  21:31:20.6                1.7285509965E+2           3.0062500000E+1           8.2384871106E+2           1.3482005719E+4           5.5165314134E+2           1.5610703653E+3          
06/21/16                  21:31:30.0                1.7285520936E+2           3.0071428570E+1           8.2401403670E+2           1.3489315351E+4           5.4967723484E+2           1.5557561277E+3          
06/21/16                  21:31:41.1                1.7285533769E+2           3.0076923080E+1           8.2425190400E+2           1.3469883421E+4           5.5118646775E+2           1.5468994883E+3          
06/21/16                  21:31:51.9                1.7285546216E+2           3.0069444440E+1           8.2350488736E+2           1.3460922400E+4           5.5060502782E+2           1.5592930538E+3          
06/21/16                  21:32:01.0                1.7285556747E+2           3.0062500000E+1           8.2366904148E+2           1.3506232967E+4           5.5018447504E+2           1.5524011868E+3          
06/21/16                  21:32:10.1                1.7285567341E+2           3.0062500000E+1           8.2369673747E+2           1.3517055229E+4           5.5037409760E+2           1.5512383965E+3          
06/21/16                  21:32:19.3                1.7285577982E+2           3.0062500000E+1           8.2354914832E+2           1.3514569955E+4           5.4994423577E+2           1.5569354195E+3          
06/21/16                  21:32:29.3                1.7285589573E+2           3.0062500000E+1           8.2408270431E+2           1.3510070211E+4           5.5116476380E+2           1.5401858571E+3          
06/21/16                  21:32:44.3                1.7285606858E+2           3.0068750000E+1           8.2316531711E+2           1.3505495077E+4           5.5134249006E+2           1.5412437581E+3          
06/21/16                  21:32:53.7                1.7285617728E+2           3.0062500000E+1           8.2276954930E+2           1.3556529053E+4           5.4654557295E+2           1.5384453923E+3          
06/21/16                  21:33:03.2                1.7285628794E+2           3.0062500000E+1           8.2332906999E+2           1.3558479509E+4           5.4967343963E+2           1.5312652375E+3          
06/21/16                  21:33:12.5                1.7285639487E+2           3.0062500000E+1           8.2264083096E+2           1.3506399933E+4           5.4852806452E+2           1.5353130913E+3          
06/21/16                  21:33:22.0                1.7285650477E+2           3.0062500000E+1           8.2250457865E+2           1.3513642101E+4           5.4890646284E+2           1.5480182806E+3          
06/21/16                  21:33:32.3                1.7285662390E+2           3.0062500000E+1           8.2287122962E+2           1.3533650693E+4           5.5103339033E+2           1.5357606770E+3          
06/21/16                  21:33:41.5                1.7285673073E+2           3.0062500000E+1           8.2139706299E+2           1.3584391118E+4           5.4664812911E+2           1.5301439553E+3          
06/21/16                  21:33:51.1                1.7285684242E+2           3.0073863640E+1           8.2229006920E+2           1.3571205036E+4           5.4443404572E+2           1.5364622185E+3          
06/21/16                  21:34:00.5                1.7285695059E+2           3.0085937500E+1           8.2265576070E+2           1.3544843455E+4           5.5182425157E+2           1.5381789349E+3          
06/21/16                  21:34:09.6                1.7285705627E+2           3.0085937500E+1           8.2193948243E+2           1.3524128889E+4           5.5135081045E+2           1.5413116471E+3          
06/21/16                  21:34:19.3                1.7285716880E+2           3.0062500000E+1           8.2195293102E+2           1.3585839255E+4           5.4474166379E+2           1.5214341686E+3          
06/21/16                  21:34:34.2                1.7285734119E+2           3.0075000000E+1           8.2129145935E+2           1.3544410288E+4           5.4709240975E+2           1.5243673050E+3          
06/21/16                  21:34:44.3                1.7285745823E+2           3.0083333330E+1           8.2086714125E+2           1.3582234710E+4           5.4399319252E+2           1.5260525790E+3          
06/21/16                  21:34:53.9                1.7285756925E+2           3.0076388890E+1           8.2080684421E+2           1.3576028003E+4           5.4643297685E+2           1.5295765132E+3          
06/21/16                  21:35:03.2                1.7285767685E+2           3.0068181820E+1           8.2154736713E+2           1.3594866497E+4           5.4795263203E+2           1.5264530804E+3          
06/21/16                  21:35:14.1                1.7285780260E+2           3.0078125000E+1           8.2134982614E+2           1.3617037728E+4           5.4583274714E+2           1.5252402250E+3          
06/21/16                  21:35:24.6                1.7285792363E+2           3.0062500000E+1           8.2109572171E+2           1.3604144770E+4           5.4743134123E+2           1.5186935952E+3          
06/21/16                  21:35:34.5                1.7285803867E+2           3.0068750000E+1           8.2073827137E+2           1.3651278572E+4           5.4582593313E+2           1.5243927452E+3          
06/21/16                  21:35:44.5                1.7285815460E+2           3.0075000000E+1           8.2118265329E+2           1.3641258662E+4           5.4354653542E+2           1.5090132704E+3          
06/21/16                  21:35:54.4                1.7285826948E+2           3.0075000000E+1           8.2100491267E+2           1.3628548600E+4           5.4549029559E+2           1.5122760112E+3          
06/21/16                  21:36:04.2                1.7285838200E+2           3.0089285710E+1           8.2084939339E+2           1.3636937426E+4           5.4535884757E+2           1.5188228406E+3          
06/21/16                  21:36:13.9                1.7285849430E+2           3.0081250000E+1           8.2078191242E+2           1.3637797307E+4           5.4310954167E+2           1.5034530690E+3          
06/21/16                  21:36:27.7                1.7285865494E+2           3.0083333330E+1           8.2031815107E+2           1.3668455545E+4           5.4298278296E+2           1.4969927636E+3          
06/21/16                  21:36:36.9                1.7285876151E+2           3.0093750000E+1           8.1954716156E+2           1.3655061949E+4           5.4424009774E+2           1.4995541271E+3          
06/21/16                  21:36:46.8                1.7285887576E+2           3.0083333330E+1           8.2017193468E+2           1.3683574124E+4           5.4468595057E+2           1.5029146179E+3          
06/21/16                  21:36:56.4                1.7285898614E+2           3.0113636360E+1           8.1998332639E+2           1.3688201178E+4           5.4249481241E+2           1.5022859924E+3          
06/21/16                  21:37:06.8                1.7285910689E+2           3.0107142860E+1           8.1981066898E+2           1.3705333867E+4           5.4055245282E+2           1.4989324912E+3          
06/21/16                  21:37:17.2                1.7285922762E+2           3.0107954550E+1           8.2081968135E+2           1.3681468092E+4           5.4423780643E+2           1.4867846770E+3          
06/21/16                  21:37:26.8                1.7285933876E+2           3.0118055560E+1           8.1993866071E+2           1.3723863202E+4           5.4036469970E+2           1.4909980517E+3          
06/21/16                  21:37:36.6                1.7285945186E+2           3.0093750000E+1           8.1899192557E+2           1.3700061964E+4           5.4245904529E+2           1.5025466724E+3          
06/21/16                  21:37:46.7                1.7285956911E+2           3.0118055560E+1           8.1964955027E+2           1.3704775851E+4           5.4180066486E+2           1.4922725833E+3          
06/21/16                  21:37:55.7                1.7285967250E+2           3.0109375000E+1           8.1986158204E+2           1.3715522042E+4           5.3801934758E+2           1.4869680437E+3          
06/21/16                  21:38:05.6                1.7285978786E+2           3.0100000000E+1           8.1939806130E+2           1.3721461872E+4           5.3956958850E+2           1.4843155605E+3          
06/21/16                  21:38:20.3                1.7285995807E+2           3.0102272730E+1           8.1911552102E+2           1.3756717149E+4           5.4154408555E+2           1.4807997595E+3          
06/21/16                  21:38:30.6                1.7286007658E+2           3.0118055560E+1           8.1883369137E+2           1.3768424754E+4           5.3871594412E+2           1.4813414663E+3          
06/21/16                  21:38:40.7                1.7286019399E+2           3.0125000000E+1           8.1835988995E+2           1.3755953620E+4           5.4142091273E+2           1.4883079982E+3          
06/21/16                  21:38:50.6                1.7286030790E+2           3.0118055560E+1           8.1917584680E+2           1.3787217882E+4           5.3948861585E+2           1.4774406839E+3          
06/21/16                  21:39:00.3                1.7286042066E+2           3.0109375000E+1           8.1863694368E+2           1.3753334264E+4           5.3900654489E+2           1.4854684740E+3          
06/21/16                  21:39:10.2                1.7286053497E+2           3.0125000000E+1           8.1877975201E+2           1.3782063819E+4           5.3545217360E+2           1.4675348206E+3          
06/21/16                  21:39:19.5                1.7286064258E+2           3.0125000000E+1           8.1854221646E+2           1.3774456986E+4           5.3801389999E+2           1.4764327040E+3          
06/21/16                  21:39:28.7                1.7286074940E+2           3.0125000000E+1           8.1810709384E+2           1.3820353995E+4           5.3342578869E+2           1.4727513450E+3          
06/21/16                  21:39:38.5                1.7286086329E+2           3.0112500000E+1           8.1851647331E+2           1.3771875734E+4           5.3725528122E+2           1.4754095465E+3          
06/21/16                  21:39:48.5                1.7286097840E+2           3.0097222220E+1           8.1871403927E+2           1.3776083015E+4           5.3668052554E+2           1.4710594522E+3          
06/21/16                  21:39:58.3                1.7286109227E+2           3.0111111110E+1           8.1802003061E+2           1.3741406404E+4           5.3574199062E+2           1.4619388463E+3          
06/21/16                  21:40:12.5                1.7286125610E+2           3.0075000000E+1           8.1689549105E+2           1.3734092384E+4           5.3589987760E+2           1.4655645482E+3          
06/21/16                  21:40:22.5                1.7286137233E+2           3.0068750000E+1           8.1447435856E+2           1.3702851834E+4           5.3056961313E+2           1.4752098535E+3          
06/21/16                  21:40:32.3                1.7286148542E+2           3.0090277780E+1           8.1494636865E+2           1.3725614124E+4           5.3101705093E+2           1.4760178247E+3          
06/21/16                  21:40:42.1                1.7286159944E+2           3.0079545450E+1           8.1613072761E+2           1.3751883219E+4           5.3043417582E+2           1.4670532373E+3          
06/21/16                  21:40:52.3                1.7286171709E+2           3.0085937500E+1           8.1609003701E+2           1.3781335022E+4           5.3190524968E+2           1.4639280500E+3          
06/21/16                  21:41:01.9                1.7286182764E+2           3.0076388890E+1           8.1587395075E+2           1.3753189809E+4           5.2997482449E+2           1.4499904257E+3          
06/21/16                  21:41:11.5                1.7286193913E+2           3.0068750000E+1           8.1410974925E+2           1.3706723730E+4           5.2938595089E+2           1.4684038541E+3          
06/21/16                  21:41:21.7                1.7286205770E+2           3.0068181820E+1           8.1387238207E+2           1.3755594997E+4           5.2889426244E+2           1.4719614162E+3          
06/21/16                  21:41:32.1                1.7286217739E+2           3.0062500000E+1           8.1492936369E+2           1.3809808065E+4           5.2773815093E+2           1.4627290728E+3          
06/21/16                  21:41:42.3                1.7286229561E+2           3.0062500000E+1           8.1430175994E+2           1.3798973324E+4           5.2871138917E+2           1.4656042714E+3          
06/21/16                  21:41:53.2                1.7286242178E+2           3.0062500000E+1           8.1388096246E+2           1.3788447217E+4           5.2691189367E+2           1.4599395727E+3          
06/21/16                  21:42:08.3                1.7286259701E+2           3.0062500000E+1           8.1152614095E+2           1.3802783990E+4           5.2258214443E+2           1.4665542246E+3          
06/21/16                  21:42:17.7                1.7286270492E+2           3.0062500000E+1           8.1205154933E+2           1.3774425512E+4           5.2489825915E+2           1.4625766386E+3          
06/21/16                  21:42:27.3                1.7286281702E+2           3.0062500000E+1           8.1175811968E+2           1.3754629969E+4           5.2646873108E+2           1.4699848516E+3          
06/21/16                  21:42:38.5                1.7286294602E+2           3.0068181820E+1           8.1197367020E+2           1.3780366467E+4           5.2306128387E+2           1.4614596150E+3          
06/21/16                  21:42:48.4                1.7286306125E+2           3.0062500000E+1           8.1348503892E+2           1.3805952158E+4           5.2150553333E+2           1.4548199007E+3          
06/21/16                  21:42:59.1                1.7286318414E+2           3.0062500000E+1           8.1318335260E+2           1.3807824031E+4           5.2239317465E+2           1.4473546364E+3          
06/21/16                  21:43:08.5                1.7286329321E+2           3.0062500000E+1           8.1174085477E+2           1.3740708096E+4           5.2504684537E+2           1.4536365131E+3          
06/21/16                  21:43:18.3                1.7286340666E+2           3.0062500000E+1           8.1269964866E+2           1.3781581648E+4           5.2634248510E+2           1.4481470691E+3          
06/21/16                  21:43:27.6                1.7286351444E+2           3.0062500000E+1           8.1247397995E+2           1.3788319029E+4           5.2288597702E+2           1.4485471354E+3          
06/21/16                  21:43:36.9                1.7286362168E+2           3.0062500000E+1           8.1180997529E+2           1.3796570364E+4           5.2211392957E+2           1.4560286831E+3          
06/21/16                  21:43:45.8                1.7286372488E+2           3.0062500000E+1           8.1229145246E+2           1.3820015697E+4           5.2369469957E+2           1.4421731106E+3          
06/21/16                  21:44:01.3                1.7286390422E+2           3.0062500000E+1           8.1193770373E+2           1.3872083451E+4           5.1757028524E+2           1.4294236455E+3          
06/21/16                  21:44:11.0                1.7286401678E+2           3.0062500000E+1           8.1127805743E+2           1.3841102533E+4           5.2230976307E+2           1.4353693131E+3          
06/21/16                  21:44:21.1                1.7286413418E+2           3.0068181820E+1           8.1160348802E+2           1.3840657676E+4           5.2264690709E+2           1.4358588843E+3          
06/21/16                  21:44:30.7                1.7286424530E+2           3.0062500000E+1           8.1117297658E+2           1.3877718037E+4           5.1927048768E+2           1.4339089936E+3          
06/21/16                  21:44:40.8                1.7286436149E+2           3.0062500000E+1           8.1169722387E+2           1.3844666113E+4           5.2026325439E+2           1.4330692750E+3          
06/21/16                  21:44:50.2                1.7286447076E+2           3.0069444440E+1           8.1130404277E+2           1.3839868668E+4           5.2125806567E+2           1.4246151792E+3          
06/21/16                  21:44:59.4                1.7286457720E+2           3.0068750000E+1           8.1069083063E+2           1.3873587296E+4           5.1878277420E+2           1.4298071902E+3          
06/21/16                  21:45:09.1                1.7286468878E+2           3.0062500000E+1           8.1082416974E+2           1.3885357058E+4           5.1795635472E+2           1.4311801121E+3          
06/21/16                  21:45:19.1                1.7286480479E+2           3.0075000000E+1           8.0875593346E+2           1.3901570805E+4           5.1667401689E+2           1.4509240243E+3          
06/21/16                  21:45:29.3                1.7286492348E+2           3.0062500000E+1           8.1065848949E+2           1.3853867787E+4           5.1771545311E+2           1.4271528353E+3          
06/21/16                  21:45:39.2                1.7286503814E+2           3.0068181820E+1           8.0991925095E+2           1.3830040218E+4           5.1726617685E+2           1.4201206560E+3          
06/21/16                  21:45:54.4                1.7286521386E+2           3.0062500000E+1           8.1030496452E+2           1.3868779303E+4           5.1481112200E+2           1.4137869203E+3          
06/21/16                  21:46:04.4                1.7286532959E+2           3.0062500000E+1           8.0996561370E+2           1.3861804778E+4           5.1796244487E+2           1.4228502831E+3          
06/21/16                  21:46:14.7                1.7286544894E+2           3.0062500000E+1           8.1068009889E+2           1.3923547076E+4           5.1428550558E+2           1.4134514741E+3          
06/21/16                  21:46:24.5                1.7286556136E+2           3.0062500000E+1           8.1038702231E+2           1.3913256421E+4           5.1558629617E+2           1.4166371131E+3          
06/21/16                  21:46:34.6                1.7286567874E+2           3.0062500000E+1           8.1033806483E+2           1.3974688764E+4           5.1066602153E+2           1.4094933700E+3          
06/21/16                  21:46:44.4                1.7286579268E+2           3.0062500000E+1           8.1053595895E+2           1.3925082545E+4           5.1601551760E+2           1.4067859175E+3          
06/21/16                  21:46:54.1                1.7286590505E+2           3.0062500000E+1           8.1039779252E+2           1.3962707126E+4           5.1297502325E+2           1.3974620035E+3          
06/21/16                  21:47:03.3                1.7286601072E+2           3.0068750000E+1           8.0987617327E+2           1.3954981980E+4           5.1339682951E+2           1.4045949530E+3          
06/21/16                  21:47:13.0                1.7286612367E+2           3.0062500000E+1           8.1028965378E+2           1.3972209317E+4           5.1182744598E+2           1.3974539091E+3          
06/21/16                  21:47:24.0                1.7286625013E+2           3.0062500000E+1           8.0959536313E+2           1.3913704051E+4           5.1415780177E+2           1.4078432301E+3          
06/21/16                  21:47:33.9                1.7286636479E+2           3.0081250000E+1           8.1060280249E+2           1.3923981744E+4           5.1122851996E+2           1.3892396537E+3          
06/21/16                  21:47:48.8                1.7286653742E+2           3.0083333330E+1           8.0939454100E+2           1.3990296866E+4           5.1046014416E+2           1.3847519595E+3          
06/21/16                  21:47:58.6                1.7286665145E+2           3.0062500000E+1           8.0961385258E+2           1.4017386244E+4           5.0888747219E+2           1.3791867732E+3          
06/21/16                  21:48:08.0                1.7286676029E+2           3.0062500000E+1           8.0906191470E+2           1.3971358055E+4           5.1144327920E+2           1.3859613440E+3          
06/21/16                  21:48:17.9                1.7286687497E+2           3.0068181820E+1           8.0895919390E+2           1.4022479627E+4           5.0870290266E+2           1.3798676755E+3          
06/21/16                  21:48:28.4                1.7286699626E+2           3.0085937500E+1           8.0891698184E+2           1.4029861488E+4           5.0542751096E+2           1.3809862586E+3          
06/21/16                  21:48:38.8                1.7286711596E+2           3.0100000000E+1           8.0878822317E+2           1.4037788244E+4           5.0621835098E+2           1.3730811683E+3          
06/21/16                  21:48:48.6                1.7286722992E+2           3.0112500000E+1           8.0846049225E+2           1.4004286597E+4           5.0987481265E+2           1.3797934860E+3          
06/21/16                  21:48:57.8                1.7286733638E+2           3.0125000000E+1           8.0814476481E+2           1.3993449392E+4           5.0605150985E+2           1.3766093046E+3          
06/21/16                  21:49:06.8                1.7286744091E+2           3.0118055560E+1           8.0883106428E+2           1.4021659944E+4           5.0926002054E+2           1.3744683910E+3          
06/21/16                  21:49:16.0                1.7286754706E+2           3.0125000000E+1           8.0863790086E+2           1.3990973621E+4           5.1217198235E+2           1.3821371885E+3          
06/21/16                  21:49:25.2                1.7286765371E+2           3.0125000000E+1           8.0862683016E+2           1.4010870147E+4           5.1028216353E+2           1.3728871134E+3          
06/21/16                  21:49:40.5                1.7286782997E+2           3.0106250000E+1           8.0824326543E+2           1.4066574362E+4           5.0362513045E+2           1.3575611568E+3          
06/21/16                  21:49:49.8                1.7286793816E+2           3.0125000000E+1           8.0798592129E+2           1.4048625234E+4           5.0582089515E+2           1.3656645052E+3          
06/21/16                  21:49:58.7                1.7286804090E+2           3.0125000000E+1           8.0792772149E+2           1.4023950337E+4           5.0681501799E+2           1.3637647863E+3          
06/21/16                  21:50:08.0                1.7286814855E+2           3.0125000000E+1           8.0801546131E+2           1.4002355514E+4           5.0787783698E+2           1.3618887575E+3          
06/21/16                  21:50:17.3                1.7286825615E+2           3.0125000000E+1           8.0811586143E+2           1.4012483518E+4           5.0681607099E+2           1.3578448736E+3          
06/21/16                  21:50:26.4                1.7286836134E+2           3.0125000000E+1           8.0756306618E+2           1.4033163520E+4           5.0435654302E+2           1.3482641092E+3          
06/21/16                  21:50:36.1                1.7286847391E+2           3.0118055560E+1           8.0766500255E+2           1.4066380032E+4           5.0423818761E+2           1.3503173362E+3          
06/21/16                  21:50:44.8                1.7286857508E+2           3.0125000000E+1           8.0799363373E+2           1.4047137770E+4           5.0511281623E+2           1.3493221757E+3          
06/21/16                  21:50:54.4                1.7286868574E+2           3.0125000000E+1           8.0760747634E+2           1.4081836662E+4           4.9984710953E+2           1.3494624256E+3          
06/21/16                  21:51:04.6                1.7286880337E+2           3.0125000000E+1           8.0744231686E+2           1.4106290637E+4           5.0227010419E+2           1.3515968245E+3          
06/21/16                  21:51:14.1                1.7286891329E+2           3.0125000000E+1           8.0778901504E+2           1.4079810753E+4           5.0827306932E+2           1.3435767720E+3          
06/21/16                  21:51:29.0                1.7286908652E+2           3.0125000000E+1           8.0746007034E+2           1.4156364621E+4           4.9731338541E+2           1.3226131659E+3          
06/21/16                  21:51:39.0                1.7286920192E+2           3.0125000000E+1           8.0666720783E+2           1.4125628528E+4           4.9881688855E+2           1.3356795692E+3          
06/21/16                  21:51:49.3                1.7286932153E+2           3.0125000000E+1           8.0707836695E+2           1.4075648570E+4           5.0216303685E+2           1.3378492228E+3          
06/21/16                  21:51:59.4                1.7286943825E+2           3.0125000000E+1           8.0673989724E+2           1.4071329155E+4           4.9900471103E+2           1.3323070397E+3          
06/21/16                  21:52:09.1                1.7286954980E+2           3.0125000000E+1           8.0631623546E+2           1.4032911284E+4           5.0194105999E+2           1.3350493292E+3          
06/21/16                  21:52:18.9                1.7286966329E+2           3.0125000000E+1           8.0643334104E+2           1.4086395555E+4           4.9895718844E+2           1.3202218105E+3          
06/21/16                  21:52:28.5                1.7286977527E+2           3.0125000000E+1           8.0659263124E+2           1.4121064279E+4           4.9756702131E+2           1.3198355332E+3          
06/21/16                  21:52:38.0                1.7286988460E+2           3.0125000000E+1           8.0688882157E+2           1.4110139012E+4           5.0039880785E+2           1.3206404587E+3          
06/21/16                  21:52:46.9                1.7286998748E+2           3.0125000000E+1           8.0577445284E+2           1.4084538033E+4           4.9813060565E+2           1.3260650503E+3          
06/21/16                  21:52:56.0                1.7287009349E+2           3.0125000000E+1           8.0609589339E+2           1.4101703299E+4           4.9791954067E+2           1.3231253732E+3          
06/21/16                  21:53:06.0                1.7287020948E+2           3.0153409090E+1           8.0622359501E+2           1.4093135444E+4           5.0291438121E+2           1.3125189437E+3          
06/21/16                  21:53:20.5                1.7287037666E+2           3.0152777780E+1           8.0601585518E+2           1.4077811643E+4           4.9892129825E+2           1.2997937494E+3          
06/21/16                  21:53:30.9                1.7287049699E+2           3.0181818180E+1           8.0529963170E+2           1.4094722195E+4           4.9743158394E+2           1.3070687325E+3          
06/21/16                  21:53:40.7                1.7287061007E+2           3.0166666670E+1           8.0638807874E+2           1.4170732018E+4           5.0140883847E+2           1.3082368862E+3          
06/21/16                  21:53:50.2                1.7287072034E+2           3.0181818180E+1           8.0616639115E+2           1.4152551485E+4           4.9843102726E+2           1.3091949248E+3          
06/21/16                  21:54:00.7                1.7287084228E+2           3.0178571430E+1           8.0595675637E+2           1.4148874477E+4           4.9794356240E+2           1.3096185216E+3          
06/21/16                  21:54:10.0                1.7287094941E+2           3.0180555560E+1           8.0686367574E+2           1.4158994892E+4           4.9984228780E+2           1.2932178302E+3          
06/21/16                  21:54:19.7                1.7287106154E+2           3.0187500000E+1           8.0731298779E+2           1.4204413053E+4           4.9762153330E+2           1.2899940364E+3          
06/21/16                  21:54:29.1                1.7287117064E+2           3.0187500000E+1           8.0670352038E+2           1.4201854510E+4           4.9738110395E+2           1.2904322996E+3          
06/21/16                  21:54:38.6                1.7287128028E+2           3.0187500000E+1           8.0650611350E+2           1.4200635221E+4           4.9885586199E+2           1.2920176063E+3          
06/21/16                  21:54:47.8                1.7287138666E+2           3.0187500000E+1           8.0617619605E+2           1.4210061211E+4           4.9666886283E+2           1.2917395863E+3          
06/21/16                  21:54:57.1                1.7287149426E+2           3.0187500000E+1           8.0683459060E+2           1.4211344723E+4           4.9668669069E+2           1.2746114432E+3          
06/21/16                  21:55:12.2                1.7287166984E+2           3.0187500000E+1           8.0662270229E+2           1.4229656453E+4           4.9515430294E+2           1.2749992800E+3          
06/21/16                  21:55:22.3                1.7287178619E+2           3.0187500000E+1           8.0626481187E+2           1.4234740888E+4           4.9534594986E+2           1.2712794489E+3          
06/21/16                  21:55:32.0                1.7287189827E+2           3.0187500000E+1           8.0616957210E+2           1.4231015849E+4           4.9280789995E+2           1.2677783215E+3          
06/21/16                  21:55:41.4                1.7287200713E+2           3.0187500000E+1           8.0536183663E+2           1.4214167610E+4           4.9070388598E+2           1.2671173701E+3          
06/21/16                  21:55:52.0                1.7287213076E+2           3.0187500000E+1           8.0585776129E+2           1.4221839850E+4           4.9674391111E+2           1.2737253561E+3          
06/21/16                  21:56:02.1                1.7287224675E+2           3.0187500000E+1           8.0610503151E+2           1.4279413388E+4           4.9033607696E+2           1.2558280352E+3          
06/21/16                  21:56:12.4                1.7287236580E+2           3.0187500000E+1           8.0678528700E+2           1.4282786244E+4           4.9293514487E+2           1.2532144759E+3          
06/21/16                  21:56:22.2                1.7287248021E+2           3.0187500000E+1           8.0597477657E+2           1.4278438356E+4           4.9391709660E+2           1.2634114446E+3          
06/21/16                  21:56:32.0                1.7287259292E+2           3.0187500000E+1           8.0626475207E+2           1.4292287708E+4           4.9096380681E+2           1.2608831397E+3          
06/21/16                  21:56:41.9                1.7287270759E+2           3.0196428570E+1           8.0627677974E+2           1.4268291110E+4           4.9425075730E+2           1.2596992765E+3          
06/21/16                  21:56:51.0                1.7287281364E+2           3.0187500000E+1           8.0632127387E+2           1.4285572407E+4           4.9335234331E+2           1.2606376081E+3          
06/21/16                  21:57:06.5                1.7287299240E+2           3.0187500000E+1           8.0621507039E+2           1.4342982497E+4           4.9067362021E+2           1.2456898812E+3          
06/21/16                  21:57:16.6                1.7287310966E+2           3.0187500000E+1           8.0574692993E+2           1.4321007197E+4           4.9026737433E+2           1.2491087214E+3          
06/21/16                  21:57:26.3                1.7287322127E+2           3.0225000000E+1           8.0570188921E+2           1.4296769838E+4           4.9381553196E+2           1.2484330453E+3          
06/21/16                  21:57:35.6                1.7287332934E+2           3.0208333330E+1           8.0591695345E+2           1.4312912511E+4           4.9288113966E+2           1.2481408232E+3          
06/21/16                  21:57:45.1                1.7287343880E+2           3.0195312500E+1           8.0535806896E+2           1.4333246440E+4           4.8910138824E+2           1.2496767611E+3          
06/21/16                  21:57:54.7                1.7287355092E+2           3.0225000000E+1           8.0570800919E+2           1.4339774341E+4           4.9070479158E+2           1.2378668176E+3          
06/21/16                  21:58:03.9                1.7287365698E+2           3.0203125000E+1           8.0613867714E+2           1.4365915316E+4           4.8931278283E+2           1.2368973279E+3          
06/21/16                  21:58:13.1                1.7287376298E+2           3.0225000000E+1           8.0530426303E+2           1.4370338175E+4           4.8759983927E+2           1.2392095984E+3          
06/21/16                  21:58:23.2                1.7287387975E+2           3.0250000000E+1           8.0502025858E+2           1.4312442794E+4           4.9101428258E+2           1.2380216422E+3          
06/21/16                  21:58:32.7                1.7287399008E+2           3.0250000000E+1           8.0467226278E+2           1.4329898556E+4           4.8776168030E+2           1.2347515073E+3          
06/21/16                  21:58:42.3                1.7287410131E+2           3.0250000000E+1           8.0623819389E+2           1.4370058665E+4           4.8839859237E+2           1.2155446127E+3          
06/21/16                  21:58:57.2                1.7287427396E+2           3.0250000000E+1           8.0550475072E+2           1.4407551698E+4           4.8466228059E+2           1.2111560962E+3          
06/21/16                  21:59:06.7                1.7287438379E+2           3.0250000000E+1           8.0521263518E+2           1.4399171081E+4           4.8607791521E+2           1.2172110972E+3          
06/21/16                  21:59:17.5                1.7287450893E+2           3.0250000000E+1           8.0499620735E+2           1.4394752972E+4           4.8845094929E+2           1.2210454870E+3          
06/21/16                  21:59:28.7                1.7287463802E+2           3.0256944440E+1           8.0505055662E+2           1.4416715251E+4           4.8409455642E+2           1.2169361108E+3          
06/21/16                  21:59:38.1                1.7287474747E+2           3.0257812500E+1           8.0574770165E+2           1.4462027594E+4           4.8367234264E+2           1.2103360597E+3          
06/21/16                  21:59:48.4                1.7287486577E+2           3.0250000000E+1           8.0501124832E+2           1.4449141479E+4           4.8281806247E+2           1.2037326525E+3          
06/21/16                  21:59:58.6                1.7287498392E+2           3.0256250000E+1           8.0463097251E+2           1.4470973345E+4           4.8103289413E+2           1.2062450958E+3          
06/21/16                  22:00:08.5                1.7287509855E+2           3.0281250000E+1           8.0551905674E+2           1.4454828428E+4           4.8554884755E+2           1.2034750522E+3          
06/21/16                  22:00:19.2                1.7287522336E+2           3.0289772730E+1           8.0401370726E+2           1.4402592290E+4           4.8523429458E+2           1.2132533175E+3          
06/21/16                  22:00:29.9                1.7287534641E+2           3.0273437500E+1           8.0411026827E+2           1.4342756258E+4           4.8838793475E+2           1.2085479519E+3          
06/21/16                  22:00:40.5                1.7287546977E+2           3.0301136360E+1           8.0391077432E+2           1.4441568920E+4           4.8021353211E+2           1.1974970767E+3          
06/21/16                  22:00:55.7                1.7287564561E+2           3.0298611110E+1           8.0351829158E+2           1.4452263784E+4           4.8193261011E+2           1.1934199461E+3          
06/21/16                  22:01:05.9                1.7287576276E+2           3.0289772730E+1           8.0304058889E+2           1.4385253395E+4           4.8281166228E+2           1.1935310880E+3          
06/21/16                  22:01:15.7                1.7287587637E+2           3.0291666670E+1           8.0143281114E+2           1.4420165247E+4           4.7922306584E+2           1.2015197828E+3          
06/21/16                  22:01:25.8                1.7287599365E+2           3.0296875000E+1           8.0264377165E+2           1.4419921184E+4           4.8300116813E+2           1.1944766632E+3          
06/21/16                  22:01:37.0                1.7287612331E+2           3.0296875000E+1           8.0255879711E+2           1.4466317299E+4           4.8154367993E+2           1.1930530334E+3          
06/21/16                  22:01:46.8                1.7287623690E+2           3.0263888890E+1           8.0279816116E+2           1.4493540204E+4           4.8019944497E+2           1.1831328282E+3          
06/21/16                  22:01:56.1                1.7287634458E+2           3.0262500000E+1           8.0277137494E+2           1.4485700348E+4           4.7850871187E+2           1.1806798705E+3          
06/21/16                  22:02:05.6                1.7287645425E+2           3.0263888890E+1           8.0250293937E+2           1.4502595272E+4           4.7743853607E+2           1.1779989883E+3          
06/21/16                  22:02:15.4                1.7287656749E+2           3.0261363640E+1           8.0221043218E+2           1.4503697436E+4           4.7767362366E+2           1.1836365868E+3          
06/21/16                  22:02:25.8                1.7287668858E+2           3.0294642860E+1           8.0195360903E+2           1.4511896969E+4           4.7629579601E+2           1.1815671846E+3          
06/21/16                  22:02:35.9                1.7287680496E+2           3.0281250000E+1           8.0252852711E+2           1.4505183243E+4           4.7956500752E+2           1.1746185172E+3          
06/21/16                  22:02:51.9                1.7287698999E+2           3.0312500000E+1           8.0156574611E+2           1.4553369738E+4           4.7475944308E+2           1.1602108387E+3          
06/21/16                  22:03:01.9                1.7287710548E+2           3.0312500000E+1           8.0279804003E+2           1.4593023290E+4           4.7375220703E+2           1.1589537124E+3          
06/21/16                  22:03:12.9                1.7287723303E+2           3.0312500000E+1           8.0241645667E+2           1.4532001041E+4           4.7644297451E+2           1.1628310384E+3          
06/21/16                  22:03:23.0                1.7287735046E+2           3.0312500000E+1           8.0179101901E+2           1.4551058566E+4           4.7407175877E+2           1.1662370814E+3          
06/21/16                  22:03:33.1                1.7287746663E+2           3.0312500000E+1           8.0213915603E+2           1.4569490664E+4           4.7171071089E+2           1.1606773223E+3          
06/21/16                  22:03:42.8                1.7287757896E+2           3.0312500000E+1           8.0163077300E+2           1.4537941171E+4           4.7448570440E+2           1.1531182341E+3          
06/21/16                  22:03:53.2                1.7287769957E+2           3.0312500000E+1           8.0068814794E+2           1.4564099198E+4           4.6919214651E+2           1.1527424623E+3          
06/21/16                  22:04:03.8                1.7287782199E+2           3.0318181820E+1           8.0103199140E+2           1.4532695318E+4           4.7263586001E+2           1.1550472780E+3          
06/21/16                  22:04:14.4                1.7287794516E+2           3.0312500000E+1           8.0082122766E+2           1.4535311192E+4           4.7034405377E+2           1.1550267505E+3          
06/21/16                  22:04:24.3                1.7287805977E+2           3.0312500000E+1           8.0146883044E+2           1.4513156626E+4           4.7061763163E+2           1.1497626038E+3          
06/21/16                  22:04:34.7                1.7287818021E+2           3.0312500000E+1           8.0132116499E+2           1.4564956070E+4           4.6664181733E+2           1.1407474423E+3          
06/21/16                  22:04:49.9                1.7287835585E+2           3.0312500000E+1           8.0099043546E+2           1.4573029371E+4           4.6115580616E+2           1.1325863010E+3          
06/21/16                  22:04:59.8                1.7287847101E+2           3.0312500000E+1           8.0049940712E+2           1.4529876080E+4           4.6550703502E+2           1.1424924824E+3          
06/21/16                  22:05:09.5                1.7287858251E+2           3.0312500000E+1           7.9982870428E+2           1.4529321954E+4           4.6135576971E+2           1.1377226737E+3          
06/21/16                  22:05:19.3                1.7287869638E+2           3.0312500000E+1           7.9987163997E+2           1.4463625965E+4           4.6413475184E+2           1.1371483340E+3          
06/21/16                  22:05:29.2                1.7287881049E+2           3.0322916670E+1           7.9912928238E+2           1.4444811613E+4           4.6324106089E+2           1.1405433462E+3          
06/21/16                  22:05:38.8                1.7287892163E+2           3.0312500000E+1           7.9926032961E+2           1.4498831913E+4           4.6187100890E+2           1.1288089814E+3          
06/21/16                  22:05:48.7                1.7287903647E+2           3.0325000000E+1           7.9958708032E+2           1.4475187868E+4           4.6252823232E+2           1.1309669603E+3          
06/21/16                  22:05:59.1                1.7287915632E+2           3.0346590910E+1           7.9859308967E+2           1.4475885836E+4           4.6021734508E+2           1.1345136291E+3          
06/21/16                  22:06:09.5                1.7287927702E+2           3.0356250000E+1           7.9937190446E+2           1.4465291503E+4           4.6082380059E+2           1.1311335652E+3          
06/21/16                  22:06:19.6                1.7287939375E+2           3.0330357140E+1           7.9844186489E+2           1.4428513149E+4           4.5996575984E+2           1.1336433328E+3          
06/21/16                  22:06:29.4                1.7287950804E+2           3.0318750000E+1           7.9875964586E+2           1.4485284100E+4           4.6023053959E+2           1.1167040768E+3          
06/21/16                  22:06:44.2                1.7287967839E+2           3.0318750000E+1           7.9828533575E+2           1.4488960087E+4           4.5662142492E+2           1.1096176829E+3          
06/21/16                  22:06:53.7                1.7287978875E+2           3.0312500000E+1           7.9854902500E+2           1.4482995829E+4           4.5730946374E+2           1.1083306244E+3          
06/21/16                  22:07:03.3                1.7287989985E+2           3.0333333330E+1           7.9842363506E+2           1.4476750466E+4           4.5692345956E+2           1.1080120276E+3          
06/21/16                  22:07:13.2                1.7288001495E+2           3.0329545450E+1           7.9861724117E+2           1.4458548638E+4           4.5962856499E+2           1.1063960491E+3          
06/21/16                  22:07:23.8                1.7288013770E+2           3.0320312500E+1           7.9804612876E+2           1.4449684761E+4           4.5429337586E+2           1.1069683934E+3          
06/21/16                  22:07:33.6                1.7288025097E+2           3.0331250000E+1           7.9871814734E+2           1.4483488147E+4           4.5356163021E+2           1.0941863886E+3          
06/21/16                  22:07:44.1                1.7288037211E+2           3.0331250000E+1           7.9892338406E+2           1.4468276554E+4           4.5708001459E+2           1.0963944622E+3          
06/21/16                  22:07:54.3                1.7288049053E+2           3.0323863640E+1           7.9856478184E+2           1.4473763326E+4           4.5535059679E+2           1.0982237454E+3          
06/21/16                  22:08:04.9                1.7288061246E+2           3.0350000000E+1           7.9776822643E+2           1.4412847424E+4           4.5679782198E+2           1.1040263279E+3          
06/21/16                  22:08:15.1                1.7288073110E+2           3.0359375000E+1           7.9851981777E+2           1.4402806577E+4           4.5636046491E+2           1.0962255937E+3          
06/21/16                  22:08:25.2                1.7288084778E+2           3.0356250000E+1           7.9880220298E+2           1.4473334606E+4           4.5014738973E+2           1.0822145305E+3          
06/21/16                  22:08:39.9                1.7288101817E+2           3.0356250000E+1           7.9823628324E+2           1.4507254114E+4           4.5385251315E+2           1.0836838431E+3          
06/21/16                  22:08:49.4                1.7288112844E+2           3.0375000000E+1           7.9794728964E+2           1.4456722016E+4           4.5227888243E+2           1.0814343539E+3          
06/21/16                  22:08:59.1                1.7288124045E+2           3.0368750000E+1           7.9793731746E+2           1.4453319240E+4           4.5062375006E+2           1.0823497479E+3          
06/21/16                  22:09:08.7                1.7288135147E+2           3.0347222220E+1           7.9785534698E+2           1.4436015011E+4           4.5135004846E+2           1.0834277516E+3          
06/21/16                  22:09:18.1                1.7288145955E+2           3.0359375000E+1           7.9715579891E+2           1.4383131555E+4           4.5071737134E+2           1.0829139060E+3          
06/21/16                  22:09:28.1                1.7288157583E+2           3.0368750000E+1           7.9625570367E+2           1.4372754586E+4           4.4884036961E+2           1.0796787057E+3          
06/21/16                  22:09:38.0                1.7288169017E+2           3.0362500000E+1           7.9734863972E+2           1.4402351253E+4           4.4926195826E+2           1.0742216833E+3          
06/21/16                  22:09:47.6                1.7288180184E+2           3.0375000000E+1           7.9756710775E+2           1.4437713468E+4           4.4765836323E+2           1.0723457740E+3          
06/21/16                  22:09:57.3                1.7288191326E+2           3.0375000000E+1           7.9737966524E+2           1.4434174050E+4           4.4791877778E+2           1.0722867302E+3          
06/21/16                  22:10:07.3                1.7288203000E+2           3.0375000000E+1           7.9616252038E+2           1.4413838885E+4           4.4893617197E+2           1.0798785910E+3          
06/21/16                  22:10:17.3                1.7288214494E+2           3.0375000000E+1           7.9756193194E+2           1.4445293505E+4           4.4485865649E+2           1.0587777511E+3          
06/21/16                  22:10:32.8                1.7288232500E+2           3.0375000000E+1           7.9561758421E+2           1.4350647854E+4           4.4455144913E+2           1.0609816001E+3          
06/21/16                  22:10:43.3                1.7288244663E+2           3.0375000000E+1           7.9537574483E+2           1.4378656509E+4           4.3985550277E+2           1.0575264120E+3          
06/21/16                  22:10:53.4                1.7288256301E+2           3.0375000000E+1           7.9623987883E+2           1.4390827236E+4           4.4366394469E+2           1.0577573484E+3          
06/21/16                  22:11:03.3                1.7288267756E+2           3.0375000000E+1           7.9620304767E+2           1.4404126247E+4           4.4179401675E+2           1.0530190465E+3          
06/21/16                  22:11:13.0                1.7288278996E+2           3.0375000000E+1           7.9467211111E+2           1.4378996039E+4           4.4029431672E+2           1.0601596759E+3          
06/21/16                  22:11:23.0                1.7288290587E+2           3.0375000000E+1           7.9452628097E+2           1.4319667391E+4           4.3700928309E+2           1.0443756542E+3          
06/21/16                  22:11:32.9                1.7288302081E+2           3.0375000000E+1           7.9458783808E+2           1.4314039693E+4           4.3713950772E+2           1.0438105175E+3          
06/21/16                  22:11:43.6                1.7288314354E+2           3.0381944440E+1           7.9375100379E+2           1.4308882941E+4           4.3594955938E+2           1.0495685981E+3          
06/21/16                  22:11:53.0                1.7288325241E+2           3.0381250000E+1           7.9538250510E+2           1.4318718010E+4           4.3715879856E+2           1.0404686472E+3          
06/21/16                  22:12:03.0                1.7288336892E+2           3.0382812500E+1           7.9571227094E+2           1.4363086826E+4           4.4003592776E+2           1.0501051514E+3          
06/21/16                  22:12:13.2                1.7288348637E+2           3.0406250000E+1           7.9538377072E+2           1.4293500753E+4           4.3635591963E+2           1.0340861616E+3          
06/21/16                  22:12:28.4                1.7288366275E+2           3.0425000000E+1           7.9352778183E+2           1.4332832605E+4           4.2894108929E+2           1.0258530987E+3          
06/21/16                  22:12:38.0                1.7288377425E+2           3.0402777780E+1           7.9322319634E+2           1.4287848387E+4           4.3069070453E+2           1.0294449760E+3          
06/21/16                  22:12:48.6                1.7288389683E+2           3.0431818180E+1           7.9357434357E+2           1.4281184809E+4           4.3560682008E+2           1.0324819015E+3          
06/21/16                  22:12:58.6                1.7288401231E+2           3.0437500000E+1           7.9373206407E+2           1.4326575026E+4           4.3202312808E+2           1.0274985369E+3          
06/21/16                  22:13:08.1                1.7288412236E+2           3.0429687500E+1           7.9406931668E+2           1.4346995306E+4           4.3015684661E+2           1.0236835244E+3          
06/21/16                  22:13:18.5                1.7288424241E+2           3.0431250000E+1           7.9373273660E+2           1.4362932313E+4           4.3212718171E+2           1.0195065318E+3          
06/21/16                  22:13:28.5                1.7288435878E+2           3.0437500000E+1           7.9374778513E+2           1.4359552555E+4           4.2945627735E+2           1.0168847390E+3          
06/21/16                  22:13:38.2                1.7288447071E+2           3.0437500000E+1           7.9322043422E+2           1.4355270815E+4           4.2682294610E+2           1.0165488394E+3          
06/21/16                  22:13:47.9                1.7288458238E+2           3.0437500000E+1           7.9360347667E+2           1.4335376703E+4           4.3272311570E+2           1.0165262942E+3          
06/21/16                  22:13:57.6                1.7288469555E+2           3.0437500000E+1           7.9371076941E+2           1.4304662141E+4           4.2992212122E+2           1.0131380225E+3          
06/21/16                  22:14:08.3                1.7288481891E+2           3.0437500000E+1           7.9309195318E+2           1.4337154366E+4           4.3102861319E+2           1.0062657474E+3          
06/21/16                  22:14:23.9                1.7288499969E+2           3.0437500000E+1           7.9397325573E+2           1.4381744257E+4           4.2906351020E+2           9.9918118804E+2          
06/21/16                  22:14:35.0                1.7288512814E+2           3.0437500000E+1           7.9385583774E+2           1.4381895358E+4           4.2963750802E+2           9.9750565320E+2          
06/21/16                  22:14:45.0                1.7288524344E+2           3.0437500000E+1           7.9471977724E+2           1.4404010330E+4           4.2862202527E+2           9.9660743769E+2          
06/21/16                  22:14:55.0                1.7288535939E+2           3.0437500000E+1           7.9498351274E+2           1.4423969016E+4           4.2945315178E+2           9.9450742969E+2          
06/21/16                  22:15:05.2                1.7288547793E+2           3.0437500000E+1           7.9426413041E+2           1.4408254731E+4           4.2593497715E+2           9.9235073475E+2          
06/21/16                  22:15:15.4                1.7288559548E+2           3.0437500000E+1           7.9456660631E+2           1.4401209613E+4           4.2695812559E+2           9.8072371408E+2          
06/21/16                  22:15:25.4                1.7288571104E+2           3.0437500000E+1           7.9394848354E+2           1.4430070756E+4           4.2772246476E+2           9.8759899108E+2          
06/21/16                  22:15:35.4                1.7288582750E+2           3.0437500000E+1           7.9414246675E+2           1.4409732255E+4           4.2515403143E+2           9.8503535111E+2          
06/21/16                  22:15:45.3                1.7288594187E+2           3.0437500000E+1           7.9431117542E+2           1.4404924545E+4           4.2774662233E+2           9.8724654198E+2          
06/21/16                  22:15:54.8                1.7288605173E+2           3.0437500000E+1           7.9431756894E+2           1.4382305454E+4           4.2732419117E+2           9.8540027174E+2          
06/21/16                  22:16:04.4                1.7288616275E+2           3.0437500000E+1           7.9483627972E+2           1.4455877237E+4           4.2515510947E+2           9.7200385511E+2          
06/21/16                  22:16:19.7                1.7288633968E+2           3.0437500000E+1           7.9595317619E+2           1.4508426370E+4           4.2553846844E+2           9.6229234995E+2          
06/21/16                  22:16:29.2                1.7288644973E+2           3.0437500000E+1           7.9485370287E+2           1.4453966562E+4           4.2655176834E+2           9.6615048452E+2          
06/21/16                  22:16:38.7                1.7288655946E+2           3.0437500000E+1           7.9481143760E+2           1.4480899538E+4           4.2569837237E+2           9.6584815187E+2          
06/21/16                  22:16:48.2                1.7288666976E+2           3.0437500000E+1           7.9434114941E+2           1.4439501679E+4           4.2678829087E+2           9.6909688340E+2          
06/21/16                  22:16:58.3                1.7288678690E+2           3.0437500000E+1           7.9546757659E+2           1.4466113582E+4           4.2442503163E+2           9.6186691577E+2          
06/21/16                  22:17:08.0                1.7288689845E+2           3.0437500000E+1           7.9587428005E+2           1.4545925476E+4           4.2373375130E+2           9.5436085930E+2          
06/21/16                  22:17:18.3                1.7288701851E+2           3.0437500000E+1           7.9523816840E+2           1.4491819807E+4           4.2605729138E+2           9.5698788094E+2          
06/21/16                  22:17:28.3                1.7288713346E+2           3.0437500000E+1           7.9582441517E+2           1.4548055295E+4           4.2436694270E+2           9.5364015271E+2          
06/21/16                  22:17:38.1                1.7288724688E+2           3.0437500000E+1           7.9571202534E+2           1.4532093016E+4           4.2381899782E+2           9.5169931239E+2          
06/21/16                  22:17:47.7                1.7288735811E+2           3.0437500000E+1           7.9491478730E+2           1.4504192870E+4           4.2490381165E+2           9.5479245791E+2          
06/21/16                  22:17:57.2                1.7288746867E+2           3.0437500000E+1           7.9501316676E+2           1.4526635033E+4           4.2229089577E+2           9.3833769339E+2          
06/21/16                  22:18:12.3                1.7288764303E+2           3.0437500000E+1           7.9539485316E+2           1.4570007698E+4           4.2531885947E+2           9.3173811374E+2          
06/21/16                  22:18:22.7                1.7288776306E+2           3.0437500000E+1           7.9437720088E+2           1.4582544773E+4           4.2494128335E+2           9.3921273528E+2          
06/21/16                  22:18:32.6                1.7288787768E+2           3.0437500000E+1           7.9528060436E+2           1.4553322527E+4           4.2326511019E+2           9.3229567361E+2          
06/21/16                  22:18:43.0                1.7288799770E+2           3.0437500000E+1           7.9537601659E+2           1.4580648227E+4           4.2252619881E+2           9.2754909685E+2          
06/21/16                  22:18:52.4                1.7288810737E+2           3.0437500000E+1           7.9547347935E+2           1.4565702280E+4           4.2365947563E+2           9.3314930674E+2          
06/21/16                  22:19:01.8                1.7288821637E+2           3.0437500000E+1           7.9627848522E+2           1.4611799912E+4           4.2363453781E+2           9.1678988227E+2          
06/21/16                  22:19:12.3                1.7288833766E+2           3.0437500000E+1           7.9583740877E+2           1.4562143845E+4           4.2511359386E+2           9.1504096622E+2          
06/21/16                  22:19:22.2                1.7288845201E+2           3.0437500000E+1           7.9495881540E+2           1.4537510735E+4           4.2087310668E+2           9.1786493095E+2          
06/21/16                  22:19:31.8                1.7288856307E+2           3.0437500000E+1           7.9516407014E+2           1.4519442597E+4           4.2516955266E+2           9.2132426835E+2          
06/21/16                  22:19:42.3                1.7288868494E+2           3.0453125000E+1           7.9574205564E+2           1.4578816727E+4           4.2198348770E+2           9.1856224318E+2          
06/21/16                  22:19:52.1                1.7288879836E+2           3.0465277780E+1           7.9573047881E+2           1.4604972275E+4           4.2122668923E+2           9.0384044081E+2          
06/21/16                  22:20:06.9                1.7288896953E+2           3.0437500000E+1           7.9647167920E+2           1.4634784569E+4           4.2275516571E+2           9.0099230729E+2          
06/21/16                  22:20:16.5                1.7288908033E+2           3.0437500000E+1           7.9522629369E+2           1.4569612672E+4           4.2230927345E+2           9.0145186415E+2          
06/21/16                  22:20:26.1                1.7288919206E+2           3.0437500000E+1           7.9535554436E+2           1.4582563236E+4           4.2043710926E+2           8.9656766661E+2          
06/21/16                  22:20:35.5                1.7288930039E+2           3.0437500000E+1           7.9565618214E+2           1.4610270775E+4           4.1983443103E+2           8.9648791419E+2          
06/21/16                  22:20:45.1                1.7288941092E+2           3.0437500000E+1           7.9638577299E+2           1.4608711897E+4           4.2426634681E+2           9.0038402267E+2          
06/21/16                  22:20:55.3                1.7288952930E+2           3.0437500000E+1           7.9680938288E+2           1.4678473520E+4           4.2055103817E+2           8.8892281823E+2          
06/21/16                  22:21:04.8                1.7288963954E+2           3.0437500000E+1           7.9646497412E+2           1.4677691359E+4           4.1919270460E+2           8.8818347851E+2          
06/21/16                  22:21:14.7                1.7288975404E+2           3.0437500000E+1           7.9641543208E+2           1.4613830339E+4           4.2044065537E+2           8.8316902254E+2          
06/21/16                  22:21:23.9                1.7288986077E+2           3.0444444440E+1           7.9548219615E+2           1.4588391983E+4           4.2237391827E+2           8.9191007733E+2          
06/21/16                  22:21:33.9                1.7288997627E+2           3.0437500000E+1           7.9523962253E+2           1.4571690820E+4           4.2357889624E+2           8.8990276859E+2          
06/21/16                  22:21:43.7                1.7289008964E+2           3.0443750000E+1           7.9559557566E+2           1.4621000376E+4           4.2035820806E+2           8.7964799759E+2          
06/21/16                  22:21:59.0                1.7289026673E+2           3.0437500000E+1           7.9622846036E+2           1.4674247548E+4           4.2175078361E+2           8.7056485147E+2          
06/21/16                  22:22:09.6                1.7289038976E+2           3.0437500000E+1           7.9607126698E+2           1.4686221274E+4           4.1863055667E+2           8.6996447568E+2          
06/21/16                  22:22:20.4                1.7289051408E+2           3.0443750000E+1           7.9699375625E+2           1.4702782684E+4           4.1977008733E+2           8.7098427687E+2          
06/21/16                  22:22:30.4                1.7289063013E+2           3.0443750000E+1           7.9533389383E+2           1.4730385143E+4           4.1659579440E+2           8.7468095138E+2          
06/21/16                  22:22:39.8                1.7289073850E+2           3.0455357140E+1           7.9567869048E+2           1.4644069013E+4           4.1887910930E+2           8.6731673463E+2          
06/21/16                  22:22:50.0                1.7289085738E+2           3.0454545450E+1           7.9564739576E+2           1.4609706433E+4           4.2054424381E+2           8.5914731588E+2          
06/21/16                  22:23:00.0                1.7289097327E+2           3.0465277780E+1           7.9402112973E+2           1.4628525352E+4           4.1780540419E+2           8.6359691815E+2          
06/21/16                  22:23:09.4                1.7289108164E+2           3.0458333330E+1           7.9507566654E+2           1.4632487407E+4           4.1525983142E+2           8.5848737648E+2          
06/21/16                  22:23:18.9                1.7289119207E+2           3.0472222220E+1           7.9504777622E+2           1.4592808241E+4           4.1574964288E+2           8.6154473834E+2          
06/21/16                  22:23:28.6                1.7289130354E+2           3.0500000000E+1           7.9533770317E+2           1.4641723144E+4           4.1462491860E+2           8.5838219008E+2          
06/21/16                  22:23:38.7                1.7289142090E+2           3.0493750000E+1           7.8782904793E+2           1.4235008572E+4           3.9430981931E+2           8.7157446550E+2          
06/21/16                  22:23:53.5                1.7289159227E+2           3.0500000000E+1           7.9046796240E+2           1.4376222651E+4           3.9346357267E+2           8.5654213319E+2          
06/21/16                  22:24:03.5                1.7289170762E+2           3.0500000000E+1           7.9008109813E+2           1.4349850113E+4           3.9284868537E+2           8.6097984004E+2          
06/21/16                  22:24:13.6                1.7289182423E+2           3.0487500000E+1           7.9014572266E+2           1.4349898668E+4           3.9268536660E+2           8.5669472156E+2          
06/21/16                  22:24:23.0                1.7289193293E+2           3.0500000000E+1           7.8978150203E+2           1.4308391691E+4           3.9299637408E+2           8.5920554767E+2          
06/21/16                  22:24:33.4                1.7289205368E+2           3.0500000000E+1           7.8913218460E+2           1.4249153420E+4           3.9341597285E+2           8.5955117832E+2          
06/21/16                  22:24:42.9                1.7289216359E+2           3.0500000000E+1           7.8902523700E+2           1.4276441557E+4           3.9140047097E+2           8.4690322090E+2          
06/21/16                  22:24:52.2                1.7289227164E+2           3.0493750000E+1           7.8930892055E+2           1.4278203697E+4           3.9296163229E+2           8.4222551490E+2          
06/21/16                  22:25:02.0                1.7289238510E+2           3.0500000000E+1           7.8970853757E+2           1.4317101723E+4           3.9228330378E+2           8.4505936279E+2          
06/21/16                  22:25:11.5                1.7289249451E+2           3.0500000000E+1           7.8925984150E+2           1.4315175140E+4           3.9093972567E+2           8.4657239094E+2          
06/21/16                  22:25:20.9                1.7289260340E+2           3.0500000000E+1           7.8886126543E+2           1.4271816181E+4           3.9349398471E+2           8.4437697972E+2          
06/21/16                  22:25:30.2                1.7289271158E+2           3.0500000000E+1           7.8903501200E+2           1.4265299740E+4           3.9208914431E+2           8.4474724741E+2          
06/21/16                  22:25:44.7                1.7289287863E+2           3.0500000000E+1           7.8980417379E+2           1.4402745848E+4           3.9313189822E+2           8.4049472971E+2          
06/21/16                  22:25:54.5                1.7289299297E+2           3.0494318180E+1           7.9034113659E+2           1.4377343019E+4           3.9214284396E+2           8.3454755646E+2          
06/21/16                  22:26:04.5                1.7289310778E+2           3.0486111110E+1           7.8940184792E+2           1.4327401197E+4           3.9116196709E+2           8.3509840357E+2          
06/21/16                  22:26:13.8                1.7289321583E+2           3.0481250000E+1           7.8926677603E+2           1.4288420731E+4           3.9201022518E+2           8.3281731755E+2          
06/21/16                  22:26:24.2                1.7289333624E+2           3.0468750000E+1           7.8926544709E+2           1.4236658587E+4           3.9399831841E+2           8.3588929367E+2          
06/21/16                  22:26:34.0                1.7289344943E+2           3.0462500000E+1           7.8996535687E+2           1.4315712144E+4           3.9327448692E+2           8.2007415697E+2          
06/21/16                  22:26:43.7                1.7289356223E+2           3.0465277780E+1           7.8949628264E+2           1.4309500324E+4           3.9077633996E+2           8.2357600681E+2          
06/21/16                  22:26:53.4                1.7289367457E+2           3.0468750000E+1           7.8941885861E+2           1.4319102598E+4           3.8837448341E+2           8.2221106475E+2          
06/21/16                  22:27:03.0                1.7289378531E+2           3.0487500000E+1           7.9116199767E+2           1.4384468761E+4           3.8894490196E+2           8.1525836132E+2          
06/21/16                  22:27:12.7                1.7289389760E+2           3.0491071430E+1           7.9069076458E+2           1.4403401504E+4           3.8862771323E+2           8.1915955280E+2          
06/21/16                  22:27:22.4                1.7289401034E+2           3.0500000000E+1           7.9085482755E+2           1.4426163371E+4           3.8976812411E+2           8.1528499212E+2          
06/21/16                  22:27:37.1                1.7289418013E+2           3.0500000000E+1           7.9162451946E+2           1.4516086367E+4           3.8798310045E+2           8.0308198197E+2          
06/21/16                  22:27:47.2                1.7289429690E+2           3.0500000000E+1           7.9212808740E+2           1.4530979141E+4           3.8881297912E+2           8.0289905635E+2          
06/21/16                  22:27:57.9                1.7289442093E+2           3.0500000000E+1           7.9102215749E+2           1.4388109009E+4           3.9052606706E+2           8.0316534733E+2          
06/21/16                  22:28:08.0                1.7289453769E+2           3.0500000000E+1           7.9024431201E+2           1.4376552827E+4           3.8601127493E+2           8.0158385590E+2          
06/21/16                  22:28:18.0                1.7289465323E+2           3.0500000000E+1           7.9019912744E+2           1.4376918197E+4           3.8881746330E+2           8.0534434862E+2          
06/21/16                  22:28:28.1                1.7289477027E+2           3.0500000000E+1           7.8994587696E+2           1.4441287762E+4           3.8702341915E+2           7.9568479938E+2          
06/21/16                  22:28:37.5                1.7289487930E+2           3.0493750000E+1           7.9111037890E+2           1.4426264557E+4           3.8853187903E+2           7.8962927714E+2          
06/21/16                  22:28:47.5                1.7289499509E+2           3.0500000000E+1           7.9067963828E+2           1.4505041052E+4           3.8695248778E+2           7.9510713242E+2          
06/21/16                  22:28:57.0                1.7289510514E+2           3.0500000000E+1           7.9075252771E+2           1.4475892387E+4           3.8674892200E+2           7.9504990021E+2          
06/21/16                  22:29:07.7                1.7289522847E+2           3.0476562500E+1           7.9089942928E+2           1.4426699430E+4           3.8926161294E+2           7.9438659470E+2          
06/21/16                  22:29:18.0                1.7289534832E+2           3.0494318180E+1           7.9126515977E+2           1.4532519355E+4           3.8742264868E+2           7.8358905653E+2          
06/21/16                  22:29:34.3                1.7289553689E+2           3.0494318180E+1           7.9079676486E+2           1.4466227118E+4           3.8689684611E+2           7.7502631293E+2          
06/21/16                  22:29:44.6                1.7289565596E+2           3.0487500000E+1           7.9125753984E+2           1.4486986659E+4           3.8689463097E+2           7.7317925310E+2          
06/21/16                  22:29:55.3                1.7289577963E+2           3.0494318180E+1           7.9186524169E+2           1.4524023684E+4           3.8659889813E+2           7.7691560131E+2          
06/21/16                  22:30:05.8                1.7289590066E+2           3.0493750000E+1           7.9250752106E+2           1.4582666767E+4           3.8850535442E+2           7.7470501858E+2          
06/21/16                  22:30:15.9                1.7289601816E+2           3.0500000000E+1           7.9277838040E+2           1.4526599928E+4           3.8941215571E+2           7.7314777016E+2          
06/21/16                  22:30:25.7                1.7289613115E+2           3.0500000000E+1           7.9093902160E+2           1.4539006374E+4           3.8339008107E+2           7.6560912829E+2          
06/21/16                  22:30:35.7                1.7289624712E+2           3.0493750000E+1           7.9150600413E+2           1.4490146315E+4           3.8416146545E+2           7.6074261009E+2          
06/21/16                  22:30:45.7                1.7289636293E+2           3.0500000000E+1           7.9194785846E+2           1.4545345269E+4           3.8467472027E+2           7.6235561586E+2          
06/21/16                  22:30:55.4                1.7289647470E+2           3.0500000000E+1           7.9245218247E+2           1.4600233354E+4           3.8596621307E+2           7.6360927872E+2          
06/21/16                  22:31:05.2                1.7289658906E+2           3.0500000000E+1           7.9225852159E+2           1.4592788227E+4           3.8626349541E+2           7.6772258917E+2          
06/21/16                  22:31:15.0                1.7289670171E+2           3.0500000000E+1           7.9215267743E+2           1.4563293373E+4           3.8525331603E+2           7.5565413624E+2          
06/21/16                  22:31:29.6                1.7289687090E+2           3.0500000000E+1           7.9150047967E+2           1.4621184605E+4           3.8145540881E+2           7.4327708431E+2          
06/21/16                  22:31:39.2                1.7289698218E+2           3.0500000000E+1           7.9203381689E+2           1.4583795264E+4           3.8160325056E+2           7.3794576499E+2          
06/21/16                  22:31:49.3                1.7289709946E+2           3.0500000000E+1           7.9152935890E+2           1.4545983534E+4           3.8261042691E+2           7.4118741279E+2          
06/21/16                  22:31:59.6                1.7289721795E+2           3.0500000000E+1           7.9122034971E+2           1.4545801775E+4           3.8409072512E+2           7.4330252687E+2          
06/21/16                  22:32:09.8                1.7289733610E+2           3.0500000000E+1           7.9177578351E+2           1.4562686684E+4           3.8342233833E+2           7.4130214816E+2          
06/21/16                  22:32:19.4                1.7289744783E+2           3.0500000000E+1           7.9194421556E+2           1.4599443958E+4           3.8185471584E+2           7.3560004598E+2          
06/21/16                  22:32:29.8                1.7289756774E+2           3.0500000000E+1           7.9213333431E+2           1.4635909878E+4           3.8206248501E+2           7.3510381879E+2          
06/21/16                  22:32:39.9                1.7289768447E+2           3.0493750000E+1           7.9217859124E+2           1.4625947199E+4           3.8018259256E+2           7.3221723290E+2          
06/21/16                  22:32:50.5                1.7289780689E+2           3.0500000000E+1           7.9239548539E+2           1.4566335675E+4           3.8186048559E+2           7.3134972458E+2          
06/21/16                  22:33:00.5                1.7289792334E+2           3.0500000000E+1           7.9126723336E+2           1.4553540345E+4           3.8301280190E+2           7.3813355962E+2          
06/21/16                  22:33:11.9                1.7289805447E+2           3.0500000000E+1           7.9162778401E+2           1.4598240551E+4           3.8262487863E+2           7.2498703583E+2          
06/21/16                  22:33:28.0                1.7289824184E+2           3.0500000000E+1           7.9312509146E+2           1.4756705352E+4           3.7977246058E+2           7.1934015451E+2          
06/21/16                  22:33:38.5                1.7289836247E+2           3.0482954550E+1           7.9343196620E+2           1.4714058201E+4           3.8166043343E+2           7.1452023211E+2          
06/21/16                  22:33:49.8                1.7289849415E+2           3.0500000000E+1           7.9198480770E+2           1.4692268356E+4           3.7905240715E+2           7.1484421973E+2          
06/21/16                  22:34:00.4                1.7289861618E+2           3.0500000000E+1           7.9343689355E+2           1.4674705803E+4           3.8173267465E+2           7.0721645217E+2          
06/21/16                  22:34:11.3                1.7289874221E+2           3.0500000000E+1           7.9250437944E+2           1.4709427245E+4           3.7842583193E+2           7.1064556220E+2          
06/21/16                  22:34:22.5                1.7289887238E+2           3.0500000000E+1           7.9276314359E+2           1.4763880223E+4           3.7995461245E+2           7.0209507655E+2          
06/21/16                  22:34:33.0                1.7289899320E+2           3.0482954550E+1           7.9246493014E+2           1.4712881863E+4           3.8010649472E+2           7.0057521065E+2          
06/21/16                  22:34:43.5                1.7289911509E+2           3.0443750000E+1           7.9220388113E+2           1.4680285755E+4           3.7850025435E+2           7.0364997302E+2          
06/21/16                  22:34:54.0                1.7289923669E+2           3.0443181820E+1           7.9212223568E+2           1.4696452707E+4           3.7853879958E+2           7.0184485083E+2          
06/21/16                  22:35:04.6                1.7289935958E+2           3.0468750000E+1           7.9249680345E+2           1.4676825678E+4           3.7934873690E+2           7.0109137988E+2          
06/21/16                  22:35:15.0                1.7289947951E+2           3.0468750000E+1           7.9259362927E+2           1.4693002671E+4           3.7885411926E+2           6.9098199901E+2          
06/21/16                  22:35:30.5                1.7289965896E+2           3.0460227270E+1           7.9340342046E+2           1.4722549882E+4           3.7835267867E+2           6.7883268977E+2          
06/21/16                  22:35:40.3                1.7289977276E+2           3.0444444440E+1           7.9285919702E+2           1.4761198456E+4           3.7524962178E+2           6.7949685997E+2          
06/21/16                  22:35:50.0                1.7289988461E+2           3.0450000000E+1           7.9314868891E+2           1.4812905594E+4           3.7574214545E+2           6.8054517015E+2          
06/21/16                  22:36:00.3                1.7290000351E+2           3.0437500000E+1           7.9414569477E+2           1.4852248867E+4           3.7816873497E+2           6.8247557220E+2          
06/21/16                  22:36:10.4                1.7290012085E+2           3.0437500000E+1           7.9329530882E+2           1.4798900152E+4           3.7641222043E+2           6.8079785368E+2          
