DATE                      TIME                      DAYS_SINCE_JAN            DAS_TEMP_(C)              BASELINE                  H2O                       D_1816                    D_DH                     
02/11/16                  10:21:27.9                4.1431573268E+1           1.5250000000E+1           7.8750629304E+2           6.0019738282E+1           3.6300427587E+2           4.9143521655E+2          
02/11/16                  10:21:35.2                4.1431658052E+1           1.5250000000E+1           7.8756253294E+2           6.0500016582E+1           3.3897601303E+2           2.0955277998E+2          
02/11/16                  10:21:45.1                4.1431772487E+1           1.5232142860E+1           7.8756453009E+2           5.9433902923E+1           3.6517562848E+2           5.7528350755E+2          
02/11/16                  10:21:52.4                4.1431856952E+1           1.5205357140E+1           7.8736351305E+2           5.9041086670E+1           3.4366713319E+2           7.7828846467E+2          
02/11/16                  10:21:59.5                4.1431938683E+1           1.5195312500E+1           7.8750483927E+2           5.8835793558E+1           3.4059943237E+2           9.0272316033E+2          
02/11/16                  10:22:07.1                4.1432027261E+1           1.5187500000E+1           7.8738915860E+2           5.7050856749E+1           3.8531415897E+2           9.6213580558E+2          
02/11/16                  10:22:14.6                4.1432113916E+1           1.5125000000E+1           7.8776452734E+2           5.7270422344E+1           3.5516524063E+2           -1.3496127483E+1         
02/11/16                  10:22:21.9                4.1432198184E+1           1.5116071430E+1           7.8734191607E+2           5.7343664233E+1           3.3335144988E+2           1.0549991642E+3          
02/11/16                  10:22:29.3                4.1432283625E+1           1.5054687500E+1           7.8745129325E+2           5.7973303256E+1           3.5391623977E+2           7.4596607231E+2          
02/11/16                  10:22:36.6                4.1432369062E+1           1.5017857140E+1           7.8741451874E+2           5.9471993544E+1           3.6316675808E+2           8.5218237869E+2          
02/11/16                  10:22:43.8                4.1432451456E+1           1.5000000000E+1           7.8777274509E+2           6.1182181830E+1           3.7713671161E+2           -1.3506191131E+2         
02/11/16                  10:22:50.6                4.1432530128E+1           1.5000000000E+1           7.8701732680E+2           6.1493847584E+1           3.2063719821E+2           1.4947822815E+3          
02/11/16                  10:22:57.3                4.1432608665E+1           1.4937500000E+1           7.8757990987E+2           5.9297904161E+1           3.5125646726E+2           6.8893707933E+2          
02/11/16                  10:23:07.4                4.1432724677E+1           1.5000000000E+1           7.8711887152E+2           5.8307476434E+1           3.5346726171E+2           1.3999168659E+3          
02/11/16                  10:23:14.8                4.1432810449E+1           1.5007812500E+1           7.8755523383E+2           5.4727670082E+1           4.1583357935E+2           8.1781988954E+2          
02/11/16                  10:23:22.3                4.1432897847E+1           1.4973214290E+1           7.8747644958E+2           5.4303355671E+1           4.2738813918E+2           5.0753941958E+2          
02/11/16                  10:23:29.3                4.1432978369E+1           1.4973214290E+1           7.8713200243E+2           5.6912311040E+1           3.3815909341E+2           1.5162957894E+3          
02/11/16                  10:23:36.1                4.1433057130E+1           1.4937500000E+1           7.8743972497E+2           5.5461809695E+1           3.8567181092E+2           1.0506045770E+3          
02/11/16                  10:23:43.0                4.1433137167E+1           1.4901785710E+1           7.8736744108E+2           5.5476802332E+1           3.9212386426E+2           1.1221381759E+3          
02/11/16                  10:23:50.0                4.1433218657E+1           1.4866071430E+1           7.8755387269E+2           5.3347141672E+1           4.3940209198E+2           7.1654788665E+2          
02/11/16                  10:23:56.7                4.1433295661E+1           1.4875000000E+1           7.8747088154E+2           5.1443945230E+1           4.6852352756E+2           8.9876398604E+2          
02/11/16                  10:24:03.7                4.1433376219E+1           1.4928571430E+1           7.8729389930E+2           5.4300632094E+1           4.1219467334E+2           1.5287365019E+3          
02/11/16                  10:24:10.7                4.1433457257E+1           1.4921875000E+1           7.8719121591E+2           5.4364676202E+1           4.0668937272E+2           1.6336310026E+3          
02/11/16                  10:24:17.9                4.1433541224E+1           1.4928571430E+1           7.8737314478E+2           5.0052523941E+1           4.7084898028E+2           1.1893083286E+3          
02/11/16                  10:24:27.3                4.1433649923E+1           1.4892857140E+1           7.8754641080E+2           5.0765744810E+1           5.1252043571E+2           7.9845477876E+2          
02/11/16                  10:24:34.6                4.1433733912E+1           1.4875000000E+1           7.8743797053E+2           5.1001130554E+1           4.6004906843E+2           1.0213092019E+3          
02/11/16                  10:24:41.5                4.1433814624E+1           1.4839285710E+1           7.8730639326E+2           4.9308412333E+1           4.8684128905E+2           1.3160060706E+3          
02/11/16                  10:24:48.8                4.1433898887E+1           1.4804687500E+1           7.8731449460E+2           4.9043872553E+1           4.9468711615E+2           5.8363173295E+2          
02/11/16                  10:24:56.2                4.1433984069E+1           1.4812500000E+1           7.8701653281E+2           5.8707463840E+1           3.8518797368E+2           1.9608231586E+3          
02/11/16                  10:25:03.7                4.1434070901E+1           1.4796875000E+1           7.8751166204E+2           4.6692045722E+1           5.8142421490E+2           1.0100634342E+3          
02/11/16                  10:25:11.0                4.1434155385E+1           1.4812500000E+1           7.8757373047E+2           4.5007069214E+1           5.9178300238E+2           7.0772258275E+2          
02/11/16                  10:25:17.9                4.1434235500E+1           1.4822916670E+1           7.8771506440E+2           4.3532461811E+1           6.5448972862E+2           6.9058169939E+2          
02/11/16                  10:25:24.4                4.1434310643E+1           1.4857142860E+1           7.8702429640E+2           4.8646687747E+1           4.8355614151E+2           2.2574798023E+3          
02/11/16                  10:25:31.2                4.1434389225E+1           1.4875000000E+1           7.8734321550E+2           4.6572206812E+1           5.2813222521E+2           1.2587478602E+3          
02/11/16                  10:25:38.4                4.1434473133E+1           1.4875000000E+1           7.8716514357E+2           4.6131912232E+1           5.4757879312E+2           2.1197016066E+3          
02/11/16                  10:25:47.7                4.1434580175E+1           1.4964285710E+1           7.8732561929E+2           4.4229469565E+1           6.1740057701E+2           1.1734362544E+3          
02/11/16                  10:25:54.5                4.1434659174E+1           1.4955357140E+1           7.8742282377E+2           4.4251825733E+1           5.9092012515E+2           6.3877696704E+2          
02/11/16                  10:26:01.4                4.1434739141E+1           1.4937500000E+1           7.8597363165E+2           5.1309704542E+1           3.7611961130E+2           4.3364764381E+3          
02/11/16                  10:26:08.3                4.1434819021E+1           1.4979166670E+1           7.8731585899E+2           4.8900104303E+1           5.5796720646E+2           8.6073588141E+2          
02/11/16                  10:26:15.1                4.1434897468E+1           1.5000000000E+1           7.8751777876E+2           4.4009716014E+1           6.3018556345E+2           1.1879821866E+3          
02/11/16                  10:26:21.8                4.1434974940E+1           1.5041666670E+1           7.8760843724E+2           4.4961395427E+1           6.0703297884E+2           5.9738247594E+2          
02/11/16                  10:26:28.3                4.1435050033E+1           1.5062500000E+1           7.8742025671E+2           4.3308046038E+1           5.9773717232E+2           6.9458772424E+2          
02/11/16                  10:26:35.1                4.1435129350E+1           1.5107142860E+1           7.8716368625E+2           4.4276237160E+1           5.5211173969E+2           1.6505591168E+3          
02/11/16                  10:26:41.9                4.1435207970E+1           1.5080357140E+1           7.8749047772E+2           4.2333113639E+1           6.1645209368E+2           1.1279588571E+3          
02/11/16                  10:26:48.7                4.1435286897E+1           1.5062500000E+1           7.8745743294E+2           4.2941211302E+1           5.7681207693E+2           9.4915991249E+2          
02/11/16                  10:26:55.5                4.1435365247E+1           1.5062500000E+1           7.8761471340E+2           4.1346200214E+1           6.3153200311E+2           5.5219927243E+2          
02/11/16                  10:27:04.6                4.1435470437E+1           1.5062500000E+1           7.8755256807E+2           4.6609708637E+1           5.8074665557E+2           1.5574453752E+3          
02/11/16                  10:27:11.3                4.1435548263E+1           1.5116071430E+1           7.8762722920E+2           4.1830382067E+1           6.0886820449E+2           9.6941049624E+2          
02/11/16                  10:27:18.1                4.1435626287E+1           1.5166666670E+1           7.8762701196E+2           4.1699081674E+1           5.8355729923E+2           8.5447658964E+2          
02/11/16                  10:27:24.6                4.1435702338E+1           1.5178571430E+1           7.8759585726E+2           4.0606847900E+1           6.4021634731E+2           1.1715384021E+3          
02/11/16                  10:27:31.1                4.1435777362E+1           1.5218750000E+1           7.8788572047E+2           4.2893678177E+1           6.1674943151E+2           8.2133511983E+2          
02/11/16                  10:27:37.7                4.1435853186E+1           1.5223214290E+1           7.8776325154E+2           4.2036214254E+1           5.9219582012E+2           7.6379633968E+2          
02/11/16                  10:27:44.3                4.1435930370E+1           1.5250000000E+1           7.8750527663E+2           4.0786595091E+1           6.2436883071E+2           7.7044123627E+2          
02/11/16                  10:27:51.1                4.1436008363E+1           1.5250000000E+1           7.8742588498E+2           4.4806404182E+1           5.0391507237E+2           1.1722095860E+3          
02/11/16                  10:27:57.9                4.1436087371E+1           1.5250000000E+1           7.8769164399E+2           4.4834420058E+1           5.4962368686E+2           1.3207208875E+3          
02/11/16                  10:28:04.7                4.1436166563E+1           1.5250000000E+1           7.8793036774E+2           4.2212755607E+1           5.8620056520E+2           9.8701860234E+1          
02/11/16                  10:28:11.6                4.1436245682E+1           1.5276785710E+1           7.8751322430E+2           4.4601368858E+1           5.1491714023E+2           1.1406493661E+3          
02/11/16                  10:28:20.8                4.1436352322E+1           1.5214285710E+1           7.8728798576E+2           4.3820023334E+1           4.9179683533E+2           1.5286699339E+3          
02/11/16                  10:28:27.5                4.1436430543E+1           1.5208333330E+1           7.8765637045E+2           4.0597191691E+1           6.2617663485E+2           1.3489330684E+3          
02/11/16                  10:28:34.0                4.1436504909E+1           1.5196428570E+1           7.8751063225E+2           4.3188092532E+1           4.9974047807E+2           1.4845628478E+3          
02/11/16                  10:28:40.6                4.1436581130E+1           1.5187500000E+1           7.8737790566E+2           4.3814661299E+1           5.0952848747E+2           1.5249085244E+3          
02/11/16                  10:28:47.3                4.1436658996E+1           1.5187500000E+1           7.8793850347E+2           4.1843991450E+1           6.0147599374E+2           2.4986331332E+2          
02/11/16                  10:28:54.0                4.1436736782E+1           1.5197916670E+1           7.8780064546E+2           4.3018398140E+1           5.6477519973E+2           6.3225690459E+2          
02/11/16                  10:29:00.6                4.1436812774E+1           1.5187500000E+1           7.8788087317E+2           4.3994045111E+1           5.2746163786E+2           3.3516461310E+2          
02/11/16                  10:29:07.4                4.1436892255E+1           1.5142857140E+1           7.8763957808E+2           4.3340093089E+1           5.7622264931E+2           9.6474508746E+2          
02/11/16                  10:29:14.1                4.1436969319E+1           1.5125000000E+1           7.8754519706E+2           4.7370860004E+1           4.4471952866E+2           1.3703979009E+3          
02/11/16                  10:29:20.8                4.1437047077E+1           1.5125000000E+1           7.8761014826E+2           4.5120722364E+1           5.1381940749E+2           1.2658867610E+3          
02/11/16                  10:29:27.5                4.1437123965E+1           1.5125000000E+1           7.8784248937E+2           4.4093498705E+1           5.5975902619E+2           5.9747647934E+2          
02/11/16                  10:29:36.2                4.1437225539E+1           1.5125000000E+1           7.8775641315E+2           4.6179006782E+1           4.9405655154E+2           4.0007158870E+2          
02/11/16                  10:29:42.6                4.1437298925E+1           1.5125000000E+1           7.8754102041E+2           4.6049813043E+1           4.8931383865E+2           1.1776928822E+3          
02/11/16                  10:29:49.2                4.1437375388E+1           1.5114583330E+1           7.8741505177E+2           4.7355095369E+1           4.9253238104E+2           1.2734376313E+3          
02/11/16                  10:29:55.9                4.1437452549E+1           1.5133928570E+1           7.8767425339E+2           4.5305239217E+1           5.1521989269E+2           7.1083144037E+2          
02/11/16                  10:30:02.5                4.1437529968E+1           1.5125000000E+1           7.8772622340E+2           4.6234485556E+1           5.4842585792E+2           9.4700978809E+2          
02/11/16                  10:30:09.3                4.1437608316E+1           1.5187500000E+1           7.8758538403E+2           4.7085317128E+1           5.1759811275E+2           1.1783047010E+3          
02/11/16                  10:30:15.9                4.1437684400E+1           1.5187500000E+1           7.8731528715E+2           4.7359250233E+1           4.9123214601E+2           1.6415178389E+3          
02/11/16                  10:30:22.5                4.1437761251E+1           1.5142857140E+1           7.8735527619E+2           4.5070124709E+1           5.2891415699E+2           1.8775885525E+3          
02/11/16                  10:30:29.3                4.1437839737E+1           1.5142857140E+1           7.8751940936E+2           4.4709707665E+1           5.6562120393E+2           1.1794202992E+3          
02/11/16                  10:30:35.9                4.1437916559E+1           1.5140625000E+1           7.8761429193E+2           4.4352286608E+1           5.7478828288E+2           1.1333414401E+3          
02/11/16                  10:30:42.5                4.1437992396E+1           1.5107142860E+1           7.8787342090E+2           4.1264122825E+1           6.8406422322E+2           3.3031124981E+2          
02/11/16                  10:30:51.2                4.1438093286E+1           1.5133928570E+1           7.8739951530E+2           4.5695329698E+1           4.8793121507E+2           1.5821288245E+3          
02/11/16                  10:30:57.7                4.1438167830E+1           1.5104166670E+1           7.8752320952E+2           4.3749072929E+1           5.5381877665E+2           1.2962044728E+3          
02/11/16                  10:31:04.2                4.1438243243E+1           1.5062500000E+1           7.8746702881E+2           4.1936110292E+1           5.9255810411E+2           1.2443893318E+3          
02/11/16                  10:31:10.8                4.1438320293E+1           1.5041666670E+1           7.8752385247E+2           4.4129019172E+1           5.2253823941E+2           1.4415564732E+3          
02/11/16                  10:31:17.3                4.1438395404E+1           1.5062500000E+1           7.8788643482E+2           3.9373443564E+1           7.3313196196E+2           4.9436587520E+2          
02/11/16                  10:31:23.8                4.1438470952E+1           1.5052083330E+1           7.8775843845E+2           4.0980358668E+1           6.6986514194E+2           1.0741039198E+3          
02/11/16                  10:31:30.3                4.1438546011E+1           1.5000000000E+1           7.8740975036E+2           4.1321030304E+1           5.9244891190E+2           9.4449414050E+2          
02/11/16                  10:31:37.0                4.1438623728E+1           1.5000000000E+1           7.8782352618E+2           4.0575152138E+1           6.3391011784E+2           6.6499768489E+2          
02/11/16                  10:31:43.8                4.1438701486E+1           1.5000000000E+1           7.8725232122E+2           4.3649554935E+1           5.4501456716E+2           1.6883138599E+3          
02/11/16                  10:31:50.4                4.1438778405E+1           1.4984375000E+1           7.8720915453E+2           4.3689069008E+1           5.1351627231E+2           1.6626044403E+3          
02/11/16                  10:31:57.0                4.1438854752E+1           1.5000000000E+1           7.8796254333E+2           3.7584275030E+1           7.5233388754E+2           -2.8741557214E+2         
02/11/16                  10:32:05.1                4.1438948758E+1           1.4968750000E+1           7.8739934042E+2           4.5483377066E+1           5.5994939631E+2           1.4319030406E+3          
02/11/16                  10:32:11.7                4.1439025163E+1           1.4946428570E+1           7.8774921821E+2           4.0300151468E+1           6.9211334652E+2           7.9569309801E+2          
02/11/16                  10:32:18.4                4.1439102673E+1           1.4937500000E+1           7.8791669386E+2           4.2574124983E+1           6.0610865858E+2           3.0002031627E+2          
02/11/16                  10:32:25.1                4.1439179900E+1           1.4946428570E+1           7.8784837873E+2           3.8881678227E+1           6.9549797314E+2           1.0616645572E+2          
02/11/16                  10:32:31.7                4.1439256610E+1           1.5000000000E+1           7.8739452269E+2           4.1036517910E+1           6.2566201499E+2           1.8364862463E+3          
02/11/16                  10:32:38.2                4.1439331301E+1           1.4989583330E+1           7.8784222317E+2           3.9375102625E+1           6.7698690326E+2           5.2110807392E+2          
02/11/16                  10:32:44.7                4.1439407373E+1           1.4991071430E+1           7.8739240292E+2           3.8684818046E+1           6.1031705407E+2           9.3068130378E+2          
02/11/16                  10:32:51.3                4.1439483693E+1           1.5053571430E+1           7.8732401623E+2           3.8483235624E+1           6.4260646585E+2           1.5283508265E+3          
02/11/16                  10:32:57.8                4.1439558038E+1           1.5062500000E+1           7.8769626032E+2           3.7171884785E+1           6.9961952217E+2           5.3052602672E+2          
02/11/16                  10:33:04.4                4.1439634520E+1           1.5062500000E+1           7.8784439585E+2           3.5898684910E+1           7.9161078996E+2           2.5434078421E+1          
02/11/16                  10:33:11.0                4.1439710877E+1           1.5125000000E+1           7.8759275144E+2           3.8833270673E+1           6.5360817708E+2           1.6889373368E+3          
02/11/16                  10:33:19.7                4.1439811428E+1           1.5187500000E+1           7.8757844890E+2           3.7848410869E+1           6.6183526993E+2           5.1769514034E+2          
02/11/16                  10:33:26.1                4.1439886239E+1           1.5239583330E+1           7.8753216838E+2           3.8782912893E+1           6.5951927792E+2           5.1328153100E+2          
02/11/16                  10:33:32.8                4.1439963002E+1           1.5250000000E+1           7.8719611715E+2           4.0769094764E+1           5.3859986831E+2           1.7497704382E+3          
02/11/16                  10:33:39.2                4.1440037756E+1           1.5281250000E+1           7.8752060544E+2           3.7831620133E+1           6.2197708120E+2           1.0071747819E+3          
02/11/16                  10:33:45.7                4.1440113339E+1           1.5343750000E+1           7.8743359994E+2           3.9808086613E+1           6.0006527837E+2           1.5106862130E+3          
02/11/16                  10:33:52.2                4.1440187722E+1           1.5375000000E+1           7.8788365962E+2           3.7207374300E+1           6.9783934197E+2           -2.7475884864E+2         
02/11/16                  10:33:58.6                4.1440261951E+1           1.5366071430E+1           7.8740963340E+2           3.8914727051E+1           6.1202084189E+2           1.1949887504E+3          
02/11/16                  10:34:05.1                4.1440336869E+1           1.5385416670E+1           7.8766459285E+2           3.7293243732E+1           6.6991459515E+2           4.3418514463E+2          
02/11/16                  10:34:11.7                4.1440414212E+1           1.5419642860E+1           7.8761184933E+2           3.8059367086E+1           6.5549441246E+2           6.6341802641E+2          
02/11/16                  10:34:18.4                4.1440490933E+1           1.5437500000E+1           7.8769401046E+2           3.5693354175E+1           7.3412995523E+2           -3.3874851205E+2         
02/11/16                  10:34:24.9                4.1440566663E+1           1.5508928570E+1           7.8747370074E+2           3.9582387164E+1           6.1842517161E+2           1.2382209097E+3          
02/11/16                  10:34:33.5                4.1440665729E+1           1.5562500000E+1           7.8713585208E+2           4.1345049958E+1           5.3325136559E+2           1.8715150635E+3          
02/11/16                  10:34:40.1                4.1440741936E+1           1.5572916670E+1           7.8759136767E+2           3.9153168705E+1           6.2180351851E+2           9.3027490665E+2          
02/11/16                  10:34:46.5                4.1440816916E+1           1.5589285710E+1           7.8757922142E+2           3.5590653167E+1           7.6812178263E+2           4.6370705497E+2          
02/11/16                  10:34:53.2                4.1440893958E+1           1.5562500000E+1           7.8769125774E+2           4.0833103605E+1           6.2576132337E+2           7.6634348105E+2          
02/11/16                  10:34:59.6                4.1440968397E+1           1.5593750000E+1           7.8737843989E+2           3.9034858369E+1           6.0585346400E+2           1.3215132674E+3          
02/11/16                  10:35:06.2                4.1441044677E+1           1.5562500000E+1           7.8758478628E+2           3.7896113041E+1           6.8220983591E+2           1.0732325685E+3          
02/11/16                  10:35:12.7                4.1441119787E+1           1.5562500000E+1           7.8754710600E+2           4.0377476681E+1           6.1895241176E+2           1.2742939870E+3          
02/11/16                  10:35:19.2                4.1441194943E+1           1.5572916670E+1           7.8782414646E+2           3.9256231444E+1           6.5336820296E+2           8.8602227565E+0          
02/11/16                  10:35:25.5                4.1441267708E+1           1.5607142860E+1           7.8730366655E+2           4.2314487866E+1           5.3481791700E+2           1.3167009925E+3          
02/11/16                  10:35:31.9                4.1441342077E+1           1.5625000000E+1           7.8718963895E+2           4.0998431807E+1           5.5682876047E+2           1.8692880648E+3          
02/11/16                  10:35:38.5                4.1441418689E+1           1.5677083330E+1           7.8732666946E+2           3.9701529248E+1           6.3297249498E+2           1.5584303981E+3          
02/11/16                  10:35:47.1                4.1441517409E+1           1.5708333330E+1           7.8728945921E+2           4.2573674302E+1           5.8420690733E+2           9.5128152512E+2          
02/11/16                  10:35:53.4                4.1441590818E+1           1.5767857140E+1           7.8712017304E+2           4.5098574235E+1           5.1749517542E+2           1.8157471899E+3          
02/11/16                  10:35:59.9                4.1441666053E+1           1.5760416670E+1           7.8715135279E+2           4.3642534258E+1           5.0367098133E+2           1.6867062424E+3          
02/11/16                  10:36:06.4                4.1441741018E+1           1.5750000000E+1           7.8719912901E+2           4.3555381642E+1           5.5647884172E+2           1.5354813777E+3          
02/11/16                  10:36:12.9                4.1441816189E+1           1.5750000000E+1           7.8732437459E+2           4.4526256710E+1           5.2546341581E+2           1.5899462639E+3          
02/11/16                  10:36:19.5                4.1441892515E+1           1.5660714290E+1           7.8754528835E+2           4.0530127695E+1           6.1119767921E+2           6.7050220001E+2          
02/11/16                  10:36:26.0                4.1441967755E+1           1.5677083330E+1           7.8750627686E+2           4.0950624256E+1           5.9701294622E+2           9.5608433785E+2          
02/11/16                  10:36:32.4                4.1442042490E+1           1.5696428570E+1           7.8714817026E+2           4.2824864384E+1           5.2353967499E+2           1.4478696771E+3          
02/11/16                  10:36:38.9                4.1442117498E+1           1.5697916670E+1           7.8723879057E+2           4.2517865593E+1           5.1495495524E+2           1.5237043091E+3          
02/11/16                  10:36:45.3                4.1442191891E+1           1.5687500000E+1           7.8757601199E+2           3.8828133951E+1           6.1487699775E+2           4.6803064857E+2          
02/11/16                  10:36:51.7                4.1442266173E+1           1.5687500000E+1           7.8756509597E+2           3.7429753361E+1           6.8625635602E+2           6.4533056242E+2          
02/11/16                  10:37:00.1                4.1442362899E+1           1.5677083330E+1           7.8718385142E+2           4.0554747747E+1           5.7573257090E+2           1.6341086902E+3          
02/11/16                  10:37:06.3                4.1442434613E+1           1.5660714290E+1           7.8732566572E+2           4.0614111763E+1           5.3087264817E+2           9.4525959525E+2          
02/11/16                  10:37:12.6                4.1442507971E+1           1.5645833330E+1           7.8728331697E+2           4.1796148202E+1           5.3451146257E+2           1.5001676368E+3          
02/11/16                  10:37:19.1                4.1442582782E+1           1.5645833330E+1           7.8639248061E+2           4.6737832989E+1           3.6042990422E+2           2.8961505201E+3          
02/11/16                  10:37:25.7                4.1442658681E+1           1.5650000000E+1           7.8737019135E+2           4.2569700750E+1           5.3201612329E+2           8.2550255950E+2          
02/11/16                  10:37:32.3                4.1442735700E+1           1.5678571430E+1           7.8775338058E+2           4.0179190790E+1           5.9736194156E+2           1.4458119646E+2          
02/11/16                  10:37:38.8                4.1442810597E+1           1.5697916670E+1           7.8745991718E+2           3.9507784987E+1           5.5918250968E+2           2.5036229073E+2          
02/11/16                  10:37:45.1                4.1442884067E+1           1.5666666670E+1           7.8742822434E+2           3.9211712040E+1           6.1301855962E+2           1.0790035570E+3          
02/11/16                  10:37:51.6                4.1442958905E+1           1.5696428570E+1           7.8747526341E+2           3.9818849818E+1           5.6959092524E+2           7.4079560928E+2          
02/11/16                  10:37:58.2                4.1443034823E+1           1.5687500000E+1           7.8743348624E+2           4.0288569120E+1           5.6397981546E+2           7.8803844125E+2          
02/11/16                  10:38:04.7                4.1443110957E+1           1.5651785710E+1           7.8753492848E+2           3.8164042308E+1           6.1247980133E+2           1.7763940432E+2          
02/11/16                  10:38:13.1                4.1443208240E+1           1.5614583330E+1           7.8756573332E+2           3.8506144665E+1           5.8792404865E+2           4.0710316735E+2          
02/11/16                  10:38:19.7                4.1443283698E+1           1.5625000000E+1           7.8722655202E+2           4.1009825321E+1           5.1168197721E+2           7.7395666642E+2          
02/11/16                  10:38:26.1                4.1443357866E+1           1.5593750000E+1           7.8717194702E+2           4.1899044238E+1           4.9693677991E+2           1.5895187907E+3          
02/11/16                  10:38:32.5                4.1443432340E+1           1.5562500000E+1           7.8732052988E+2           4.0191057079E+1           5.3619307982E+2           1.4144661460E+3          
02/11/16                  10:38:39.0                4.1443507611E+1           1.5546875000E+1           7.8695246668E+2           4.3578236450E+1           4.2228573756E+2           2.0198886499E+3          
02/11/16                  10:38:45.6                4.1443583634E+1           1.5552083330E+1           7.8764208201E+2           3.8478824563E+1           5.8952437252E+2           -3.6866379852E+2         
02/11/16                  10:38:51.9                4.1443657306E+1           1.5571428570E+1           7.8765844961E+2           3.9053281619E+1           6.5272652807E+2           7.8279676371E+2          
02/11/16                  10:38:58.5                4.1443733026E+1           1.5572916670E+1           7.8756885149E+2           3.8031557996E+1           5.7078776460E+2           3.2890769133E+2          
02/11/16                  10:39:05.0                4.1443808416E+1           1.5508928570E+1           7.8726482135E+2           3.9191033893E+1           5.8343997052E+2           1.6291416440E+3          
02/11/16                  10:39:11.5                4.1443883781E+1           1.5515625000E+1           7.8688922656E+2           4.1203285582E+1           5.0360383992E+2           2.1597447506E+3          
02/11/16                  10:39:17.8                4.1443957112E+1           1.5520833330E+1           7.8744037382E+2           3.9120625863E+1           6.1645742850E+2           1.0341677010E+3          
02/11/16                  10:39:26.1                4.1444053155E+1           1.5531250000E+1           7.8728383834E+2           3.9370826168E+1           5.8359150594E+2           1.4161998712E+3          
02/11/16                  10:39:32.8                4.1444130093E+1           1.5508928570E+1           7.8765428058E+2           3.7725451941E+1           6.0791464651E+2           -3.7399140518E+1         
02/11/16                  10:39:39.4                4.1444206286E+1           1.5535714290E+1           7.8762215603E+2           3.8050437413E+1           6.5052566628E+2           3.6073313232E+2          
02/11/16                  10:39:45.8                4.1444280542E+1           1.5562500000E+1           7.8685034265E+2           4.3608864132E+1           4.5656561518E+2           2.2006970969E+3          
02/11/16                  10:39:52.4                4.1444356634E+1           1.5609375000E+1           7.8741135093E+2           3.8888078716E+1           6.3581173449E+2           1.0522526588E+3          
02/11/16                  10:39:58.8                4.1444431568E+1           1.5651785710E+1           7.8743927529E+2           4.0408443732E+1           5.6704243447E+2           1.5022613733E+3          
02/11/16                  10:40:05.5                4.1444508108E+1           1.5687500000E+1           7.8686989428E+2           4.2109845701E+1           4.7115630798E+2           2.6342972344E+3          
02/11/16                  10:40:12.0                4.1444584427E+1           1.5758928570E+1           7.8764478457E+2           4.0371253850E+1           5.7326822154E+2           3.9887223003E+2          
02/11/16                  10:40:18.6                4.1444660455E+1           1.5812500000E+1           7.8741280489E+2           4.1934635220E+1           5.4151203467E+2           1.1846431951E+3          
02/11/16                  10:40:24.9                4.1444732915E+1           1.5850000000E+1           7.8764209232E+2           3.8939326190E+1           6.2641398741E+2           3.2582431042E+2          
02/11/16                  10:40:31.3                4.1444807713E+1           1.5854166670E+1           7.8728466231E+2           3.9108949327E+1           6.0625953153E+2           1.4401054444E+3          
02/11/16                  10:40:39.6                4.1444903590E+1           1.5875000000E+1           7.8715023938E+2           3.9537426206E+1           5.4813875077E+2           1.4880105952E+3          
02/11/16                  10:40:45.9                4.1444976281E+1           1.5883928570E+1           7.8723311288E+2           3.9712831939E+1           5.8461693847E+2           1.5317221948E+3          
02/11/16                  10:40:52.1                4.1445047491E+1           1.5885416670E+1           7.8775434872E+2           3.7802304285E+1           6.8858668970E+2           2.9293270185E+2          
02/11/16                  10:40:58.4                4.1445120949E+1           1.5906250000E+1           7.8754764343E+2           3.9134065117E+1           5.9838089124E+2           7.9803691075E+2          
02/11/16                  10:41:04.7                4.1445194411E+1           1.5875000000E+1           7.8724606783E+2           4.1354070839E+1           5.1380679728E+2           1.6147823848E+3          
02/11/16                  10:41:11.0                4.1445266389E+1           1.5875000000E+1           7.8756954144E+2           3.7358894258E+1           6.0090057012E+2           5.1624240572E+2          
02/11/16                  10:41:17.1                4.1445337216E+1           1.5906250000E+1           7.8731880274E+2           3.8085067583E+1           6.1416575327E+2           1.3330782316E+3          
02/11/16                  10:41:23.5                4.1445411228E+1           1.5892857140E+1           7.8734257446E+2           3.7564528519E+1           5.8817424988E+2           9.5273078789E+2          
02/11/16                  10:41:29.7                4.1445482725E+1           1.5916666670E+1           7.8721046321E+2           3.8842691014E+1           4.9874511155E+2           1.4344916687E+3          
02/11/16                  10:41:35.8                4.1445554337E+1           1.5895833330E+1           7.8766000946E+2           3.6160390982E+1           6.6031820789E+2           6.3476245617E+2          
02/11/16                  10:41:42.3                4.1445628551E+1           1.5875000000E+1           7.8721166898E+2           3.9740794697E+1           5.2764232953E+2           1.4868711838E+3          
02/11/16                  10:41:50.5                4.1445723500E+1           1.5854166670E+1           7.8728377869E+2           3.9843803420E+1           5.7618933258E+2           1.2027572395E+3          
02/11/16                  10:41:56.8                4.1445796351E+1           1.5875000000E+1           7.8730378851E+2           3.8934431879E+1           5.6105539648E+2           1.5180442560E+3          
02/11/16                  10:42:03.0                4.1445868057E+1           1.5885416670E+1           7.8722160984E+2           3.6444880156E+1           6.3431711283E+2           1.3929657767E+3          
02/11/16                  10:42:09.1                4.1445939155E+1           1.5895833330E+1           7.8764731768E+2           3.6954886771E+1           6.1125661819E+2           -1.6060565400E+2         
02/11/16                  10:42:15.3                4.1446011033E+1           1.5890625000E+1           7.8738834894E+2           3.7805509029E+1           5.5493723587E+2           1.6400259493E+3          
02/11/16                  10:42:21.5                4.1446082857E+1           1.5864583330E+1           7.8773470009E+2           3.3752747423E+1           6.9368041700E+2           6.1955874328E+1          
02/11/16                  10:42:27.6                4.1446153278E+1           1.5864583330E+1           7.8723268520E+2           3.5516910944E+1           6.0485651127E+2           8.9932929482E+2          
02/11/16                  10:42:33.9                4.1446226242E+1           1.5875000000E+1           7.8726608691E+2           3.8808036584E+1           5.5051262544E+2           1.4953421670E+3          
02/11/16                  10:42:40.2                4.1446298765E+1           1.5875000000E+1           7.8706795286E+2           3.7819816118E+1           5.1684630821E+2           1.5198708563E+3          
02/11/16                  10:42:46.0                4.1446365926E+1           1.5875000000E+1           7.8711639149E+2           3.7929962764E+1           5.3583530709E+2           1.8157985119E+3          
02/11/16                  10:42:52.1                4.1446436483E+1           1.5875000000E+1           7.8622253474E+2           4.2640243773E+1           3.5746535347E+2           3.7102661758E+3          
02/11/16                  10:43:00.0                4.1446527894E+1           1.5937500000E+1           7.8697646606E+2           4.0046928488E+1           4.6886214782E+2           1.5616347364E+3          
02/11/16                  10:43:06.2                4.1446599667E+1           1.5968750000E+1           7.8750166649E+2           3.6467074253E+1           5.8898829009E+2           6.2687621797E+2          
02/11/16                  10:43:12.4                4.1446671725E+1           1.6035714290E+1           7.8725358354E+2           3.8456989235E+1           5.3738569542E+2           1.3342815380E+3          
02/11/16                  10:43:18.5                4.1446742017E+1           1.6072916670E+1           7.8721262104E+2           3.8643478832E+1           5.0492741273E+2           9.8798284101E+2          
02/11/16                  10:43:24.5                4.1446811886E+1           1.6125000000E+1           7.8706187213E+2           4.0024771827E+1           4.5487926575E+2           1.8344023579E+3          
02/11/16                  10:43:30.7                4.1446883877E+1           1.6135416670E+1           7.8694517749E+2           3.9114971947E+1           4.9756410132E+2           1.9546782879E+3          
02/11/16                  10:43:36.7                4.1446953597E+1           1.6187500000E+1           7.8759143427E+2           3.8651412067E+1           5.3132183083E+2           9.6002094998E+1          
02/11/16                  10:43:42.6                4.1447021981E+1           1.6187500000E+1           7.8716316956E+2           3.9899804309E+1           4.7777379152E+2           1.2875191959E+3          
02/11/16                  10:43:48.5                4.1447090237E+1           1.6145833330E+1           7.8702164713E+2           3.9228862422E+1           4.9720044148E+2           1.8538482250E+3          
02/11/16                  10:43:54.6                4.1447160299E+1           1.6171875000E+1           7.8725241868E+2           3.9072734890E+1           5.0353622122E+2           1.0284220445E+3          
02/11/16                  10:44:00.8                4.1447231552E+1           1.6187500000E+1           7.8737249954E+2           3.8249099740E+1           5.8713099835E+2           9.2906875657E+2          
02/11/16                  10:44:08.5                4.1447321478E+1           1.6250000000E+1           7.8774329322E+2           3.5743273396E+1           6.5877792627E+2           -1.3051093267E+3         
02/11/16                  10:44:14.3                4.1447387845E+1           1.6250000000E+1           7.8717455038E+2           4.0435106053E+1           4.6671598403E+2           9.6323162781E+2          
02/11/16                  10:44:20.0                4.1447454813E+1           1.6250000000E+1           7.8745266528E+2           3.6400399738E+1           6.0075332123E+2           2.1533497079E+2          
02/11/16                  10:44:25.9                4.1447522077E+1           1.6208333330E+1           7.8716882393E+2           3.8463716537E+1           5.2440736065E+2           1.0609035403E+3          
02/11/16                  10:44:31.7                4.1447589446E+1           1.6187500000E+1           7.8774265443E+2           3.5894438581E+1           6.8424863180E+2           -1.6376288032E+2         
02/11/16                  10:44:37.7                4.1447659113E+1           1.6197916670E+1           7.8734061918E+2           3.7710801177E+1           5.4233953336E+2           6.3882751418E+2          
02/11/16                  10:44:43.6                4.1447726885E+1           1.6187500000E+1           7.8746511748E+2           3.8931507453E+1           5.8182242928E+2           9.6000756720E+2          
02/11/16                  10:44:49.5                4.1447795772E+1           1.6197916670E+1           7.8757316617E+2           3.8883320149E+1           5.8615152695E+2           5.0556831680E+2          
02/11/16                  10:44:55.2                4.1447862242E+1           1.6187500000E+1           7.8699929679E+2           3.9773627028E+1           4.7223351166E+2           1.0640469134E+3          
02/11/16                  10:45:00.9                4.1447927366E+1           1.6187500000E+1           7.8706002712E+2           3.8781375609E+1           5.0475200850E+2           1.7716756539E+3          
02/11/16                  10:45:06.5                4.1447992983E+1           1.6187500000E+1           7.8730900287E+2           3.8512307705E+1           5.3852038524E+2           5.1934681608E+2          
02/11/16                  10:45:14.5                4.1448084920E+1           1.6187500000E+1           7.8741893752E+2           4.2338148416E+1           5.2276953967E+2           5.1388850337E+2          
02/11/16                  10:45:20.4                4.1448152957E+1           1.6187500000E+1           7.8741500603E+2           4.2066339660E+1           4.9045508860E+2           6.3878552113E+2          
02/11/16                  10:45:26.3                4.1448222150E+1           1.6187500000E+1           7.8734430499E+2           4.1706873564E+1           5.1425856530E+2           1.4331736101E+3          
02/11/16                  10:45:32.4                4.1448291834E+1           1.6187500000E+1           7.8760445483E+2           4.1287416892E+1           5.2114690632E+2           1.7854764491E+2          
02/11/16                  10:45:38.2                4.1448359665E+1           1.6208333330E+1           7.8716193761E+2           3.8467830231E+1           5.7350418999E+2           1.9364586718E+3          
02/11/16                  10:45:44.1                4.1448427604E+1           1.6250000000E+1           7.8759749257E+2           3.5080350359E+1           6.1929286017E+2           4.9033775010E+2          
02/11/16                  10:45:49.6                4.1448491845E+1           1.6250000000E+1           7.8735200011E+2           3.8165858964E+1           5.2762516244E+2           9.1880957264E+2          
02/11/16                  10:45:55.3                4.1448557350E+1           1.6250000000E+1           7.8755794912E+2           3.3022214830E+1           6.8795071690E+2           -1.4732492250E+2         
02/11/16                  10:46:01.2                4.1448625365E+1           1.6239583330E+1           7.8715172151E+2           3.7973055522E+1           5.1069249263E+2           1.2742597254E+3          
02/11/16                  10:46:07.1                4.1448693455E+1           1.6250000000E+1           7.8719637670E+2           3.7991904244E+1           5.3207659127E+2           1.2468531024E+3          
02/11/16                  10:46:12.9                4.1448761063E+1           1.6262500000E+1           7.8696019602E+2           3.9265888560E+1           4.6808045242E+2           2.2977078289E+3          
02/11/16                  10:46:20.5                4.1448849208E+1           1.6250000000E+1           7.8697967321E+2           3.8111205498E+1           5.0500805171E+2           2.0006946738E+3          
02/11/16                  10:46:26.2                4.1448914933E+1           1.6250000000E+1           7.8732717238E+2           3.5966347914E+1           5.4204214639E+2           4.7822608032E+2          
02/11/16                  10:46:31.8                4.1448980066E+1           1.6281250000E+1           7.8749978242E+2           3.4844562653E+1           6.1122410831E+2           1.6293034782E+2          
02/11/16                  10:46:37.5                4.1449046216E+1           1.6312500000E+1           7.8786962096E+2           3.3961352519E+1           6.6486113911E+2           -4.8475641832E+2         
02/11/16                  10:46:43.3                4.1449112340E+1           1.6312500000E+1           7.8740533324E+2           3.7055384292E+1           5.5488852394E+2           7.9478861163E+2          
02/11/16                  10:46:48.8                4.1449176051E+1           1.6354166670E+1           7.8711483091E+2           3.8358654907E+1           4.9673974291E+2           1.9249346017E+3          
02/11/16                  10:46:54.2                4.1449239401E+1           1.6375000000E+1           7.8754711385E+2           3.7085491606E+1           5.4551365724E+2           6.0402988890E+2          
02/11/16                  10:46:59.7                4.1449302090E+1           1.6387500000E+1           7.8719916646E+2           3.7456599563E+1           5.1572110927E+2           1.0052320460E+3          
02/11/16                  10:47:05.1                4.1449365312E+1           1.6416666670E+1           7.8728408545E+2           3.7746687930E+1           5.4190122766E+2           1.3839695953E+3          
02/11/16                  10:47:10.9                4.1449432109E+1           1.6437500000E+1           7.8735282474E+2           3.7220157785E+1           5.4985272922E+2           1.0381319211E+3          
02/11/16                  10:47:16.7                4.1449499629E+1           1.6489583330E+1           7.8748336307E+2           3.6823029755E+1           5.5876840648E+2           4.0331033568E+2          
02/11/16                  10:47:24.3                4.1449587402E+1           1.6500000000E+1           7.8718131499E+2           3.6403907329E+1           5.7844623119E+2           1.6611807970E+3          
02/11/16                  10:47:29.9                4.1449652085E+1           1.6512500000E+1           7.8733077110E+2           3.8132182259E+1           5.3131210713E+2           1.4045051728E+3          
02/11/16                  10:47:35.5                4.1449716919E+1           1.6552083330E+1           7.8739078988E+2           3.6483593942E+1           5.5573714857E+2           9.5242483385E+2          
02/11/16                  10:47:41.2                4.1449782447E+1           1.6550000000E+1           7.8750065294E+2           3.5034373794E+1           6.0506016291E+2           2.2294149900E+2          
02/11/16                  10:47:46.8                4.1449847408E+1           1.6500000000E+1           7.8732706034E+2           3.8447789788E+1           5.2321210708E+2           1.2066225028E+3          
02/11/16                  10:47:52.2                4.1449910694E+1           1.6500000000E+1           7.8729422440E+2           3.6467405142E+1           5.5802923087E+2           8.9951254378E+2          
02/11/16                  10:47:57.7                4.1449973981E+1           1.6475000000E+1           7.8740307663E+2           3.6433463983E+1           5.3950992781E+2           3.4039342506E+2          
02/11/16                  10:48:03.1                4.1450037020E+1           1.6500000000E+1           7.8756101968E+2           3.4176772725E+1           6.7314129421E+2           2.1735351282E+2          
02/11/16                  10:48:08.5                4.1450098866E+1           1.6500000000E+1           7.8759826765E+2           3.6082714908E+1           6.1514015427E+2           3.9178011210E+2          
02/11/16                  10:48:14.0                4.1450162730E+1           1.6500000000E+1           7.8749779410E+2           3.6835027944E+1           5.8777820438E+2           7.6754119296E+1          
02/11/16                  10:48:19.9                4.1450230811E+1           1.6500000000E+1           7.8744335923E+2           3.5111166611E+1           6.0486594832E+2           7.2935888593E+2          
02/11/16                  10:48:27.3                4.1450316739E+1           1.6562500000E+1           7.8740994153E+2           3.5730602866E+1           5.6199882582E+2           7.8897262160E+2          
02/11/16                  10:48:32.7                4.1450379280E+1           1.6625000000E+1           7.8741184197E+2           3.7136373827E+1           5.2439758952E+2           5.4504557613E+2          
02/11/16                  10:48:38.3                4.1450443402E+1           1.6645833330E+1           7.8756143141E+2           3.4627356702E+1           6.1622948697E+2           2.7727902239E+2          
02/11/16                  10:48:44.0                4.1450510327E+1           1.6687500000E+1           7.8711288570E+2           3.7957253936E+1           4.6425142741E+2           1.0732728677E+3          
02/11/16                  10:48:49.6                4.1450574379E+1           1.6734375000E+1           7.8748330733E+2           3.5845031021E+1           5.5494154701E+2           6.8163362772E+2          
02/11/16                  10:48:55.1                4.1450638601E+1           1.6770833330E+1           7.8736328310E+2           3.5393161675E+1           5.7286760037E+2           7.1659151635E+2          
02/11/16                  10:49:00.6                4.1450702082E+1           1.6812500000E+1           7.8743207668E+2           3.6495745110E+1           5.4506734592E+2           2.3931298900E+2          
02/11/16                  10:49:05.9                4.1450763307E+1           1.6812500000E+1           7.8736942028E+2           3.7613395301E+1           5.2035600621E+2           1.0196475067E+3          
02/11/16                  10:49:11.3                4.1450825797E+1           1.6802083330E+1           7.8780592166E+2           3.6162639437E+1           5.7885035377E+2           -9.0911210434E+2         
02/11/16                  10:49:16.9                4.1450890962E+1           1.6833333330E+1           7.8714316484E+2           3.6579987607E+1           5.4239442312E+2           1.7085824824E+3          
02/11/16                  10:49:22.3                4.1450953330E+1           1.6875000000E+1           7.8726752234E+2           3.6497848074E+1           5.5585625586E+2           1.2511291915E+3          
02/11/16                  10:49:29.6                4.1451037786E+1           1.6875000000E+1           7.8724527775E+2           3.8289105581E+1           5.0545002905E+2           1.0097749966E+3          
02/11/16                  10:49:34.9                4.1451098767E+1           1.6875000000E+1           7.8765377268E+2           3.4451442152E+1           6.2756437588E+2           -4.7405938178E+2         
02/11/16                  10:49:40.1                4.1451159615E+1           1.6875000000E+1           7.8744544660E+2           3.7275745262E+1           5.8433405419E+2           6.4951734949E+2          
02/11/16                  10:49:45.4                4.1451220828E+1           1.6875000000E+1           7.8700514293E+2           4.1551481021E+1           3.8773066545E+2           1.7251213216E+3          
02/11/16                  10:49:50.9                4.1451284139E+1           1.6875000000E+1           7.8735752913E+2           3.7084554345E+1           5.6552035740E+2           7.7011257492E+2          
02/11/16                  10:49:56.2                4.1451345947E+1           1.6887500000E+1           7.8726500643E+2           3.7423714877E+1           5.2883626320E+2           8.8662031801E+2          
02/11/16                  10:50:01.6                4.1451408205E+1           1.6927083330E+1           7.8718290556E+2           3.8473006160E+1           4.7658849339E+2           1.7143342615E+3          
02/11/16                  10:50:07.0                4.1451470060E+1           1.6912500000E+1           7.8735405597E+2           3.9051533183E+1           4.9075891262E+2           4.2599101443E+2          
02/11/16                  10:50:12.4                4.1451532564E+1           1.6916666670E+1           7.8711380441E+2           3.9269808443E+1           4.9331303843E+2           1.3157572458E+3          
02/11/16                  10:50:17.8                4.1451595584E+1           1.6937500000E+1           7.8741751227E+2           3.7515050588E+1           5.2351056721E+2           2.3848419154E+2          
02/11/16                  10:50:23.1                4.1451656992E+1           1.6937500000E+1           7.8735966001E+2           3.6016212697E+1           5.7917830414E+2           9.0442621716E+2          
02/11/16                  10:50:30.3                4.1451740602E+1           1.6900000000E+1           7.8719745256E+2           3.8626916584E+1           4.8643501237E+2           5.6811430773E+2          
02/11/16                  10:50:35.7                4.1451803048E+1           1.6885416670E+1           7.8750084662E+2           3.9269579911E+1           5.0348960234E+2           7.5443996349E+2          
02/11/16                  10:50:41.0                4.1451864501E+1           1.6875000000E+1           7.8708384855E+2           3.9022294299E+1           4.3620093171E+2           1.0186509472E+3          
02/11/16                  10:50:46.3                4.1451925197E+1           1.6862500000E+1           7.8733551091E+2           3.9008504196E+1           4.7581891487E+2           7.2549521323E+2          
02/11/16                  10:50:51.5                4.1451985714E+1           1.6875000000E+1           7.8737286126E+2           3.6584225461E+1           5.3740559949E+2           6.7061483413E+2          
02/11/16                  10:50:56.9                4.1452048078E+1           1.6875000000E+1           7.8748339885E+2           3.8299907431E+1           4.8260090080E+2           -2.4130154168E+2         
02/11/16                  10:51:02.3                4.1452110567E+1           1.6812500000E+1           7.8732407917E+2           4.0396752989E+1           4.4643965261E+2           7.0133726195E+2          
02/11/16                  10:51:07.5                4.1452171066E+1           1.6775000000E+1           7.8768308794E+2           3.8372408452E+1           5.4326666283E+2           -2.3024150932E+2         
02/11/16                  10:51:12.8                4.1452231581E+1           1.6750000000E+1           7.8713114114E+2           4.1997734672E+1           4.7110305581E+2           1.4776752713E+3          
02/11/16                  10:51:18.1                4.1452293166E+1           1.6750000000E+1           7.8769390242E+2           3.6717314376E+1           5.6735189556E+2           -1.3180482654E+2         
02/11/16                  10:51:23.4                4.1452354322E+1           1.6737500000E+1           7.8741302130E+2           3.9790877605E+1           4.9247388831E+2           2.1764944669E+2          
02/11/16                  10:51:30.3                4.1452434583E+1           1.6687500000E+1           7.8740700778E+2           3.9403227920E+1           4.5983051822E+2           3.4800004832E+2          
02/11/16                  10:51:35.4                4.1452493702E+1           1.6687500000E+1           7.8727538747E+2           3.7824549559E+1           4.7265377290E+2           8.9567960172E+2          
02/11/16                  10:51:40.6                4.1452554231E+1           1.6625000000E+1           7.8735176059E+2           3.6223102678E+1           5.7126644564E+2           5.0816355214E+2          
02/11/16                  10:51:45.9                4.1452615005E+1           1.6645833330E+1           7.8732552304E+2           3.7133614019E+1           5.0677518677E+2           1.2178341513E+3          
02/11/16                  10:51:51.2                4.1452675978E+1           1.6625000000E+1           7.8748827886E+2           3.6012292391E+1           5.4034159636E+2           1.1323110096E+3          
02/11/16                  10:51:56.3                4.1452735127E+1           1.6687500000E+1           7.8740695778E+2           3.5461568333E+1           5.5046051125E+2           3.8118698127E+1          
02/11/16                  10:52:01.3                4.1452793950E+1           1.6712500000E+1           7.8761918120E+2           3.5707943407E+1           5.2841567213E+2           -2.7232924526E+2         
02/11/16                  10:52:06.5                4.1452853502E+1           1.6750000000E+1           7.8730331106E+2           3.3973164116E+1           5.8789802672E+2           -7.9903619460E+1         
02/11/16                  10:52:11.7                4.1452913850E+1           1.6812500000E+1           7.8683170786E+2           3.8614657009E+1           4.4134915318E+2           2.4298995145E+3          
02/11/16                  10:52:16.9                4.1452974023E+1           1.6875000000E+1           7.8756182134E+2           3.4393973748E+1           6.2497177585E+2           -2.7783553348E+1         
02/11/16                  10:52:22.2                4.1453035247E+1           1.6875000000E+1           7.8757070185E+2           3.5864219427E+1           5.6271587686E+2           4.7906883409E+2          
02/11/16                  10:52:29.3                4.1453117856E+1           1.6862500000E+1           7.8688441718E+2           4.0045653793E+1           4.0751256823E+2           2.2677036190E+3          
02/11/16                  10:52:34.4                4.1453176923E+1           1.6875000000E+1           7.8731660985E+2           3.6808906317E+1           4.9620413440E+2           2.8486125590E+2          
02/11/16                  10:52:39.7                4.1453237284E+1           1.6937500000E+1           7.8731612096E+2           3.8309653295E+1           4.7598260834E+2           8.6696920695E+2          
02/11/16                  10:52:44.9                4.1453298196E+1           1.6979166670E+1           7.8721921628E+2           3.7558291546E+1           5.0858566021E+2           6.1906587082E+2          
02/11/16                  10:52:50.1                4.1453358738E+1           1.7000000000E+1           7.8722929017E+2           3.7964829961E+1           4.9608805368E+2           9.6600977259E+2          
02/11/16                  10:52:55.3                4.1453418176E+1           1.7000000000E+1           7.8730156504E+2           3.8163932756E+1           4.8878390804E+2           4.5633181831E+2          
02/11/16                  10:53:00.4                4.1453476966E+1           1.6937500000E+1           7.8746847272E+2           3.8064351695E+1           5.2170027827E+2           2.3201966168E+1          
02/11/16                  10:53:05.4                4.1453535851E+1           1.6937500000E+1           7.8747811455E+2           3.7905664141E+1           5.2612272927E+2           -2.4443663961E+2         
02/11/16                  10:53:10.6                4.1453595150E+1           1.6925000000E+1           7.8701970211E+2           3.9967554685E+1           4.5091489891E+2           1.0029379242E+3          
02/11/16                  10:53:15.7                4.1453654299E+1           1.6937500000E+1           7.8715587753E+2           3.9627184445E+1           4.6103297015E+2           1.9913499633E+3          
02/11/16                  10:53:21.0                4.1453715699E+1           1.6912500000E+1           7.8728557456E+2           3.8650692585E+1           4.8204462120E+2           4.4027329485E+2          
02/11/16                  10:53:28.0                4.1453796872E+1           1.6912500000E+1           7.8743770929E+2           3.7030941606E+1           5.7520335937E+2           2.4364255574E+2          
02/11/16                  10:53:33.2                4.1453857131E+1           1.6850000000E+1           7.8733831338E+2           3.8824258439E+1           4.9671941817E+2           1.0506326867E+3          
02/11/16                  10:53:38.6                4.1453919111E+1           1.6843750000E+1           7.8741103969E+2           3.7600552401E+1           5.1146729848E+2           -3.9563386289E+1         
02/11/16                  10:53:43.7                4.1453978700E+1           1.6850000000E+1           7.8700725486E+2           3.8995442828E+1           4.6972480218E+2           1.1547419558E+3          
02/11/16                  10:53:48.8                4.1454037347E+1           1.6895833330E+1           7.8710469810E+2           3.9504112213E+1           4.3270556567E+2           1.5685963552E+3          
02/11/16                  10:53:53.9                4.1454096349E+1           1.6912500000E+1           7.8747814141E+2           3.8808162968E+1           4.8309163080E+2           6.3447234118E+2          
02/11/16                  10:53:59.0                4.1454155448E+1           1.6937500000E+1           7.8788384362E+2           3.4393752283E+1           6.4774372502E+2           -1.3966857827E+3         
02/11/16                  10:54:04.1                4.1454214820E+1           1.6937500000E+1           7.8740139007E+2           3.7266556858E+1           5.1460762747E+2           5.6237110000E+2          
02/11/16                  10:54:09.2                4.1454273715E+1           1.6937500000E+1           7.8702600966E+2           4.0148149973E+1           4.0676283841E+2           1.6674230132E+3          
02/11/16                  10:54:14.3                4.1454332877E+1           1.6937500000E+1           7.8730364903E+2           3.6716300564E+1           5.1246466268E+2           3.8320064910E+2          
02/11/16                  10:54:19.5                4.1454392661E+1           1.6887500000E+1           7.8719546736E+2           3.7821912219E+1           4.8502979213E+2           1.1774834304E+3          
02/11/16                  10:54:26.4                4.1454473165E+1           1.6937500000E+1           7.8744765744E+2           3.6029358457E+1           5.3668480142E+2           4.5655458807E+2          
02/11/16                  10:54:31.5                4.1454532101E+1           1.6975000000E+1           7.8735168048E+2           3.8149220196E+1           4.6253448686E+2           5.1694583823E+2          
02/11/16                  10:54:36.6                4.1454591178E+1           1.6975000000E+1           7.8716540477E+2           3.8161716061E+1           4.5857560930E+2           1.1938722921E+3          
02/11/16                  10:54:41.7                4.1454650174E+1           1.6962500000E+1           7.8739226178E+2           3.6966284784E+1           5.1942014199E+2           3.0774383039E+2          
02/11/16                  10:54:46.8                4.1454709356E+1           1.6937500000E+1           7.8711088948E+2           3.7846447286E+1           4.5911934475E+2           1.1652036623E+3          
02/11/16                  10:54:51.9                4.1454768330E+1           1.6925000000E+1           7.8720251801E+2           3.9188267586E+1           4.4501219082E+2           1.4350163182E+3          
02/11/16                  10:54:57.0                4.1454827185E+1           1.6887500000E+1           7.8725793395E+2           3.6440181438E+1           4.9925451579E+2           3.8170189922E+2          
02/11/16                  10:55:02.1                4.1454886013E+1           1.6875000000E+1           7.8723855147E+2           3.7905005736E+1           4.6929181358E+2           5.9156937032E+2          
02/11/16                  10:55:07.2                4.1454945029E+1           1.6925000000E+1           7.8740370660E+2           3.6019136385E+1           5.6414656729E+2           2.9755750933E+2          
02/11/16                  10:55:12.3                4.1455003742E+1           1.6937500000E+1           7.8712589277E+2           3.8387555375E+1           4.6435469017E+2           9.4835183399E+2          
02/11/16                  10:55:17.4                4.1455062705E+1           1.6962500000E+1           7.8752846065E+2           3.6218420444E+1           5.2450687218E+2           4.9405213624E+2          
02/11/16                  10:55:24.3                4.1455142482E+1           1.6950000000E+1           7.8740660667E+2           3.6517720258E+1           5.2851303961E+2           8.2146439569E+1          
02/11/16                  10:55:29.3                4.1455201043E+1           1.6950000000E+1           7.8711975391E+2           3.8763760570E+1           4.4888442574E+2           8.6227676935E+2          
02/11/16                  10:55:34.4                4.1455260017E+1           1.6950000000E+1           7.8693352074E+2           4.0019819607E+1           3.9369787261E+2           1.5413187218E+3          
02/11/16                  10:55:39.5                4.1455318734E+1           1.6937500000E+1           7.8746243773E+2           3.8651185766E+1           4.6453040553E+2           6.3960435181E+2          
02/11/16                  10:55:44.6                4.1455377346E+1           1.6979166670E+1           7.8743451178E+2           3.7744825431E+1           4.8028359504E+2           -9.0222839145E+1         
02/11/16                  10:55:49.7                4.1455436392E+1           1.6950000000E+1           7.8769023675E+2           3.6527293141E+1           5.3772923928E+2           -2.1594554233E+2         
02/11/16                  10:55:54.7                4.1455495219E+1           1.7000000000E+1           7.8719997613E+2           3.8352457934E+1           4.8130954651E+2           1.2466742674E+3          
02/11/16                  10:55:59.8                4.1455553705E+1           1.6987500000E+1           7.8762730819E+2           3.7011512079E+1           5.6120307276E+2           -9.0589521879E+1         
02/11/16                  10:56:04.9                4.1455612545E+1           1.7000000000E+1           7.8718902681E+2           3.7447268716E+1           4.6728826886E+2           7.2040490566E+2          
02/11/16                  10:56:10.0                4.1455671431E+1           1.7020833330E+1           7.8735972953E+2           3.9071410226E+1           4.8959861944E+2           1.1132066845E+3          
02/11/16                  10:56:15.1                4.1455730450E+1           1.7000000000E+1           7.8752916095E+2           3.7020355509E+1           4.8184003636E+2           -1.6956926384E+2         
02/11/16                  10:56:22.0                4.1455810793E+1           1.7000000000E+1           7.8761741952E+2           3.4750474686E+1           5.9422200210E+2           -2.9058625119E+2         
02/11/16                  10:56:27.1                4.1455869876E+1           1.7000000000E+1           7.8732002721E+2           3.5568075946E+1           5.3464742164E+2           9.3406826768E+2          
02/11/16                  10:56:32.2                4.1455928795E+1           1.7012500000E+1           7.8695991511E+2           4.1465913492E+1           4.0459056032E+2           1.6766229993E+3          
02/11/16                  10:56:37.3                4.1455987666E+1           1.7000000000E+1           7.8757158236E+2           3.8477089548E+1           5.0909913077E+2           3.8305869251E+1          
02/11/16                  10:56:42.4                4.1456046490E+1           1.7000000000E+1           7.8718994268E+2           3.8042180317E+1           4.7616743080E+2           7.3073556865E+2          
02/11/16                  10:56:47.5                4.1456105380E+1           1.6950000000E+1           7.8729454188E+2           3.8216628585E+1           4.6713129845E+2           9.4801759801E+2          
02/11/16                  10:56:52.5                4.1456164232E+1           1.6962500000E+1           7.8716990207E+2           3.8760869838E+1           4.3573580520E+2           1.2155333469E+3          
02/11/16                  10:56:57.8                4.1456224777E+1           1.6925000000E+1           7.8735022039E+2           3.7797274759E+1           4.6219067280E+2           1.0296159599E+3          
02/11/16                  10:57:02.9                4.1456283715E+1           1.6927083330E+1           7.8716607310E+2           3.7514425043E+1           4.5517135537E+2           1.0437988659E+3          
02/11/16                  10:57:07.9                4.1456342489E+1           1.6875000000E+1           7.8730711271E+2           3.7186322496E+1           4.6642171491E+2           9.2719465204E+2          
02/11/16                  10:57:13.1                4.1456401640E+1           1.6875000000E+1           7.8746298319E+2           3.5622890666E+1           5.1363450878E+2           9.2298398017E+1          
02/11/16                  10:57:20.0                4.1456481614E+1           1.6850000000E+1           7.8721123447E+2           3.5863680924E+1           4.9380709647E+2           8.9042371280E+2          
02/11/16                  10:57:25.0                4.1456540503E+1           1.6837500000E+1           7.8730412026E+2           3.6179172307E+1           5.4773555634E+2           1.0321980065E+3          
02/11/16                  10:57:30.1                4.1456599478E+1           1.6825000000E+1           7.8724712261E+2           3.6792040435E+1           4.7870476022E+2           9.2345219053E+2          
02/11/16                  10:57:35.2                4.1456658401E+1           1.6812500000E+1           7.8736549383E+2           3.7580534543E+1           4.5312538542E+2           4.8681021058E+2          
02/11/16                  10:57:40.3                4.1456717169E+1           1.6812500000E+1           7.8738191300E+2           3.8323558501E+1           4.3775897720E+2           7.6938683975E+2          
02/11/16                  10:57:45.4                4.1456775966E+1           1.6750000000E+1           7.8739681039E+2           3.6993099388E+1           4.5459837405E+2           5.9885105949E+2          
02/11/16                  10:57:50.5                4.1456834589E+1           1.6737500000E+1           7.8735256765E+2           3.7875618956E+1           4.6901726020E+2           5.2129920983E+2          
02/11/16                  10:57:55.5                4.1456893225E+1           1.6700000000E+1           7.8751289673E+2           3.6103162203E+1           5.6082416365E+2           -1.4239104382E+2         
02/11/16                  10:58:00.6                4.1456951899E+1           1.6700000000E+1           7.8756809403E+2           3.8247745785E+1           4.8825122799E+2           3.8639270459E+2          
02/11/16                  10:58:05.7                4.1457010504E+1           1.6671875000E+1           7.8702008933E+2           3.8814878232E+1           4.2349840773E+2           1.2449609489E+3          
02/11/16                  10:58:10.8                4.1457069801E+1           1.6650000000E+1           7.8709569304E+2           3.9098306699E+1           4.4729839849E+2           1.3634847364E+3          
02/11/16                  10:58:17.7                4.1457149598E+1           1.6625000000E+1           7.8769385861E+2           3.5371832353E+1           5.9154062661E+2           -4.7500780573E+2         
02/11/16                  10:58:22.8                4.1457208369E+1           1.6625000000E+1           7.8731712716E+2           3.8817615947E+1           4.6763785757E+2           7.1359232271E+2          
02/11/16                  10:58:27.8                4.1457267082E+1           1.6625000000E+1           7.8709778807E+2           3.8405902281E+1           4.5802501281E+2           7.5397902197E+2          
02/11/16                  10:58:32.9                4.1457325870E+1           1.6625000000E+1           7.8735632228E+2           3.8786498002E+1           4.5094459017E+2           3.6467640811E+2          
02/11/16                  10:58:38.0                4.1457384593E+1           1.6625000000E+1           7.8709079772E+2           4.3077348530E+1           3.4968585365E+2           1.1041888897E+3          
02/11/16                  10:58:43.1                4.1457443440E+1           1.6575000000E+1           7.8727088653E+2           3.9654923277E+1           4.3379424387E+2           4.8033170376E+2          
02/11/16                  10:58:48.1                4.1457502157E+1           1.6537500000E+1           7.8740263105E+2           3.8673603523E+1           4.6110918986E+2           3.2905685830E+2          
02/11/16                  10:58:53.2                4.1457561118E+1           1.6512500000E+1           7.8757118516E+2           3.6608559197E+1           5.4469693170E+2           -6.3577116601E+2         
02/11/16                  10:58:58.3                4.1457619870E+1           1.6512500000E+1           7.8731741281E+2           3.7938931153E+1           5.0043000810E+2           5.4513688718E+2          
02/11/16                  10:59:03.4                4.1457678301E+1           1.6515625000E+1           7.8717430658E+2           3.9584473057E+1           4.3878361345E+2           5.5719082663E+2          
02/11/16                  10:59:08.4                4.1457737162E+1           1.6484375000E+1           7.8742730742E+2           3.9685816265E+1           4.5020183353E+2           7.1012098148E+2          
02/11/16                  10:59:15.4                4.1457817154E+1           1.6500000000E+1           7.8724137377E+2           3.9923585591E+1           4.3004784814E+2           8.9341310556E+2          
02/11/16                  10:59:20.4                4.1457875871E+1           1.6500000000E+1           7.8709732481E+2           4.2177001958E+1           3.8658617179E+2           1.0025715942E+3          
02/11/16                  10:59:25.5                4.1457934617E+1           1.6475000000E+1           7.8687681634E+2           4.0880614160E+1           4.2233825832E+2           1.3594941256E+3          
02/11/16                  10:59:30.6                4.1457993248E+1           1.6475000000E+1           7.8711761535E+2           4.1192812408E+1           4.2083680554E+2           1.0178718261E+3          
02/11/16                  10:59:35.7                4.1458052281E+1           1.6437500000E+1           7.8753455538E+2           3.9261425224E+1           4.7850528976E+2           1.3248251672E+2          
02/11/16                  10:59:40.7                4.1458111100E+1           1.6437500000E+1           7.8728515353E+2           4.1251282986E+1           4.1467900565E+2           9.1304709235E+2          
02/11/16                  10:59:45.8                4.1458169491E+1           1.6437500000E+1           7.8721418444E+2           4.1642769740E+1           4.0043780219E+2           1.0074215119E+3          
02/11/16                  10:59:50.9                4.1458228377E+1           1.6437500000E+1           7.8771598705E+2           3.9762314179E+1           4.8764796566E+2           -7.8979585659E+2         
02/11/16                  10:59:56.0                4.1458287227E+1           1.6425000000E+1           7.8711499489E+2           4.1830583957E+1           4.0625071358E+2           1.2747779101E+3          
02/11/16                  11:00:01.1                4.1458346291E+1           1.6437500000E+1           7.8715686628E+2           4.0952173383E+1           4.3224982287E+2           1.2080564525E+3          
02/11/16                  11:00:06.1                4.1458404934E+1           1.6437500000E+1           7.8712826396E+2           4.0650515590E+1           4.3626088523E+2           1.0929918235E+3          
02/11/16                  11:00:13.0                4.1458484738E+1           1.6487500000E+1           7.8718136794E+2           4.1217668617E+1           3.9014234250E+2           7.1061903431E+2          
02/11/16                  11:00:18.1                4.1458543191E+1           1.6512500000E+1           7.8750437556E+2           3.9002468592E+1           4.6369620676E+2           -1.9695977029E+1         
02/11/16                  11:00:23.1                4.1458601822E+1           1.6550000000E+1           7.8750725829E+2           4.0726978759E+1           4.6076977107E+2           2.4807251723E+2          
02/11/16                  11:00:28.2                4.1458660436E+1           1.6612500000E+1           7.8776119933E+2           3.7171478058E+1           5.3797826290E+2           -6.5601459406E+2         
02/11/16                  11:00:33.3                4.1458719033E+1           1.6625000000E+1           7.8714402945E+2           4.2609972023E+1           3.8465472691E+2           1.4211380384E+3          
02/11/16                  11:00:38.4                4.1458778122E+1           1.6675000000E+1           7.8709779874E+2           4.0320160571E+1           4.2868902488E+2           1.4518678118E+3          
02/11/16                  11:00:43.5                4.1458836871E+1           1.6650000000E+1           7.8704078336E+2           4.1856348473E+1           3.9428256325E+2           1.3725240402E+3          
02/11/16                  11:00:48.5                4.1458895574E+1           1.6637500000E+1           7.8699667013E+2           4.1149606815E+1           3.8954593676E+2           1.6049363547E+3          
02/11/16                  11:00:53.6                4.1458954059E+1           1.6612500000E+1           7.8729837153E+2           3.9357603894E+1           4.7390345900E+2           8.0075828810E+2          
02/11/16                  11:00:58.6                4.1459012697E+1           1.6625000000E+1           7.8725730706E+2           4.0281623773E+1           4.2608296200E+2           9.1768657267E+2          
02/11/16                  11:01:03.7                4.1459071644E+1           1.6637500000E+1           7.8710542162E+2           4.0716110120E+1           3.7864462877E+2           1.0830001547E+3          
02/11/16                  11:01:10.6                4.1459151577E+1           1.6687500000E+1           7.8729400415E+2           4.0074864949E+1           4.5568810534E+2           8.0521118939E+2          
02/11/16                  11:01:15.7                4.1459210027E+1           1.6750000000E+1           7.8716012772E+2           3.8833990792E+1           4.3188601225E+2           8.1488272907E+2          
02/11/16                  11:01:20.8                4.1459268766E+1           1.6750000000E+1           7.8753362462E+2           4.0067259381E+1           4.5139567381E+2           -3.0115913423E+2         
02/11/16                  11:01:25.9                4.1459327691E+1           1.6775000000E+1           7.8715825620E+2           3.9390513630E+1           4.2288059846E+2           6.8604767697E+2          
02/11/16                  11:01:31.0                4.1459386793E+1           1.6812500000E+1           7.8751940432E+2           3.7770910546E+1           5.0110836106E+2           2.6955868471E+2          
02/11/16                  11:01:36.1                4.1459445684E+1           1.6812500000E+1           7.8738729263E+2           3.8630216714E+1           4.8580546210E+2           7.0879525051E+2          
02/11/16                  11:01:41.1                4.1459504240E+1           1.6812500000E+1           7.8750454549E+2           3.7753516015E+1           4.7658250044E+2           -4.3835126789E+1         
02/11/16                  11:01:46.2                4.1459563127E+1           1.6775000000E+1           7.8721229121E+2           3.9283559675E+1           4.4107847857E+2           8.4710382417E+2          
02/11/16                  11:01:51.3                4.1459621977E+1           1.6750000000E+1           7.8719752653E+2           3.9977418288E+1           4.3791186140E+2           9.7631530816E+2          
02/11/16                  11:01:56.4                4.1459680722E+1           1.6750000000E+1           7.8706210679E+2           4.0498807499E+1           4.1274447766E+2           1.7429768724E+3          
02/11/16                  11:02:01.5                4.1459739775E+1           1.6750000000E+1           7.8735275152E+2           3.9117425071E+1           4.4346946361E+2           5.3037589060E+2          
02/11/16                  11:02:08.4                4.1459819803E+1           1.6750000000E+1           7.8746542433E+2           3.9455498318E+1           4.7113917842E+2           -1.5874022825E+2         
02/11/16                  11:02:13.4                4.1459878299E+1           1.6750000000E+1           7.8727476839E+2           3.9411046666E+1           4.4346916573E+2           1.0657066168E+3          
02/11/16                  11:02:18.5                4.1459936892E+1           1.6712500000E+1           7.8761085018E+2           3.7725339981E+1           5.0762978280E+2           2.4067606256E+2          
02/11/16                  11:02:23.6                4.1459995467E+1           1.6700000000E+1           7.8748852907E+2           3.9217681079E+1           4.3490711978E+2           2.8974872046E+2          
02/11/16                  11:02:28.6                4.1460054048E+1           1.6750000000E+1           7.8742789354E+2           4.2798678179E+1           4.4953741078E+2           3.3460637304E+2          
02/11/16                  11:02:33.7                4.1460112874E+1           1.6762500000E+1           7.8756463109E+2           3.9841469026E+1           5.4777027122E+2           -1.1136804100E+2         
02/11/16                  11:02:38.8                4.1460171521E+1           1.6812500000E+1           7.8735054309E+2           4.0144336006E+1           4.3716174997E+2           3.6271517677E+2          
02/11/16                  11:02:43.8                4.1460230151E+1           1.6812500000E+1           7.8726344608E+2           4.1887170543E+1           3.9550315353E+2           2.2883294314E+2          
02/11/16                  11:02:48.9                4.1460288833E+1           1.6825000000E+1           7.8742640414E+2           4.1731842847E+1           4.1475738493E+2           2.7786961536E+2          
02/11/16                  11:02:54.0                4.1460347588E+1           1.6875000000E+1           7.8703692396E+2           3.9894280530E+1           4.2231565041E+2           1.0722040461E+3          
02/11/16                  11:02:59.1                4.1460406488E+1           1.6875000000E+1           7.8744102008E+2           4.0089975892E+1           4.4264368089E+2           5.4092179054E+2          
02/11/16                  11:03:06.0                4.1460486566E+1           1.6875000000E+1           7.8740613362E+2           3.8292550240E+1           4.7066614939E+2           2.3825206695E+2          
02/11/16                  11:03:11.1                4.1460545269E+1           1.6850000000E+1           7.8754116430E+2           3.8828514198E+1           4.5147873632E+2           1.9412556355E+2          
02/11/16                  11:03:16.1                4.1460604031E+1           1.6850000000E+1           7.8736595368E+2           3.8560897762E+1           4.6133106748E+2           -6.5821604322E+1         
02/11/16                  11:03:21.2                4.1460662824E+1           1.6837500000E+1           7.8732283811E+2           3.9246660990E+1           4.5170758032E+2           6.0970003013E+2          
02/11/16                  11:03:26.3                4.1460721654E+1           1.6875000000E+1           7.8749349227E+2           3.7298988240E+1           4.6460870252E+2           -5.0502093021E+2         
02/11/16                  11:03:31.4                4.1460780522E+1           1.6862500000E+1           7.8717028066E+2           3.8960767419E+1           4.5225021537E+2           1.2882283300E+3          
02/11/16                  11:03:36.4                4.1460839039E+1           1.6850000000E+1           7.8740253209E+2           3.8526275426E+1           4.4759443638E+2           -2.8898025530E+1         
02/11/16                  11:03:41.5                4.1460897714E+1           1.6887500000E+1           7.8713707002E+2           4.0480274190E+1           4.0222382960E+2           1.0217174818E+3          
02/11/16                  11:03:46.6                4.1460956499E+1           1.6912500000E+1           7.8696982389E+2           4.1369225833E+1           3.5427104713E+2           1.4259981500E+3          
02/11/16                  11:03:51.7                4.1461015307E+1           1.6937500000E+1           7.8723465043E+2           3.8976234270E+1           4.4019288621E+2           7.9556960240E+2          
02/11/16                  11:03:56.7                4.1461074026E+1           1.6962500000E+1           7.8739924413E+2           3.8667515336E+1           4.2552653123E+2           7.3455729611E+1          
02/11/16                  11:04:03.7                4.1461154283E+1           1.7000000000E+1           7.8708115685E+2           3.9680925198E+1           4.3203067028E+2           1.3181293429E+3          
02/11/16                  11:04:08.7                4.1461212940E+1           1.7000000000E+1           7.8735049696E+2           3.8857613487E+1           4.3553406554E+2           4.6360421292E+2          
02/11/16                  11:04:13.8                4.1461271855E+1           1.7000000000E+1           7.8706713590E+2           3.9731961489E+1           3.9901250475E+2           1.1674047361E+3          
02/11/16                  11:04:18.9                4.1461330631E+1           1.7000000000E+1           7.8748193442E+2           3.5727222881E+1           5.2273679435E+2           2.9456271795E+1          
02/11/16                  11:04:24.0                4.1461389288E+1           1.7000000000E+1           7.8715528289E+2           3.9992037109E+1           4.0068267957E+2           1.3898514951E+3          
02/11/16                  11:04:29.1                4.1461448054E+1           1.7012500000E+1           7.8737806422E+2           3.7372121388E+1           4.8912518147E+2           7.6120030266E+2          
02/11/16                  11:04:34.1                4.1461506544E+1           1.7000000000E+1           7.8731518476E+2           3.6436941673E+1           4.9203455520E+2           3.2849378473E+2          
02/11/16                  11:04:39.2                4.1461565221E+1           1.6950000000E+1           7.8727194224E+2           3.6207888106E+1           4.9946774156E+2           3.7558416762E+2          
02/11/16                  11:04:44.3                4.1461623898E+1           1.6987500000E+1           7.8707623750E+2           3.8633628959E+1           3.9874219955E+2           9.2432255376E+2          
02/11/16                  11:04:49.3                4.1461682562E+1           1.7020833330E+1           7.8725139701E+2           3.7110730095E+1           4.6633561684E+2           9.8824916527E+2          
02/11/16                  11:04:54.4                4.1461741322E+1           1.7062500000E+1           7.8749079610E+2           3.3954641984E+1           5.6441626571E+2           7.6413497951E+1          
02/11/16                  11:05:01.3                4.1461821340E+1           1.7037500000E+1           7.8736293170E+2           3.6672708519E+1           4.6844506598E+2           7.2746244757E+2          
02/11/16                  11:05:06.4                4.1461879868E+1           1.7000000000E+1           7.8720071013E+2           3.8401045903E+1           4.0840226908E+2           4.4113472672E+2          
02/11/16                  11:05:11.4                4.1461938567E+1           1.6950000000E+1           7.8727581294E+2           3.5710983750E+1           4.8378756919E+2           6.2953413395E+2          
02/11/16                  11:05:16.5                4.1461997253E+1           1.6900000000E+1           7.8763755734E+2           3.3596840238E+1           5.7736882307E+2           -1.0067225812E+3         
02/11/16                  11:05:21.6                4.1462055843E+1           1.6875000000E+1           7.8702786489E+2           3.8959188874E+1           3.7456906924E+2           1.0071280727E+3          
02/11/16                  11:05:26.7                4.1462114633E+1           1.6850000000E+1           7.8718825075E+2           3.7217264520E+1           4.1518359578E+2           7.7044992859E+2          
02/11/16                  11:05:31.7                4.1462173340E+1           1.6862500000E+1           7.8712260507E+2           3.4583740323E+1           4.6885319963E+2           8.4764597274E+2          
02/11/16                  11:05:36.8                4.1462232220E+1           1.6825000000E+1           7.8710169341E+2           3.8262006829E+1           3.7844608773E+2           1.0455071211E+3          
02/11/16                  11:05:41.9                4.1462291070E+1           1.6875000000E+1           7.8712630445E+2           3.7666735435E+1           4.0392071004E+2           1.2473162672E+3          
02/11/16                  11:05:47.0                4.1462349944E+1           1.6875000000E+1           7.8698906099E+2           3.8783243856E+1           3.7973369156E+2           1.3717769627E+3          
02/11/16                  11:05:52.1                4.1462408728E+1           1.6862500000E+1           7.8720066026E+2           3.7109481339E+1           4.4095989963E+2           6.1661961008E+2          
02/11/16                  11:05:59.0                4.1462488683E+1           1.6912500000E+1           7.8722179257E+2           3.7734514366E+1           4.2745041309E+2           1.1251136020E+3          
02/11/16                  11:06:04.0                4.1462547094E+1           1.6937500000E+1           7.8753682326E+2           3.3788861788E+1           5.6063570549E+2           -6.5466523685E+2         
02/11/16                  11:06:09.1                4.1462605852E+1           1.6987500000E+1           7.8754134601E+2           3.5513222735E+1           4.8798031277E+2           8.6517352889E+1          
02/11/16                  11:06:14.2                4.1462664712E+1           1.7050000000E+1           7.8734480488E+2           3.6891628326E+1           4.5510014045E+2           6.0092688104E+2          
02/11/16                  11:06:19.3                4.1462723440E+1           1.7062500000E+1           7.8740106447E+2           3.7629031444E+1           4.3339435090E+2           3.8117754908E+2          
