DATE                      TIME                      DAYS_SINCE_JAN            DAS_TEMP_(C)              BASELINE                  H2O                       D_1816                    D_DH                     
07/04/16                  10:51:23.9                1.8541069380E+2           3.7937500000E+1           7.8714023508E+2           3.1961058531E+3           -1.3354741911E+1          -7.7453529569E+1         
07/04/16                  10:51:29.0                1.8541075246E+2           3.7937500000E+1           7.8713351419E+2           3.1169042457E+3           -1.2979000214E+1          -7.3276718864E+1         
07/04/16                  10:51:34.0                1.8541081037E+2           3.7950000000E+1           7.9020120608E+2           3.8620608799E+3           -1.3891111470E+1          -5.3877090321E+2         
07/04/16                  10:51:39.2                1.8541087046E+2           3.7962500000E+1           7.8596963269E+2           1.2888037128E+4           -1.1204560476E+1          -6.9645813780E+1         
07/04/16                  10:51:45.4                1.8541094255E+2           3.7956250000E+1           7.8987415639E+2           2.5102316308E+4           -1.3377692055E+1          -7.6372336754E+1         
07/04/16                  10:52:01.8                1.8541113308E+2           3.7956250000E+1           7.8377007165E+2           3.4761917597E+4           -1.5375329365E+0          -2.1335293364E+1         
07/04/16                  10:52:29.2                1.8541144995E+2           3.8020833330E+1           7.8431566756E+2           3.6724771603E+4           -6.8714398136E+0          -6.3775976588E+1         
07/04/16                  10:53:04.3                1.8541185615E+2           3.8062500000E+1           7.8453241234E+2           3.6995745056E+4           -8.1860618794E+0          -6.4007446396E+1         
07/04/16                  10:53:39.8                1.8541226709E+2           3.8067307690E+1           7.8486540977E+2           3.7179543356E+4           -9.8629293656E+0          -6.5016600228E+1         
07/04/16                  10:54:07.7                1.8541258932E+2           3.8066810340E+1           7.8490331977E+2           3.7569903005E+4           -9.5830500974E+0          -6.5092184043E+1         
07/04/16                  10:54:37.7                1.8541293641E+2           3.8105603450E+1           7.8347191153E+2           3.7938531752E+4           -8.4727297112E+0          -6.4123959171E+1         
07/04/16                  10:55:02.1                1.8541321910E+2           3.8147727270E+1           7.8434463505E+2           3.7786895352E+4           -9.4746477091E+0          -6.4647297201E+1         
07/04/16                  10:55:29.9                1.8541354067E+2           3.8231770830E+1           7.8558396012E+2           3.7940969385E+4           -9.8926800020E+0          -6.5917083032E+1         
07/04/16                  10:55:57.6                1.8541386199E+2           3.8281250000E+1           7.8483706810E+2           3.8109328134E+4           -1.0676516062E+1          -6.5655159578E+1         
07/04/16                  10:56:25.8                1.8541418847E+2           3.8331896550E+1           7.8454388086E+2           3.8453729386E+4           -9.0175236438E+0          -6.4936879510E+1         
07/04/16                  10:56:57.1                1.8541455045E+2           3.8389112900E+1           7.8450343625E+2           3.8173534545E+4           -9.7828496471E+0          -6.3469195799E+1         
07/04/16                  10:57:26.5                1.8541489080E+2           3.8318750000E+1           7.8570830812E+2           3.8162592285E+4           -1.0226759876E+1          -6.5632986481E+1         
07/04/16                  10:57:53.4                1.8541520190E+2           3.8099431820E+1           7.8554438282E+2           3.8259229674E+4           -9.0880540020E+0          -6.5452388456E+1         
07/04/16                  10:58:24.4                1.8541556131E+2           3.7782196970E+1           7.8425784740E+2           3.8809643123E+4           -9.9913961221E+0          -6.3851306699E+1         
07/04/16                  10:59:01.0                1.8541598489E+2           3.7636718750E+1           7.8578914714E+2           3.8342956906E+4           -6.9803755640E+0          -6.6490144388E+1         
07/04/16                  10:59:31.0                1.8541633179E+2           3.7529166670E+1           7.8524476641E+2           3.8297314225E+4           -9.3984993545E+0          -6.5231009901E+1         
07/04/16                  11:00:00.6                1.8541667372E+2           3.7562500000E+1           7.8473423697E+2           3.8216091631E+4           -9.4213381878E+0          -6.4868992937E+1         
07/04/16                  11:00:29.9                1.8541701328E+2           3.7562500000E+1           7.8528868812E+2           3.8223298774E+4           -1.0694534013E+1          -6.6369351923E+1         
07/04/16                  11:01:00.4                1.8541736629E+2           3.7565476190E+1           7.7154366972E+2           3.8363491299E+4           -1.8642403496E+2          -3.1148939976E+1         
07/04/16                  11:01:12.3                1.8541750361E+2           3.7562500000E+1           7.8640189216E+2           1.9230830452E+4           -1.0619683875E+1          -7.1328087310E+1         
07/04/16                  11:01:17.7                1.8541756668E+2           3.7562500000E+1           7.8594919295E+2           1.1555471944E+4           -1.4507537698E+1          -6.9926136891E+1         
07/04/16                  11:01:22.9                1.8541762700E+2           3.7562500000E+1           7.8667617464E+2           7.8595607622E+3           -1.6588733103E+1          -7.3345141085E+1         
07/04/16                  11:01:28.0                1.8541768612E+2           3.7541666670E+1           7.8681452368E+2           5.9117852853E+3           -1.7032503794E+1          -7.6473847857E+1         
07/04/16                  11:01:33.1                1.8541774465E+2           3.7525000000E+1           7.8847542369E+2           5.0968180903E+3           1.2623847050E+1           -1.3127412411E+2         
07/04/16                  11:01:40.2                1.8541782726E+2           3.7500000000E+1           7.8695002187E+2           1.6204720320E+4           -1.1219774956E+1          -8.1751859412E+1         
07/04/16                  11:01:46.3                1.8541789782E+2           3.7491071430E+1           7.8406037856E+2           2.6141814132E+4           -9.5760413360E+0          -7.0070436707E+1         
07/04/16                  11:01:57.7                1.8541802971E+2           3.7489583330E+1           7.8826365925E+2           3.2521649386E+4           -1.7816697030E+1          -7.1671614388E+1         
07/04/16                  11:02:17.6                1.8541825946E+2           3.7381250000E+1           7.8427745149E+2           3.5039669173E+4           -1.3025902328E+1          -6.8973269214E+1         
07/04/16                  11:02:41.8                1.8541854005E+2           3.7387500000E+1           7.8561730035E+2           3.5920251878E+4           -1.0399576132E+1          -6.8478255624E+1         
07/04/16                  11:03:06.8                1.8541882950E+2           3.7410714290E+1           7.8431935468E+2           3.6308810169E+4           -9.9472099434E+0          -6.6977825809E+1         
07/04/16                  11:03:32.1                1.8541912229E+2           3.7448660710E+1           7.8448502274E+2           3.6170471567E+4           -1.0162694272E+1          -6.7365782667E+1         
07/04/16                  11:03:58.4                1.8541942612E+2           3.7356770830E+1           7.8454735954E+2           3.5917199499E+4           -1.0121633445E+1          -6.7849298618E+1         
07/04/16                  11:04:23.2                1.8541971386E+2           3.7384191180E+1           7.8384918468E+2           3.6094638034E+4           -1.1241859110E+1          -6.7666912587E+1         
07/04/16                  11:04:58.2                1.8542011846E+2           3.7421875000E+1           7.8454740270E+2           3.6268145329E+4           -1.0014930437E+1          -6.8762543054E+1         
07/04/16                  11:05:19.8                1.8542036842E+2           3.7570312500E+1           7.8418429404E+2           3.6213659007E+4           -1.0657769587E+1          -6.7878120939E+1         
07/04/16                  11:05:47.0                1.8542068366E+2           3.7736979170E+1           7.8389316573E+2           3.6187649604E+4           -1.0998686723E+1          -6.7829595890E+1         
07/04/16                  11:06:06.8                1.8542091314E+2           3.7871527780E+1           7.8548104032E+2           3.6060065677E+4           -1.0238643450E+1          -7.1103273488E+1         
07/04/16                  11:06:30.0                1.8542118146E+2           3.7881944440E+1           7.8532794736E+2           3.6073702757E+4           -1.1339749072E+1          -6.9805073659E+1         
07/04/16                  11:06:59.5                1.8542152274E+2           3.7955357140E+1           7.8642189084E+2           3.6197485688E+4           -1.0016289020E+1          -7.3305530444E+1         
07/04/16                  11:07:32.0                1.8542189866E+2           3.8056818180E+1           7.8352549378E+2           3.7181508998E+4           -1.5229488967E+1          -6.4916987589E+1         
07/04/16                  11:07:55.7                1.8542217325E+2           3.8107142860E+1           7.8500290539E+2           3.7011405942E+4           -1.1381263294E+1          -6.8221126294E+1         
07/04/16                  11:08:23.8                1.8542249843E+2           3.8125000000E+1           7.8557325372E+2           3.6930162025E+4           -8.1741052731E+0          -7.1569878836E+1         
07/04/16                  11:08:54.8                1.8542285760E+2           3.8151442310E+1           7.8485857412E+2           3.7200579610E+4           -1.0636389641E+1          -6.8095681359E+1         
07/04/16                  11:09:28.3                1.8542324471E+2           3.8152343750E+1           7.8548820370E+2           3.6961829571E+4           -1.1404249600E+1          -6.9658740718E+1         
07/04/16                  11:09:55.0                1.8542355393E+2           3.8129464290E+1           7.8445189513E+2           3.6458070896E+4           -1.0599899173E+1          -7.3461528711E+1         
07/04/16                  11:10:21.9                1.8542386492E+2           3.8187500000E+1           7.8605964166E+2           3.6263383560E+4           -1.1670927923E+1          -7.0419887997E+1         
07/04/16                  11:10:39.8                1.8542407221E+2           3.8194444440E+1           7.7148832193E+2           2.4288407048E+4           -2.6072174016E+1          -5.4885628493E+1         
07/04/16                  11:10:45.9                1.8542414257E+2           3.8125000000E+1           7.8686757681E+2           1.3453505501E+4           -1.5649326848E+1          -7.3386478169E+1         
07/04/16                  11:10:51.1                1.8542420292E+2           3.8062500000E+1           7.8644393827E+2           8.6724387657E+3           -1.7705520183E+1          -7.3205819169E+1         
07/04/16                  11:10:56.2                1.8542426251E+2           3.8062500000E+1           7.8675891865E+2           6.2416018041E+3           -1.8206433029E+1          -7.4819234635E+1         
07/04/16                  11:11:01.3                1.8542432130E+2           3.8062500000E+1           7.8718990803E+2           4.9699592216E+3           -1.7960512860E+1          -8.1975111202E+1         
07/04/16                  11:11:06.4                1.8542438006E+2           3.8062500000E+1           7.8624073029E+2           4.2588660109E+3           -1.9071707805E+1          -6.4287313040E+1         
07/04/16                  11:11:11.4                1.8542443866E+2           3.8062500000E+1           7.8675868756E+2           3.8224032422E+3           -1.7879939722E+1          -7.1978053812E+1         
07/04/16                  11:11:16.5                1.8542449729E+2           3.8062500000E+1           7.8691152085E+2           3.5433841273E+3           -1.7301202154E+1          -7.9062717460E+1         
07/04/16                  11:11:21.6                1.8542455600E+2           3.8062500000E+1           7.8664378652E+2           3.3740275018E+3           -1.7756890671E+1          -7.0077527256E+1         
07/04/16                  11:11:26.6                1.8542461456E+2           3.8062500000E+1           7.8699410590E+2           3.2662275791E+3           -1.6543688445E+1          -7.9487202967E+1         
07/04/16                  11:11:31.7                1.8542467288E+2           3.8062500000E+1           7.8715822018E+2           3.1774590159E+3           -6.9439632097E+0          -9.4648548320E+1         
07/04/16                  11:11:38.7                1.8542475407E+2           3.8050000000E+1           7.8811165617E+2           1.1486977832E+4           -1.3381723552E+1          -8.9829845096E+1         
07/04/16                  11:11:44.2                1.8542481814E+2           3.8031250000E+1           7.8463520165E+2           2.2458157656E+4           -1.0420782889E+1          -7.4164865963E+1         
07/04/16                  11:11:51.0                1.8542489679E+2           3.8027777780E+1           7.8413990482E+2           2.9420926709E+4           -1.1386891758E+1          -7.1827768352E+1         
07/04/16                  11:12:04.3                1.8542505075E+2           3.8019736840E+1           7.8570364358E+2           3.3410054037E+4           -1.5331369336E+1          -7.0304390064E+1         
07/04/16                  11:12:26.5                1.8542530713E+2           3.8020833330E+1           7.8299384196E+2           3.5161142287E+4           -7.3943499986E+0          -6.7883277913E+1         
07/04/16                  11:12:44.4                1.8542551403E+2           3.7985294120E+1           7.8403039597E+2           3.5486680303E+4           -1.0836721352E+1          -6.9454349859E+1         
07/04/16                  11:13:04.9                1.8542575134E+2           3.7977500000E+1           7.8489983933E+2           3.5347188872E+4           -1.1536145130E+1          -7.0079381697E+1         
07/04/16                  11:13:28.4                1.8542602362E+2           3.8115131580E+1           7.8446598487E+2           3.5594185730E+4           -1.1923112548E+1          -6.9145049659E+1         
07/04/16                  11:13:49.5                1.8542626830E+2           3.8109375000E+1           7.8486838816E+2           3.5820841683E+4           -1.2674519734E+1          -6.9891532128E+1         
07/04/16                  11:14:20.5                1.8542662663E+2           3.8051136360E+1           7.8564917296E+2           3.6224137440E+4           -1.7728875933E+1          -7.0429129656E+1         
07/04/16                  11:14:55.4                1.8542703090E+2           3.7944444440E+1           7.8421979663E+2           3.7288331013E+4           -8.1098886235E+0          -6.7288551929E+1         
07/04/16                  11:15:28.4                1.8542741225E+2           3.7854729730E+1           7.8517310130E+2           3.7745183207E+4           -9.9248992005E+0          -6.6817495685E+1         
07/04/16                  11:15:58.3                1.8542775905E+2           3.7791666670E+1           7.8585545867E+2           3.7578538118E+4           -1.1402684349E+1          -6.8500714029E+1         
07/04/16                  11:16:23.5                1.8542804997E+2           3.7839583330E+1           7.8610543323E+2           3.7606269677E+4           -1.1186714115E+1          -6.9039671586E+1         
07/04/16                  11:16:50.2                1.8542835955E+2           3.8033854170E+1           7.8533930200E+2           3.7721956837E+4           -1.0681919040E+1          -6.9291983557E+1         
07/04/16                  11:17:14.7                1.8542864343E+2           3.8080357140E+1           7.8542526521E+2           3.8012587023E+4           -1.1545017954E+1          -6.7957293256E+1         
07/04/16                  11:17:43.3                1.8542897384E+2           3.8152083330E+1           7.8544791239E+2           3.7898289849E+4           -1.0887237333E+1          -6.7190459480E+1         
07/04/16                  11:18:09.6                1.8542927803E+2           3.8247767860E+1           7.8544975055E+2           3.7873639000E+4           -1.0723386118E+1          -6.7753736658E+1         
07/04/16                  11:18:41.2                1.8542964461E+2           3.8314144740E+1           7.8481449068E+2           3.7556604737E+4           -9.1666723104E+0          -6.7390834431E+1         
07/04/16                  11:19:14.3                1.8543002697E+2           3.8328125000E+1           7.8618943339E+2           3.7204992149E+4           -1.2051050437E+1          -6.8616128018E+1         
07/04/16                  11:19:46.4                1.8543039897E+2           3.8321428570E+1           7.8501646230E+2           3.6940628852E+4           -1.0085403477E+1          -6.8517963589E+1         
07/04/16                  11:20:09.3                1.8543066391E+2           3.8368750000E+1           7.8531383699E+2           3.6856501350E+4           -1.1915279603E+1          -6.8351757133E+1         
07/04/16                  11:20:32.9                1.8543093706E+2           3.8370833330E+1           7.6363061684E+2           3.3066980825E+4           -4.8320873698E+1          -5.5692603492E+1         
07/04/16                  11:20:42.1                1.8543104381E+2           3.8375000000E+1           7.8705051643E+2           1.8892797190E+4           -1.5062512184E+1          -7.2255728781E+1         
07/04/16                  11:20:47.4                1.8543110518E+2           3.8375000000E+1           7.8634098840E+2           1.1476231383E+4           -1.6855184814E+1          -7.2451343849E+1         
07/04/16                  11:20:52.6                1.8543116472E+2           3.8375000000E+1           7.8667828273E+2           7.7551681909E+3           -1.8300935927E+1          -7.4839842354E+1         
07/04/16                  11:20:57.7                1.8543122384E+2           3.8375000000E+1           7.8648905102E+2           5.8345155146E+3           -1.9200123448E+1          -7.4731841565E+1         
07/04/16                  11:21:02.8                1.8543128267E+2           3.8387500000E+1           7.8630461000E+2           4.8015431227E+3           -1.9239885067E+1          -7.0298885844E+1         
07/04/16                  11:21:07.8                1.8543134126E+2           3.8375000000E+1           7.8687091204E+2           4.2013648892E+3           -1.8419082301E+1          -7.7746427351E+1         
07/04/16                  11:21:12.9                1.8543139999E+2           3.8375000000E+1           7.8688465959E+2           3.8276435539E+3           -1.8135147352E+1          -7.8278968554E+1         
07/04/16                  11:21:18.0                1.8543145862E+2           3.8375000000E+1           7.8686237560E+2           3.5980002505E+3           -1.7641764474E+1          -7.4932381780E+1         
07/04/16                  11:21:23.0                1.8543151733E+2           3.8375000000E+1           7.8697769620E+2           3.4343699862E+3           -1.7288419816E+1          -8.3307686913E+1         
07/04/16                  11:21:28.1                1.8543157615E+2           3.8375000000E+1           7.8735490476E+2           3.3542414148E+3           -1.6524189958E+1          -8.7652441493E+1         
07/04/16                  11:21:35.0                1.8543165595E+2           3.8387500000E+1           7.8886349605E+2           5.1227045372E+3           -1.9675827108E+1          -7.4079076887E+1         
07/04/16                  11:21:40.3                1.8543171655E+2           3.8416666670E+1           7.8529625240E+2           1.5984300602E+4           -1.3641378363E+1          -7.4734652165E+1         
07/04/16                  11:21:47.1                1.8543179559E+2           3.8412500000E+1           7.8645757573E+2           2.7750560229E+4           -2.0942051953E+1          -7.2396637688E+1         
07/04/16                  11:22:05.9                1.8543201385E+2           3.8427884620E+1           7.8358415971E+2           3.5711667082E+4           -2.5393862578E+1          -3.5890101627E+1         
07/04/16                  11:22:35.4                1.8543235425E+2           3.8437500000E+1           7.8374750162E+2           3.6950132495E+4           -1.1862872606E+1          -6.6390354459E+1         
07/04/16                  11:23:02.5                1.8543266829E+2           3.8437500000E+1           7.8553710264E+2           3.6806125271E+4           -1.1000913553E+1          -6.7820094453E+1         
07/04/16                  11:23:30.3                1.8543299017E+2           3.8437500000E+1           7.8449410880E+2           3.7017446711E+4           -1.1660244282E+1          -6.7121446643E+1         
07/04/16                  11:23:59.8                1.8543333215E+2           3.8435185190E+1           7.8440929371E+2           3.6606810760E+4           -1.1256276496E+1          -6.7805182707E+1         
07/04/16                  11:24:26.9                1.8543364576E+2           3.8493750000E+1           7.8467111053E+2           3.7105664122E+4           -1.6500325553E+1          -6.7906821954E+1         
07/04/16                  11:24:51.6                1.8543393159E+2           3.8470394740E+1           7.8554689735E+2           3.7295910155E+4           -9.5136245813E+0          -6.7738713657E+1         
07/04/16                  11:25:14.5                1.8543419585E+2           3.8437500000E+1           7.8547905677E+2           3.6830522922E+4           -9.0170196436E+0          -6.9107800552E+1         
07/04/16                  11:25:41.0                1.8543450329E+2           3.8487903230E+1           7.8606661340E+2           3.6800527216E+4           -1.0667446483E+1          -6.9949145570E+1         
07/04/16                  11:26:10.6                1.8543484535E+2           3.8502403850E+1           7.8470200478E+2           3.6756915481E+4           -1.1338081196E+1          -6.8473133344E+1         
07/04/16                  11:26:36.8                1.8543514881E+2           3.8483173080E+1           7.8629551901E+2           3.6912298843E+4           -1.4523362041E+1          -7.0251545186E+1         
07/04/16                  11:27:05.6                1.8543548259E+2           3.8500000000E+1           7.8587934723E+2           3.7519175632E+4           -8.6963476531E+0          -6.7894413104E+1         
07/04/16                  11:27:31.1                1.8543577724E+2           3.8500000000E+1           7.8542720894E+2           3.7784286028E+4           -1.0998525798E+1          -6.7987000422E+1         
07/04/16                  11:28:00.2                1.8543611358E+2           3.8492500000E+1           7.8503992513E+2           3.7648466164E+4           -8.5297606132E+0          -6.8845026165E+1         
07/04/16                  11:28:22.2                1.8543636833E+2           3.8392045450E+1           7.8516598637E+2           3.7583890509E+4           -1.1342077728E+1          -6.8700941531E+1         
07/04/16                  11:28:44.8                1.8543663034E+2           3.8375000000E+1           7.8469659950E+2           3.7202541290E+4           -1.0064550182E+1          -6.8302015071E+1         
07/04/16                  11:29:11.6                1.8543694065E+2           3.8377083330E+1           7.8618202143E+2           3.7535048627E+4           -1.5787515830E+1          -6.9503318901E+1         
07/04/16                  11:29:44.6                1.8543732194E+2           3.8437500000E+1           7.8500103613E+2           3.8006182506E+4           -1.1550716694E+1          -6.7375209954E+1         
07/04/16                  11:30:12.8                1.8543764819E+2           3.8516304350E+1           7.8508224103E+2           3.8163674158E+4           -1.1656659308E+1          -6.7114691615E+1         
07/04/16                  11:30:40.6                1.8543797096E+2           3.8560185190E+1           7.8545763953E+2           3.8381944053E+4           -1.1971298065E+1          -6.8042202417E+1         
07/04/16                  11:31:03.6                1.8543823699E+2           3.8562500000E+1           7.5448775102E+2           3.2947870221E+4           -1.2511732136E+2          -5.5109231988E+1         
07/04/16                  11:31:13.3                1.8543834929E+2           3.8562500000E+1           7.8619577286E+2           1.7501640622E+4           -1.3384750567E+1          -7.0120405675E+1         
07/04/16                  11:31:18.7                1.8543841179E+2           3.8562500000E+1           7.8651682807E+2           1.0886837493E+4           -1.6988395777E+1          -7.0820791818E+1         
07/04/16                  11:31:23.9                1.8543847135E+2           3.8562500000E+1           7.8621836653E+2           7.6180142500E+3           -1.8862838129E+1          -7.1601301754E+1         
07/04/16                  11:31:29.0                1.8543853043E+2           3.8562500000E+1           7.8653709274E+2           5.8637310079E+3           -1.8974344627E+1          -7.4363158700E+1         
07/04/16                  11:31:34.0                1.8543858833E+2           3.8562500000E+1           7.9065429686E+2           5.2424805396E+3           9.9714660582E+1           -2.5911285436E+2         
07/04/16                  11:31:39.3                1.8543864937E+2           3.8562500000E+1           7.8516048452E+2           1.4097340749E+4           -1.5654926014E+1          -7.2896007160E+1         
07/04/16                  11:31:45.0                1.8543871596E+2           3.8544642860E+1           7.8430605102E+2           2.4178475792E+4           -1.2198836149E+1          -7.3628380404E+1         
07/04/16                  11:31:52.5                1.8543880242E+2           3.8562500000E+1           7.8476987829E+2           3.0358896852E+4           -1.8498049273E+1          -7.3364521289E+1         
07/04/16                  11:32:07.1                1.8543897118E+2           3.8562500000E+1           7.8429573981E+2           3.3478451508E+4           -1.6921605637E+1          -5.9779713296E+1         
07/04/16                  11:32:27.2                1.8543920394E+2           3.8566176470E+1           7.8497267196E+2           3.4234660470E+4           -1.2239562277E+1          -7.2896826431E+1         
07/04/16                  11:32:46.9                1.8543943211E+2           3.8568452380E+1           7.8461551616E+2           3.5115946476E+4           -1.2964663284E+1          -7.1463686498E+1         
07/04/16                  11:33:15.3                1.8543976084E+2           3.8586538460E+1           7.8497509857E+2           3.5794738863E+4           -1.4012223447E+1          -7.1782790608E+1         
07/04/16                  11:33:48.2                1.8544014174E+2           3.8713942310E+1           7.8473477764E+2           3.5732474793E+4           -1.1814729816E+1          -7.0806899535E+1         
07/04/16                  11:34:10.7                1.8544040182E+2           3.8743055560E+1           7.8489321992E+2           3.5567783485E+4           -1.2866374031E+1          -7.0559935779E+1         
07/04/16                  11:34:31.4                1.8544064189E+2           3.8803571430E+1           7.8466041468E+2           3.5507383134E+4           -1.1812527557E+1          -7.1329893665E+1         
07/04/16                  11:34:54.8                1.8544091231E+2           3.8809782610E+1           7.8502200956E+2           3.5515886377E+4           -1.2495695835E+1          -7.2142051379E+1         
07/04/16                  11:35:22.1                1.8544122863E+2           3.8812500000E+1           7.8514835731E+2           3.6055634043E+4           -1.2680540990E+1          -7.1237435182E+1         
07/04/16                  11:35:55.2                1.8544161156E+2           3.8746093750E+1           7.8530615039E+2           3.6867224090E+4           -1.2441427834E+1          -7.1048667680E+1         
07/04/16                  11:36:23.2                1.8544193566E+2           3.8687500000E+1           7.8505896903E+2           3.7087653002E+4           -1.2877606070E+1          -6.8066391431E+1         
07/04/16                  11:36:47.9                1.8544222146E+2           3.8775462960E+1           7.8465036209E+2           3.6537887419E+4           -1.1678456859E+1          -7.0411890056E+1         
07/04/16                  11:37:16.4                1.8544255093E+2           3.8819711540E+1           7.8666101231E+2           3.6356017373E+4           -1.2703133086E+1          -7.0018073185E+1         
07/04/16                  11:37:41.5                1.8544284166E+2           3.8898809520E+1           7.8646257723E+2           3.6073207624E+4           -1.0982679739E+1          -7.2672284356E+1         
07/04/16                  11:38:05.8                1.8544312325E+2           3.8927419350E+1           7.8571865303E+2           3.6626332067E+4           -1.2899112408E+1          -7.1526524306E+1         
07/04/16                  11:38:34.6                1.8544345613E+2           3.8972500000E+1           7.8542552413E+2           3.7190037409E+4           -1.1987132055E+1          -7.0837174179E+1         
07/04/16                  11:39:01.0                1.8544376161E+2           3.8979166670E+1           7.8635126060E+2           3.6905491056E+4           -1.0584040963E+1          -7.1439878417E+1         
07/04/16                  11:39:30.3                1.8544410145E+2           3.9010080650E+1           7.8533731452E+2           3.6714157144E+4           -1.2296371962E+1          -7.1071779139E+1         
07/04/16                  11:39:57.4                1.8544441537E+2           3.9074596770E+1           7.8471575322E+2           3.6516776748E+4           -1.2538616315E+1          -6.9980490985E+1         
07/04/16                  11:40:27.8                1.8544476662E+2           3.9184782610E+1           7.8930281109E+2           3.6714569903E+4           -7.8625649455E+1          -2.2625698302E+1         
07/04/16                  11:40:41.9                1.8544493028E+2           3.9187500000E+1           7.8695123266E+2           1.9738853804E+4           -1.2899556351E+1          -7.4445693822E+1         
07/04/16                  11:40:47.4                1.8544499376E+2           3.9187500000E+1           7.8721664997E+2           1.1688848043E+4           -1.6867659696E+1          -7.5843676581E+1         
07/04/16                  11:40:52.6                1.8544505353E+2           3.9150000000E+1           7.8607133067E+2           7.8239738253E+3           -1.8398817732E+1          -6.9465003989E+1         
07/04/16                  11:40:59.5                1.8544513389E+2           3.9125000000E+1           7.8682805493E+2           5.3711066015E+3           -1.9218123622E+1          -7.7890972388E+1         
07/04/16                  11:41:04.6                1.8544519255E+2           3.9175000000E+1           7.8660608628E+2           4.5035004160E+3           -1.9198517830E+1          -7.3810810412E+1         
07/04/16                  11:41:09.7                1.8544525126E+2           3.9175000000E+1           7.8662833789E+2           3.9892540554E+3           -1.8782645818E+1          -7.2759746291E+1         
07/04/16                  11:41:14.7                1.8544531001E+2           3.9150000000E+1           7.8691712576E+2           3.6511513448E+3           -1.7929485838E+1          -7.4929774659E+1         
07/04/16                  11:41:19.8                1.8544536903E+2           3.9125000000E+1           7.8671641708E+2           3.4727634406E+3           -1.8123200333E+1          -7.3865500090E+1         
07/04/16                  11:41:24.9                1.8544542801E+2           3.9150000000E+1           7.8696501546E+2           3.3268722346E+3           -1.7532752021E+1          -7.8497637421E+1         
07/04/16                  11:41:30.0                1.8544548663E+2           3.9162500000E+1           7.8689443802E+2           3.2336004942E+3           -1.7401582671E+1          -7.6576988982E+1         
07/04/16                  11:41:35.1                1.8544554538E+2           3.9175000000E+1           7.8868288916E+2           5.1344427801E+3           -1.9654015129E+1          -7.4037740987E+1         
07/04/16                  11:41:40.3                1.8544560595E+2           3.9187500000E+1           7.8543193243E+2           1.5628823052E+4           -1.3860675636E+1          -7.7046466059E+1         
07/04/16                  11:41:46.6                1.8544567929E+2           3.9200000000E+1           7.8333803698E+2           2.6188747814E+4           -1.0137017852E+1          -7.1299008006E+1         
07/04/16                  11:41:59.8                1.8544583168E+2           3.9230113640E+1           7.8282489343E+2           3.2953251881E+4           -1.3269847967E+1          -2.9780152101E+1         
07/04/16                  11:42:24.6                1.8544611848E+2           3.9255952380E+1           7.8489638224E+2           3.5567137071E+4           -1.4009679550E+1          -7.0700184062E+1         
07/04/16                  11:42:46.9                1.8544637665E+2           3.9372844830E+1           7.8616107879E+2           3.6570330757E+4           -1.0028791477E+1          -6.9824020493E+1         
07/04/16                  11:43:19.8                1.8544675768E+2           3.9427884620E+1           7.8465309539E+2           3.6941247451E+4           -1.2556050117E+1          -6.8241242821E+1         
07/04/16                  11:43:40.6                1.8544699833E+2           3.9382812500E+1           7.8563794161E+2           3.6394090990E+4           -1.3522855451E+1          -7.0642824384E+1         
07/04/16                  11:44:06.9                1.8544730285E+2           3.9375000000E+1           7.8525175165E+2           3.6281826259E+4           -1.2094520533E+1          -7.0412730844E+1         
07/04/16                  11:44:31.3                1.8544758559E+2           3.9360000000E+1           7.8523830465E+2           3.6210139920E+4           -1.1858740943E+1          -7.0686833257E+1         
07/04/16                  11:44:53.5                1.8544784212E+2           3.9358552630E+1           7.8545892250E+2           3.5954330203E+4           -1.3290107553E+1          -7.1124312999E+1         
07/04/16                  11:45:13.7                1.8544807596E+2           3.9380952380E+1           7.8495579642E+2           3.5581389162E+4           -1.0365599439E+1          -7.1087668110E+1         
07/04/16                  11:45:36.0                1.8544833369E+2           3.9375000000E+1           7.8512470012E+2           3.5207722457E+4           -1.0863302936E+1          -7.2029887000E+1         
07/04/16                  11:45:57.8                1.8544858603E+2           3.9367187500E+1           7.8523104622E+2           3.4777682837E+4           -1.1058261834E+1          -7.2223870764E+1         
07/04/16                  11:46:18.6                1.8544882699E+2           3.9361979170E+1           7.8496181002E+2           3.4722012703E+4           -1.1705702297E+1          -7.2175246631E+1         
07/04/16                  11:46:43.9                1.8544912021E+2           3.9360119050E+1           7.8534965104E+2           3.4639812805E+4           -1.2223238230E+1          -7.2526728982E+1         
07/04/16                  11:47:07.6                1.8544939411E+2           3.9399456520E+1           7.8519938916E+2           3.4868226453E+4           -1.2360689540E+1          -7.2743282817E+1         
07/04/16                  11:47:27.6                1.8544962530E+2           3.9355113640E+1           7.8550293801E+2           3.4992147458E+4           -1.0098311537E+1          -7.2456687358E+1         
07/04/16                  11:47:51.3                1.8544989951E+2           3.9342391300E+1           7.8489943310E+2           3.5379633564E+4           -1.2430212251E+1          -7.1823629973E+1         
07/04/16                  11:48:15.0                1.8545017471E+2           3.9375000000E+1           7.8535237208E+2           3.5790229663E+4           -1.3066695395E+1          -7.1912046461E+1         
07/04/16                  11:48:37.7                1.8545043652E+2           3.9415760870E+1           7.8451323637E+2           3.6093815760E+4           -1.2055345949E+1          -7.0718001934E+1         
07/04/16                  11:49:04.1                1.8545074228E+2           3.9442307690E+1           7.8563797307E+2           3.5751031387E+4           -1.0916912079E+1          -7.3560157295E+1         
07/04/16                  11:49:26.6                1.8545100286E+2           3.9497395830E+1           7.8627747162E+2           3.5792858297E+4           -1.1004768395E+1          -7.2229538270E+1         
07/04/16                  11:49:51.5                1.8545129118E+2           3.9551136360E+1           7.8541364475E+2           3.5909382650E+4           -1.2272209379E+1          -7.1641378231E+1         
07/04/16                  11:50:12.2                1.8545153086E+2           3.9621527780E+1           7.8514288102E+2           3.6006990895E+4           -1.2325095492E+1          -7.1869592765E+1         
07/04/16                  11:50:32.8                1.8545176892E+2           3.9570312500E+1           7.6873593309E+2           3.2879084215E+4           -2.1464837304E+1          -6.1865271078E+1         
07/04/16                  11:50:44.0                1.8545189841E+2           3.9562500000E+1           7.8513822865E+2           1.5513836162E+4           -1.6025853761E+1          -6.8176624437E+1         
07/04/16                  11:50:49.2                1.8545195938E+2           3.9562500000E+1           7.8645955022E+2           9.6113532671E+3           -1.7740232321E+1          -7.6965464789E+1         
07/04/16                  11:50:54.3                1.8545201845E+2           3.9562500000E+1           7.8648994486E+2           6.7100065628E+3           -1.8825261580E+1          -7.7479856274E+1         
07/04/16                  11:50:59.4                1.8545207725E+2           3.9562500000E+1           7.8668559050E+2           5.1891231506E+3           -1.8835838251E+1          -7.9461097559E+1         
07/04/16                  11:51:04.5                1.8545213597E+2           3.9562500000E+1           7.8676117293E+2           4.3496964762E+3           -1.8462687536E+1          -8.1225965504E+1         
07/04/16                  11:51:09.6                1.8545219491E+2           3.9550000000E+1           7.8676219338E+2           3.8523687988E+3           -1.8008398672E+1          -8.0601957321E+1         
07/04/16                  11:51:14.7                1.8545225380E+2           3.9550000000E+1           7.8655984078E+2           3.5293628780E+3           -1.8190703868E+1          -7.4437596936E+1         
07/04/16                  11:51:19.8                1.8545231256E+2           3.9500000000E+1           7.8654924582E+2           3.3574106004E+3           -1.7877481402E+1          -7.7622811486E+1         
07/04/16                  11:51:24.8                1.8545237124E+2           3.9475000000E+1           7.8664215421E+2           3.2174449946E+3           -1.7791664479E+1          -7.7393121970E+1         
07/04/16                  11:51:29.9                1.8545243005E+2           3.9500000000E+1           7.8693848803E+2           3.1252481032E+3           -1.6716103032E+1          -8.0951423030E+1         
07/04/16                  11:51:35.0                1.8545248890E+2           3.9468750000E+1           7.8941199772E+2           4.9677405091E+3           -1.9169976482E+1          -8.6225618902E+1         
07/04/16                  11:51:42.2                1.8545257241E+2           3.9437500000E+1           7.8675082130E+2           2.0064137887E+4           -1.0471499487E+1          -8.1041420809E+1         
07/04/16                  11:51:49.4                1.8545265609E+2           3.9454545450E+1           7.8636652954E+2           2.9754223853E+4           -2.2182711932E+1          -7.3378233515E+1         
07/04/16                  11:52:09.0                1.8545288195E+2           3.9497596150E+1           7.8007582862E+2           3.5708069838E+4           -1.8210352554E+1          -4.3138745371E+1         
07/04/16                  11:52:35.2                1.8545318540E+2           3.9470000000E+1           7.8476759528E+2           3.6909250707E+4           -2.0908084519E+1          -6.8345248670E+1         
07/04/16                  11:52:59.9                1.8545347152E+2           3.9492500000E+1           7.8563579278E+2           3.7264092033E+4           -1.0907754792E+1          -6.8681208130E+1         
07/04/16                  11:53:29.2                1.8545381093E+2           3.9556034480E+1           7.8519467878E+2           3.7367389065E+4           -1.2413183801E+1          -6.8686257170E+1         
07/04/16                  11:53:59.7                1.8545416340E+2           3.9625000000E+1           7.8547450685E+2           3.7260271299E+4           -1.1809171931E+1          -6.8775094816E+1         
07/04/16                  11:54:23.8                1.8545444296E+2           3.9658854170E+1           7.8546121237E+2           3.6857634141E+4           -1.2483565889E+1          -6.9967603100E+1         
07/04/16                  11:54:47.9                1.8545472207E+2           3.9635416670E+1           7.8500615502E+2           3.7224912375E+4           -1.2891862507E+1          -6.9457572057E+1         
07/04/16                  11:55:17.9                1.8545506855E+2           3.9471774190E+1           7.8617156897E+2           3.7213340547E+4           -1.0858092261E+1          -7.1779272044E+1         
07/04/16                  11:55:44.3                1.8545537436E+2           3.9509259260E+1           7.8543678203E+2           3.7185092953E+4           -1.1774892946E+1          -6.9648222052E+1         
07/04/16                  11:56:15.8                1.8545573878E+2           3.9567500000E+1           7.8563244142E+2           3.7002055043E+4           -1.1111904288E+1          -7.0709561907E+1         
07/04/16                  11:56:39.3                1.8545601133E+2           3.9595108700E+1           7.8588667797E+2           3.6959512925E+4           -1.2403183807E+1          -7.1773893735E+1         
07/04/16                  11:57:01.3                1.8545626575E+2           3.9622282610E+1           7.8535623566E+2           3.7532238528E+4           -1.4441256651E+1          -7.0817321404E+1         
07/04/16                  11:57:29.4                1.8545659119E+2           3.9629166670E+1           7.8572984293E+2           3.7765314983E+4           -9.4486799505E+0          -6.9936993481E+1         
07/04/16                  11:57:55.2                1.8545688892E+2           3.9684659090E+1           7.8579299750E+2           3.8074129602E+4           -1.6204604233E+1          -6.9323691330E+1         
