DATE                      TIME                      DAYS_SINCE_JAN            DAS_TEMP_(C)              BASELINE                  H2O                       D_1816                    D_DH                     
02/20/16                  23:59:39.7                5.0999765780E+1           2.9800000000E+1           7.8610152743E+2           7.0038083028E+1           1.8488669720E+2           2.9059587783E+2          
02/20/16                  23:59:44.8                5.0999824470E+1           2.9787500000E+1           7.8594718692E+2           7.1674669224E+1           1.6591314801E+2           7.7537834401E+2          
02/20/16                  23:59:49.9                5.0999883183E+1           2.9787500000E+1           7.8567036551E+2           7.2366259451E+1           1.4517395361E+2           9.0191098300E+2          
02/20/16                  23:59:54.9                5.0999941759E+1           2.9800000000E+1           7.8633596089E+2           6.7437077075E+1           2.1539956337E+2           1.6724722365E+2          
02/21/16                  00:00:00.0                5.1000000460E+1           2.9781250000E+1           7.8636269505E+2           6.6357803903E+1           2.3622936834E+2           1.0488476661E+2          
02/21/16                  00:00:05.1                5.1000059176E+1           2.9762500000E+1           7.8667097943E+2           6.4804574541E+1           2.5657581608E+2           -1.5677878646E+2         
02/21/16                  00:00:12.0                5.1000138973E+1           2.9812500000E+1           7.8653449803E+2           6.4777083566E+1           2.4361342335E+2           -2.7848489721E+1         
02/21/16                  00:00:17.0                5.1000197466E+1           2.9787500000E+1           7.8607853875E+2           6.8784558960E+1           1.8576514911E+2           2.3855315901E+2          
02/21/16                  00:00:22.1                5.1000256152E+1           2.9750000000E+1           7.8617533286E+2           6.7838755285E+1           1.8948869014E+2           1.4421520154E+2          
02/21/16                  00:00:27.1                5.1000314681E+1           2.9762500000E+1           7.8650819607E+2           6.4441569541E+1           2.5098747772E+2           1.3401788603E+2          
02/21/16                  00:00:32.2                5.1000373192E+1           2.9750000000E+1           7.8628482412E+2           6.6429047483E+1           2.1029830395E+2           2.3991440011E+2          
02/21/16                  00:00:37.3                5.1000432105E+1           2.9762500000E+1           7.8638376147E+2           6.5347567110E+1           2.2015405551E+2           8.1914062292E+1          
02/21/16                  00:00:42.3                5.1000490600E+1           2.9762500000E+1           7.8595233334E+2           6.7545598255E+1           1.9813484463E+2           4.8155203721E+2          
02/21/16                  00:00:47.4                5.1000549065E+1           2.9762500000E+1           7.8600997959E+2           6.8453304774E+1           1.7008979083E+2           3.5901342555E+2          
02/21/16                  00:00:52.4                5.1000607617E+1           2.9775000000E+1           7.8618822518E+2           6.7002753743E+1           1.8690485002E+2           1.6809126119E+2          
02/21/16                  00:00:57.5                5.1000666114E+1           2.9770833330E+1           7.8656466423E+2           6.3291913418E+1           2.5052534637E+2           -1.6933087799E+2         
02/21/16                  00:01:02.6                5.1000725022E+1           2.9812500000E+1           7.8633474346E+2           6.4754543036E+1           2.2394614117E+2           -3.1942784424E+1         
02/21/16                  00:01:09.5                5.1000804874E+1           2.9812500000E+1           7.8642470325E+2           6.3352908656E+1           2.4750251681E+2           -1.0502273800E+2         
02/21/16                  00:01:14.5                5.1000863411E+1           2.9787500000E+1           7.8623730677E+2           6.4303920222E+1           2.3691232920E+2           3.0424921167E+2          
02/21/16                  00:01:19.6                5.1000921902E+1           2.9787500000E+1           7.8647528626E+2           6.2896957886E+1           2.5065702111E+2           -1.4843897797E+2         
02/21/16                  00:01:24.7                5.1000980471E+1           2.9762500000E+1           7.8609345264E+2           6.6485800374E+1           1.8491637295E+2           2.9883627158E+2          
02/21/16                  00:01:29.7                5.1001039175E+1           2.9791666670E+1           7.8625369292E+2           6.4599838839E+1           2.1369775278E+2           2.7767041859E+2          
02/21/16                  00:01:34.8                5.1001098028E+1           2.9800000000E+1           7.8617058080E+2           6.4934341433E+1           2.1209098113E+2           2.8538737644E+2          
02/21/16                  00:01:39.9                5.1001156610E+1           2.9812500000E+1           7.8639108571E+2           6.3245720130E+1           2.4631554207E+2           1.7904363774E+2          
02/21/16                  00:01:44.9                5.1001215175E+1           2.9812500000E+1           7.8647223132E+2           6.2327252353E+1           2.5831690677E+2           7.5387911179E+1          
02/21/16                  00:01:50.0                5.1001273805E+1           2.9812500000E+1           7.8627787046E+2           6.3156923956E+1           2.3637952184E+2           5.4966365356E+1          
02/21/16                  00:01:55.1                5.1001332576E+1           2.9791666670E+1           7.8605487803E+2           6.5845758938E+1           1.8118632493E+2           3.2389867395E+2          
02/21/16                  00:02:00.2                5.1001391260E+1           2.9800000000E+1           7.8612794403E+2           6.3760075464E+1           2.1872658716E+2           4.2278723536E+2          
02/21/16                  00:02:07.1                5.1001471121E+1           2.9812500000E+1           7.8645623360E+2           6.2542451640E+1           2.3642076378E+2           -7.1894235755E+1         
02/21/16                  00:02:12.1                5.1001529569E+1           2.9812500000E+1           7.8604992898E+2           6.4166440242E+1           2.0764835373E+2           3.0922680412E+2          
02/21/16                  00:02:17.2                5.1001588257E+1           2.9812500000E+1           7.8592339568E+2           6.5087748968E+1           1.9608036125E+2           5.7482161040E+2          
02/21/16                  00:02:22.2                5.1001646899E+1           2.9812500000E+1           7.8647946842E+2           6.1708315766E+1           2.4471419669E+2           -1.4062783859E+2         
02/21/16                  00:02:27.3                5.1001705519E+1           2.9812500000E+1           7.8627663749E+2           6.2509905604E+1           2.2468928823E+2           1.6780837898E+2          
02/21/16                  00:02:32.4                5.1001764354E+1           2.9812500000E+1           7.8662188829E+2           6.0555933983E+1           2.6194035878E+2           -1.6097560392E+2         
02/21/16                  00:02:37.4                5.1001822789E+1           2.9812500000E+1           7.8639663605E+2           6.1898174524E+1           2.3135931588E+2           -1.3685330007E+2         
02/21/16                  00:02:42.5                5.1001881603E+1           2.9812500000E+1           7.8631965040E+2           6.2115530095E+1           2.3161344512E+2           -6.5634462712E+1         
02/21/16                  00:02:47.6                5.1001940164E+1           2.9812500000E+1           7.8637995862E+2           6.1549139610E+1           2.3571333288E+2           3.3966846805E+2          
02/21/16                  00:02:52.6                5.1001998680E+1           2.9812500000E+1           7.8625233444E+2           6.3200236242E+1           2.0747785842E+2           2.0785406182E+2          
02/21/16                  00:02:57.7                5.1002057463E+1           2.9812500000E+1           7.8614236166E+2           6.2686825151E+1           2.1223561229E+2           4.5549494244E+2          
02/21/16                  00:03:04.6                5.1002137227E+1           2.9812500000E+1           7.8610633622E+2           6.2079935096E+1           2.3252056523E+2           3.4080897435E+2          
02/21/16                  00:03:09.7                5.1002195638E+1           2.9812500000E+1           7.8625502660E+2           6.1635520872E+1           2.3776193084E+2           3.4901880901E+2          
02/21/16                  00:03:14.7                5.1002254196E+1           2.9812500000E+1           7.8623863170E+2           6.0737872493E+1           2.3595874141E+2           3.1205930602E+2          
02/21/16                  00:03:19.8                5.1002312715E+1           2.9812500000E+1           7.8634561194E+2           6.0676387753E+1           2.3805711517E+2           3.1683938349E+1          
02/21/16                  00:03:24.8                5.1002371373E+1           2.9812500000E+1           7.8640493176E+2           5.9637792229E+1           2.5782049461E+2           1.8412244196E+2          
02/21/16                  00:03:29.9                5.1002430258E+1           2.9812500000E+1           7.8676261019E+2           5.6927907670E+1           3.0104744852E+2           -4.0913196331E+2         
02/21/16                  00:03:35.0                5.1002488616E+1           2.9812500000E+1           7.8636775381E+2           5.9970876419E+1           2.4126433624E+2           9.5312355953E+0          
02/21/16                  00:03:40.0                5.1002547257E+1           2.9812500000E+1           7.8657183624E+2           5.7357597301E+1           2.9294629986E+2           -1.8376417895E+2         
02/21/16                  00:03:45.1                5.1002606009E+1           2.9812500000E+1           7.8616602931E+2           6.1028318998E+1           2.2506083306E+2           5.5833593081E+2          
02/21/16                  00:03:50.2                5.1002664695E+1           2.9812500000E+1           7.8648615678E+2           5.8279489975E+1           2.7923292238E+2           -1.7046585033E+2         
02/21/16                  00:03:55.3                5.1002723570E+1           2.9812500000E+1           7.8621703164E+2           5.9971077300E+1           2.3352354318E+2           1.3716497638E+2          
02/21/16                  00:04:02.2                5.1002803399E+1           2.9812500000E+1           7.8627467119E+2           5.9006444180E+1           2.4566687410E+2           1.4047884336E+2          
02/21/16                  00:04:07.2                5.1002861830E+1           2.9812500000E+1           7.8614203957E+2           6.0848380444E+1           2.2291078783E+2           5.8170371142E+2          
02/21/16                  00:04:12.3                5.1002920577E+1           2.9812500000E+1           7.8641486545E+2           5.8992263819E+1           2.5303145734E+2           1.9883114285E+2          
02/21/16                  00:04:17.4                5.1002979221E+1           2.9812500000E+1           7.8626710998E+2           5.9685808180E+1           2.2933071695E+2           2.6707204901E+2          
02/21/16                  00:04:22.4                5.1003037890E+1           2.9812500000E+1           7.8614199190E+2           6.0476409924E+1           2.2087067994E+2           5.6901239083E+2          
02/21/16                  00:04:27.5                5.1003096905E+1           2.9812500000E+1           7.8684080650E+2           5.5027964163E+1           3.2071598716E+2           -3.8762319866E+2         
02/21/16                  00:04:32.6                5.1003155442E+1           2.9812500000E+1           7.8645168846E+2           5.7106964272E+1           2.7609985087E+2           -1.7852253697E+2         
02/21/16                  00:04:37.6                5.1003213956E+1           2.9812500000E+1           7.8631397701E+2           5.8365726553E+1           2.4904803403E+2           5.6857665225E+1          
02/21/16                  00:04:42.7                5.1003272627E+1           2.9812500000E+1           7.8656148622E+2           5.6130422580E+1           2.9072190429E+2           -9.1373657918E+1         
02/21/16                  00:04:47.8                5.1003331079E+1           2.9812500000E+1           7.8650302657E+2           5.7233488680E+1           2.6126282141E+2           -1.0112595071E+2         
02/21/16                  00:04:52.8                5.1003389776E+1           2.9812500000E+1           7.8614253268E+2           5.8987660785E+1           2.3770720926E+2           3.8199478150E+2          
02/21/16                  00:04:59.8                5.1003469931E+1           2.9812500000E+1           7.8632687221E+2           5.8680679363E+1           2.2988937499E+2           -4.8985280756E+0         
02/21/16                  00:05:04.8                5.1003528607E+1           2.9812500000E+1           7.8656326723E+2           5.5717790524E+1           2.9539022665E+2           -4.1035966479E+0         
02/21/16                  00:05:09.9                5.1003587107E+1           2.9812500000E+1           7.8619312981E+2           5.8820806615E+1           2.2524513315E+2           4.3179309399E+2          
02/21/16                  00:05:15.0                5.1003645835E+1           2.9812500000E+1           7.8621601209E+2           5.8354152161E+1           2.3224759518E+2           2.0429360619E+2          
02/21/16                  00:05:20.0                5.1003704298E+1           2.9812500000E+1           7.8659038808E+2           5.5405748946E+1           2.8654161560E+2           -1.5828382931E+1         
02/21/16                  00:05:25.1                5.1003763370E+1           2.9812500000E+1           7.8648062632E+2           5.5970277917E+1           2.8188720631E+2           1.0819080467E+2          
02/21/16                  00:05:30.2                5.1003821804E+1           2.9812500000E+1           7.8654004003E+2           5.4927021226E+1           2.9195292045E+2           -1.7572697498E+1         
02/21/16                  00:05:35.2                5.1003880573E+1           2.9812500000E+1           7.8595530551E+2           5.9733037936E+1           2.1410467506E+2           6.5546702111E+2          
02/21/16                  00:05:40.3                5.1003939141E+1           2.9812500000E+1           7.8654873180E+2           5.4901023231E+1           3.0071900988E+2           -1.6222857634E+2         
02/21/16                  00:05:45.4                5.1003997730E+1           2.9812500000E+1           7.8639256775E+2           5.6538026287E+1           2.6003244546E+2           1.8621698940E+1          
02/21/16                  00:05:50.4                5.1004056559E+1           2.9825000000E+1           7.8628744100E+2           5.6989955669E+1           2.4530064821E+2           4.2730915956E+1          
02/21/16                  00:05:57.3                5.1004136264E+1           2.9837500000E+1           7.8686091925E+2           5.2217646376E+1           3.3989688368E+2           -5.7850398148E+2         
02/21/16                  00:06:02.4                5.1004194674E+1           2.9837500000E+1           7.8616342524E+2           5.8003768430E+1           2.2606687563E+2           4.6113580952E+2          
02/21/16                  00:06:07.4                5.1004253251E+1           2.9825000000E+1           7.8627334331E+2           5.6678352867E+1           2.5061046751E+2           4.0189235271E+2          
02/21/16                  00:06:12.5                5.1004312233E+1           2.9812500000E+1           7.8626171869E+2           5.6719669759E+1           2.3855977607E+2           2.0644255197E+2          
02/21/16                  00:06:17.6                5.1004370897E+1           2.9812500000E+1           7.8642454420E+2           5.4905573167E+1           2.7679063971E+2           6.4854728335E+1          
02/21/16                  00:06:22.7                5.1004429724E+1           2.9837500000E+1           7.8642742799E+2           5.5483457341E+1           2.5586641788E+2           -2.6648540383E+2         
02/21/16                  00:06:27.7                5.1004488224E+1           2.9837500000E+1           7.8673546875E+2           5.2973236064E+1           3.0609604683E+2           -3.4757371888E+2         
02/21/16                  00:06:32.8                5.1004546836E+1           2.9812500000E+1           7.8636562722E+2           5.4395926785E+1           2.8711935535E+2           1.0271782530E+2          
02/21/16                  00:06:37.9                5.1004605467E+1           2.9825000000E+1           7.8625041040E+2           5.5534992769E+1           2.4686436650E+2           1.8827429135E+2          
02/21/16                  00:06:42.9                5.1004664188E+1           2.9812500000E+1           7.8634152748E+2           5.4660995620E+1           2.7654059004E+2           4.2168550074E+2          
02/21/16                  00:06:48.0                5.1004723066E+1           2.9825000000E+1           7.8625648197E+2           5.5261515385E+1           2.5272992528E+2           4.3138329076E+2          
02/21/16                  00:06:54.9                5.1004802875E+1           2.9862500000E+1           7.8657782383E+2           5.2026719780E+1           3.2908479482E+2           1.4871124817E+2          
02/21/16                  00:07:00.0                5.1004861388E+1           2.9850000000E+1           7.8634658675E+2           5.4453914973E+1           2.7535453248E+2           3.0715755368E+2          
02/21/16                  00:07:05.0                5.1004919967E+1           2.9875000000E+1           7.8607397332E+2           5.6065763878E+1           2.2948695655E+2           2.7445925773E+2          
02/21/16                  00:07:10.1                5.1004978577E+1           2.9862500000E+1           7.8650056219E+2           5.2357189110E+1           3.0957555125E+2           -5.5980576364E+1         
02/21/16                  00:07:15.2                5.1005037245E+1           2.9875000000E+1           7.8644368614E+2           5.2983408525E+1           2.8188027691E+2           8.5810623604E+0          
02/21/16                  00:07:20.3                5.1005096098E+1           2.9837500000E+1           7.8637788027E+2           5.3355829056E+1           2.7656597157E+2           -1.5520350074E+2         
02/21/16                  00:07:25.3                5.1005154638E+1           2.9850000000E+1           7.8655343815E+2           5.2175775165E+1           3.0410730144E+2           2.6356391503E+1          
02/21/16                  00:07:30.4                5.1005213364E+1           2.9812500000E+1           7.8668849171E+2           5.0679907409E+1           3.3585664823E+2           -4.1450937926E+2         
02/21/16                  00:07:35.5                5.1005272223E+1           2.9812500000E+1           7.8648462410E+2           5.1766603661E+1           3.0614196874E+2           1.3675381870E+1          
02/21/16                  00:07:40.5                5.1005330715E+1           2.9812500000E+1           7.8633124620E+2           5.1548881911E+1           3.1845623033E+2           1.3703191184E+2          
02/21/16                  00:07:45.6                5.1005389810E+1           2.9812500000E+1           7.8635011919E+2           5.3527363020E+1           2.6684532193E+2           2.1330029632E+2          
02/21/16                  00:07:52.6                5.1005469962E+1           2.9812500000E+1           7.8637565797E+2           5.2422379482E+1           2.8179901462E+2           -1.4216901618E+2         
02/21/16                  00:07:57.6                5.1005528438E+1           2.9825000000E+1           7.8628984931E+2           5.3256508947E+1           2.7375970665E+2           3.4952629470E+2          
02/21/16                  00:08:02.7                5.1005587096E+1           2.9812500000E+1           7.8642792785E+2           5.1043373734E+1           3.2471079602E+2           1.5818551165E+2          
02/21/16                  00:08:07.8                5.1005645955E+1           2.9812500000E+1           7.8645352649E+2           5.1844781684E+1           2.9839424506E+2           1.7973904682E+2          
02/21/16                  00:08:12.8                5.1005704692E+1           2.9812500000E+1           7.8642428659E+2           5.2402751464E+1           2.8262519828E+2           5.3088679776E+1          
02/21/16                  00:08:17.9                5.1005763468E+1           2.9825000000E+1           7.8635261205E+2           5.1718565477E+1           2.9518981812E+2           3.0675020058E+2          
02/21/16                  00:08:23.0                5.1005821982E+1           2.9812500000E+1           7.8609127301E+2           5.3391338337E+1           2.6866869213E+2           7.5429491262E+2          
02/21/16                  00:08:28.0                5.1005880745E+1           2.9812500000E+1           7.8628223623E+2           5.3341000261E+1           2.5348928910E+2           5.4871227710E+0          
02/21/16                  00:08:33.1                5.1005939402E+1           2.9812500000E+1           7.8633300781E+2           5.2522754758E+1           2.7246349649E+2           1.1526455463E+2          
02/21/16                  00:08:38.2                5.1005997988E+1           2.9812500000E+1           7.8616648730E+2           5.2388374259E+1           2.7692045302E+2           2.7007566665E+2          
02/21/16                  00:08:43.3                5.1006056804E+1           2.9812500000E+1           7.8645530422E+2           5.0558225685E+1           3.1930549745E+2           2.0441143369E+2          
02/21/16                  00:08:50.2                5.1006136747E+1           2.9825000000E+1           7.8604310209E+2           5.3862758959E+1           2.4367756950E+2           4.3861675280E+2          
02/21/16                  00:08:55.2                5.1006195114E+1           2.9812500000E+1           7.8628391484E+2           5.1604837721E+1           2.7968252519E+2           2.4317971870E+2          
02/21/16                  00:09:00.3                5.1006253693E+1           2.9812500000E+1           7.8630111139E+2           5.2814959625E+1           2.5905387987E+2           3.0390000510E+2          
02/21/16                  00:09:05.3                5.1006312339E+1           2.9812500000E+1           7.8642611127E+2           5.0443068352E+1           3.0311799300E+2           -1.1167391950E+2         
02/21/16                  00:09:10.4                5.1006370823E+1           2.9812500000E+1           7.8641513708E+2           5.0483611473E+1           3.0699844416E+2           -1.4803251539E+2         
02/21/16                  00:09:15.5                5.1006429603E+1           2.9812500000E+1           7.8655279052E+2           4.9615227721E+1           3.1324253582E+2           -1.0388548096E+2         
02/21/16                  00:09:20.5                5.1006488365E+1           2.9812500000E+1           7.8620979254E+2           5.1131560415E+1           2.9345561452E+2           2.0626997843E+2          
02/21/16                  00:09:25.6                5.1006546990E+1           2.9812500000E+1           7.8637273706E+2           5.0596347793E+1           2.9984878505E+2           8.9314696095E+1          
02/21/16                  00:09:30.7                5.1006605585E+1           2.9812500000E+1           7.8640867641E+2           5.0356587238E+1           2.9543623601E+2           2.7741059721E+1          
02/21/16                  00:09:35.7                5.1006664242E+1           2.9812500000E+1           7.8636015933E+2           5.0431005237E+1           2.8411079349E+2           3.6657713299E+0          
02/21/16                  00:09:40.8                5.1006723022E+1           2.9812500000E+1           7.8656295189E+2           4.8750818365E+1           3.2606302900E+2           -2.9159210145E+2         
02/21/16                  00:09:47.7                5.1006802771E+1           2.9812500000E+1           7.8641426452E+2           5.0296337111E+1           3.0328084513E+2           -1.0178603741E+2         
02/21/16                  00:09:52.8                5.1006861173E+1           2.9812500000E+1           7.8658315042E+2           4.8520279669E+1           3.3391675891E+2           -8.2393430934E+1         
02/21/16                  00:09:57.8                5.1006919841E+1           2.9812500000E+1           7.8622899674E+2           5.1130909090E+1           2.6719698563E+2           3.1153621963E+2          
02/21/16                  00:10:02.9                5.1006978506E+1           2.9812500000E+1           7.8641156121E+2           4.9640420138E+1           3.0377049044E+2           9.0419917107E+1          
02/21/16                  00:10:08.0                5.1007037297E+1           2.9812500000E+1           7.8643772315E+2           4.9371041431E+1           3.1679412121E+2           1.4000062168E+2          
02/21/16                  00:10:13.0                5.1007095939E+1           2.9812500000E+1           7.8659369620E+2           4.7299462746E+1           3.6097097980E+2           -2.3479655448E+2         
02/21/16                  00:10:18.1                5.1007154392E+1           2.9812500000E+1           7.8606873622E+2           5.1825513471E+1           2.5310899687E+2           3.7264196634E+2          
02/21/16                  00:10:23.1                5.1007212911E+1           2.9812500000E+1           7.8612224358E+2           5.1405823669E+1           2.6604469124E+2           5.7348879098E+2          
02/21/16                  00:10:28.2                5.1007271491E+1           2.9812500000E+1           7.8688898717E+2           4.4733155999E+1           4.2591892108E+2           -4.6179416873E+2         
02/21/16                  00:10:33.3                5.1007330154E+1           2.9812500000E+1           7.8645119635E+2           4.9036621838E+1           3.1819156398E+2           8.7688678362E+1          
02/21/16                  00:10:38.4                5.1007389007E+1           2.9812500000E+1           7.8635568214E+2           4.9331851520E+1           2.9771735920E+2           1.5172331860E+1          
02/21/16                  00:10:45.3                5.1007468896E+1           2.9812500000E+1           7.8595785462E+2           5.2390670563E+1           2.4262100486E+2           9.1564770401E+2          
02/21/16                  00:10:50.3                5.1007527402E+1           2.9812500000E+1           7.8607440612E+2           5.0818176822E+1           2.6898866251E+2           4.2837121809E+2          
02/21/16                  00:10:55.4                5.1007586153E+1           2.9812500000E+1           7.8615307622E+2           5.0958950933E+1           2.6341238901E+2           5.1334560519E+2          
02/21/16                  00:11:00.5                5.1007644761E+1           2.9812500000E+1           7.8653713240E+2           4.7579015609E+1           3.4754391456E+2           2.5265613955E+2          
02/21/16                  00:11:05.5                5.1007703449E+1           2.9812500000E+1           7.8635821599E+2           4.8836242592E+1           3.0473178522E+2           2.0874260732E+2          
02/21/16                  00:11:10.6                5.1007762094E+1           2.9812500000E+1           7.8639062790E+2           4.8278252747E+1           3.0972352892E+2           1.7662054069E+2          
02/21/16                  00:11:15.6                5.1007820505E+1           2.9787500000E+1           7.8612160478E+2           4.9548142077E+1           2.8507510109E+2           5.2198604081E+2          
02/21/16                  00:11:20.7                5.1007879222E+1           2.9800000000E+1           7.8622002902E+2           4.9378183432E+1           2.8960922493E+2           3.7493029783E+2          
02/21/16                  00:11:25.8                5.1007937913E+1           2.9812500000E+1           7.8620965281E+2           4.9216956227E+1           2.8946833116E+2           2.9181481267E+2          
02/21/16                  00:11:30.9                5.1007996684E+1           2.9812500000E+1           7.8641032472E+2           4.7989711623E+1           3.2371542151E+2           2.6833247649E+2          
02/21/16                  00:11:36.0                5.1008055656E+1           2.9812500000E+1           7.8647853473E+2           4.6639914217E+1           3.5582204523E+2           1.8338916933E+2          
02/21/16                  00:11:42.9                5.1008135453E+1           2.9812500000E+1           7.8648911392E+2           4.6849133306E+1           3.3804203644E+2           1.5618549885E+2          
02/21/16                  00:11:47.9                5.1008193728E+1           2.9812500000E+1           7.8605361838E+2           4.9998906707E+1           2.6961934951E+2           5.7473057917E+2          
02/21/16                  00:11:53.0                5.1008252536E+1           2.9812500000E+1           7.8620649785E+2           4.9017539302E+1           2.8726535452E+2           3.6545654068E+2          
02/21/16                  00:11:58.0                5.1008311084E+1           2.9812500000E+1           7.8606409318E+2           4.8857636784E+1           2.9051199171E+2           4.1576203863E+2          
02/21/16                  00:12:03.1                5.1008369758E+1           2.9812500000E+1           7.8623029550E+2           4.8190789478E+1           2.9709216233E+2           3.4110140002E+2          
02/21/16                  00:12:08.2                5.1008428455E+1           2.9812500000E+1           7.8634178423E+2           4.8076355057E+1           3.0125228155E+2           -3.0698051901E+1         
02/21/16                  00:12:13.2                5.1008486978E+1           2.9812500000E+1           7.8621841972E+2           4.8003003797E+1           3.0205898035E+2           2.9562980989E+2          
02/21/16                  00:12:18.3                5.1008545597E+1           2.9800000000E+1           7.8631034098E+2           4.6886061259E+1           3.2309012406E+2           3.5132564914E+2          
02/21/16                  00:12:23.4                5.1008604373E+1           2.9812500000E+1           7.8664790370E+2           4.4945401256E+1           3.7421375352E+2           -8.9210814316E+1         
02/21/16                  00:12:28.4                5.1008663159E+1           2.9812500000E+1           7.8629359612E+2           4.7204764754E+1           3.0505591579E+2           1.0405947815E+2          
02/21/16                  00:12:33.5                5.1008721949E+1           2.9812500000E+1           7.8647436375E+2           4.6087898163E+1           3.4218742415E+2           -2.0935152483E+2         
02/21/16                  00:12:40.4                5.1008801750E+1           2.9812500000E+1           7.8614084326E+2           4.7806837032E+1           2.9887065620E+2           7.3247605103E+2          
02/21/16                  00:12:45.5                5.1008860236E+1           2.9812500000E+1           7.8632765398E+2           4.6409487447E+1           3.4194455118E+2           2.9560939485E+2          
02/21/16                  00:12:50.5                5.1008918916E+1           2.9812500000E+1           7.8605581115E+2           4.8004236101E+1           2.8106815058E+2           6.0533842311E+2          
02/21/16                  00:12:55.6                5.1008977423E+1           2.9812500000E+1           7.8593398690E+2           4.9420736017E+1           2.5158766943E+2           5.5712146099E+2          
02/21/16                  00:13:00.7                5.1009035997E+1           2.9791666670E+1           7.8645246537E+2           4.5666598438E+1           3.3903603871E+2           1.4111449888E+2          
02/21/16                  00:13:05.7                5.1009094719E+1           2.9812500000E+1           7.8622194110E+2           4.6938683460E+1           3.0500258498E+2           5.0065844402E+2          
02/21/16                  00:13:10.8                5.1009153068E+1           2.9787500000E+1           7.8620532672E+2           4.7616411308E+1           3.0264789135E+2           4.3371164300E+2          
02/21/16                  00:13:15.8                5.1009211658E+1           2.9812500000E+1           7.8615508805E+2           4.7427844367E+1           2.9402100612E+2           5.4283770365E+2          
02/21/16                  00:13:20.9                5.1009270293E+1           2.9812500000E+1           7.8672423193E+2           4.2710485587E+1           4.0511371313E+2           -5.7753165029E+2         
02/21/16                  00:13:26.0                5.1009329090E+1           2.9812500000E+1           7.8629675865E+2           4.6932399439E+1           2.9806506862E+2           2.6423463139E+2          
02/21/16                  00:13:31.1                5.1009388097E+1           2.9812500000E+1           7.8645998570E+2           4.3700380254E+1           3.8105045817E+2           4.7134960446E+1          
02/21/16                  00:13:38.0                5.1009468164E+1           2.9812500000E+1           7.8654315031E+2           4.3752029859E+1           3.8070912307E+2           -1.9309724641E+2         
02/21/16                  00:13:43.1                5.1009526839E+1           2.9812500000E+1           7.8655910094E+2           4.3912915815E+1           3.6624680175E+2           -3.6993040868E+1         
02/21/16                  00:13:48.1                5.1009585236E+1           2.9812500000E+1           7.8618557356E+2           4.6972964235E+1           2.8582983795E+2           4.3536483168E+2          
02/21/16                  00:13:53.2                5.1009643910E+1           2.9812500000E+1           7.8671189482E+2           4.2081804439E+1           4.2019063811E+2           -2.7778659523E+2         
02/21/16                  00:13:58.2                5.1009702481E+1           2.9812500000E+1           7.8625713444E+2           4.6477487645E+1           2.9094683852E+2           2.7593877487E+2          
02/21/16                  00:14:03.3                5.1009761344E+1           2.9812500000E+1           7.8639202062E+2           4.6264365243E+1           3.1376921704E+2           2.3441252238E+2          
02/21/16                  00:14:08.4                5.1009819722E+1           2.9812500000E+1           7.8649770519E+2           4.3711342543E+1           3.7474091528E+2           -1.2152361912E+2         
02/21/16                  00:14:13.4                5.1009878360E+1           2.9812500000E+1           7.8636282967E+2           4.4700051768E+1           3.3690328777E+2           1.3847449288E+2          
02/21/16                  00:14:18.5                5.1009937119E+1           2.9812500000E+1           7.8653144429E+2           4.2841646247E+1           3.6785068182E+2           -2.3100355060E+2         
02/21/16                  00:14:23.6                5.1009995888E+1           2.9812500000E+1           7.8631324411E+2           4.5176869064E+1           3.3417088654E+2           4.2575717019E+2          
02/21/16                  00:14:28.7                5.1010054886E+1           2.9812500000E+1           7.8634420234E+2           4.4063264058E+1           3.4837469557E+2           4.3945634846E+2          
02/21/16                  00:14:35.6                5.1010134544E+1           2.9800000000E+1           7.8664741575E+2           4.3010890231E+1           4.0220969491E+2           -1.3543829654E+2         
02/21/16                  00:14:40.6                5.1010193131E+1           2.9812500000E+1           7.8632783172E+2           4.4210767219E+1           3.5037328942E+2           1.7534278046E+2          
02/21/16                  00:14:45.7                5.1010251880E+1           2.9812500000E+1           7.8647523402E+2           4.3723976586E+1           3.6702321380E+2           2.5248607325E+2          
02/21/16                  00:14:50.8                5.1010310465E+1           2.9812500000E+1           7.8617231054E+2           4.5849163356E+1           2.9512131638E+2           3.6648214097E+2          
02/21/16                  00:14:55.8                5.1010369077E+1           2.9812500000E+1           7.8637289232E+2           4.3935411576E+1           3.4318474408E+2           -2.3868940563E+2         
02/21/16                  00:15:00.9                5.1010428041E+1           2.9812500000E+1           7.8644487074E+2           4.3462914820E+1           3.5526418792E+2           2.4230003622E+1          
02/21/16                  00:15:06.0                5.1010486639E+1           2.9812500000E+1           7.8644437226E+2           4.3136598201E+1           3.7399385524E+2           4.2393131796E+2          
02/21/16                  00:15:11.1                5.1010545495E+1           2.9812500000E+1           7.8646868916E+2           4.3590766149E+1           3.3004153670E+2           3.8593771907E+1          
02/21/16                  00:15:16.2                5.1010604332E+1           2.9812500000E+1           7.8601524334E+2           4.6344771021E+1           2.7592598390E+2           1.0428955375E+3          
02/21/16                  00:15:21.2                5.1010663021E+1           2.9812500000E+1           7.8621398133E+2           4.5076654885E+1           3.1076392033E+2           5.4160017696E+2          
02/21/16                  00:15:26.3                5.1010721908E+1           2.9825000000E+1           7.8689432332E+2           3.9786824762E+1           4.5757104586E+2           -7.3203181852E+2         
02/21/16                  00:15:33.2                5.1010801660E+1           2.9812500000E+1           7.8650929681E+2           4.2396906457E+1           3.8288222283E+2           -9.3751725542E+1         
02/21/16                  00:15:38.3                5.1010860067E+1           2.9812500000E+1           7.8623143078E+2           4.3524856284E+1           3.5686395566E+2           3.5461323566E+2          
02/21/16                  00:15:43.3                5.1010918577E+1           2.9812500000E+1           7.8655480116E+2           4.1958501457E+1           3.8829353756E+2           -1.8434809238E+2         
02/21/16                  00:15:48.4                5.1010977244E+1           2.9812500000E+1           7.8666082814E+2           4.1001491853E+1           4.1972937959E+2           -9.0015468071E+1         
02/21/16                  00:15:53.4                5.1011035780E+1           2.9812500000E+1           7.8603749575E+2           4.6319731259E+1           2.6368931595E+2           2.4408399258E+2          
02/21/16                  00:15:58.5                5.1011094575E+1           2.9812500000E+1           7.8615017688E+2           4.4036022970E+1           3.2016041933E+2           4.3544861773E+2          
02/21/16                  00:16:03.6                5.1011153005E+1           2.9812500000E+1           7.8611294206E+2           4.4738303311E+1           3.0298279567E+2           6.0646645972E+2          
02/21/16                  00:16:08.6                5.1011211605E+1           2.9812500000E+1           7.8646142154E+2           4.2879963833E+1           3.6855735773E+2           -1.9608727287E+2         
02/21/16                  00:16:13.7                5.1011270247E+1           2.9812500000E+1           7.8654548785E+2           4.2123958938E+1           3.6670490597E+2           -1.6745505394E+2         
02/21/16                  00:16:18.8                5.1011328759E+1           2.9812500000E+1           7.8591855042E+2           4.6556952730E+1           2.6438524005E+2           9.1455271038E+2          
02/21/16                  00:16:23.8                5.1011387502E+1           2.9812500000E+1           7.8630995435E+2           4.2801714285E+1           3.4605592858E+2           2.6929436124E+2          
02/21/16                  00:16:30.7                5.1011467233E+1           2.9812500000E+1           7.8612388420E+2           4.3866699642E+1           3.3261692633E+2           6.1946312082E+2          
02/21/16                  00:16:35.8                5.1011525709E+1           2.9812500000E+1           7.8639353991E+2           4.1900412881E+1           3.7787861304E+2           -1.0629374632E+2         
02/21/16                  00:16:40.8                5.1011584276E+1           2.9812500000E+1           7.8609031285E+2           4.4290225037E+1           3.0325606602E+2           3.5598388269E+2          
02/21/16                  00:16:45.9                5.1011642781E+1           2.9812500000E+1           7.8629703947E+2           4.3419323720E+1           3.2362142729E+2           2.6895590354E+2          
02/21/16                  00:16:51.0                5.1011701442E+1           2.9812500000E+1           7.8601978129E+2           4.4478503420E+1           3.0241651465E+2           9.6990426863E+2          
02/21/16                  00:16:56.0                5.1011760340E+1           2.9800000000E+1           7.8619102224E+2           4.3681862389E+1           3.2172163475E+2           5.7117907128E+2          
02/21/16                  00:17:01.1                5.1011818810E+1           2.9812500000E+1           7.8636710481E+2           4.2364177865E+1           3.3931790241E+2           2.5920901688E+2          
02/21/16                  00:17:06.2                5.1011877452E+1           2.9800000000E+1           7.8655731476E+2           4.0962595407E+1           4.0021498909E+2           -3.3270919311E+2         
02/21/16                  00:17:11.2                5.1011936090E+1           2.9812500000E+1           7.8628593958E+2           4.2359379992E+1           3.3151703546E+2           5.5902998079E+1          
02/21/16                  00:17:16.3                5.1011994613E+1           2.9812500000E+1           7.8644380768E+2           4.2149596404E+1           3.6847726545E+2           2.7585330302E+2          
02/21/16                  00:17:21.4                5.1012053519E+1           2.9800000000E+1           7.8605802215E+2           4.4213546430E+1           3.0170663084E+2           5.7739387342E+2          
02/21/16                  00:17:28.3                5.1012133427E+1           2.9812500000E+1           7.8614467780E+2           4.3294988931E+1           3.1673612684E+2           4.5566130493E+2          
02/21/16                  00:17:33.3                5.1012191892E+1           2.9812500000E+1           7.8621925534E+2           4.3270800286E+1           3.1362633737E+2           3.6699778625E+2          
02/21/16                  00:17:38.4                5.1012250526E+1           2.9812500000E+1           7.8658398384E+2           4.0235711551E+1           4.0404906616E+2           -3.1981786020E+2         
02/21/16                  00:17:43.5                5.1012309030E+1           2.9812500000E+1           7.8627548564E+2           4.2226192621E+1           3.3150646136E+2           5.5216127168E+2          
02/21/16                  00:17:48.5                5.1012367664E+1           2.9812500000E+1           7.8619297921E+2           4.2731056154E+1           3.3727855043E+2           9.3229777014E+2          
02/21/16                  00:17:53.6                5.1012426313E+1           2.9825000000E+1           7.8625619893E+2           4.2399424584E+1           3.2571921916E+2           2.5835945054E+2          
02/21/16                  00:17:58.6                5.1012484808E+1           2.9812500000E+1           7.8606082597E+2           4.2694368600E+1           3.1909974381E+2           3.5580957077E+2          
02/21/16                  00:18:03.7                5.1012543406E+1           2.9837500000E+1           7.8643019819E+2           4.0765716191E+1           3.9276129559E+2           -6.2056308508E+1         
02/21/16                  00:18:08.8                5.1012601986E+1           2.9825000000E+1           7.8597372685E+2           4.4391722479E+1           2.7972081843E+2           7.6783048882E+2          
02/21/16                  00:18:13.8                5.1012660619E+1           2.9812500000E+1           7.8641500172E+2           4.0799308954E+1           3.8697511098E+2           -3.1213322216E+1         
02/21/16                  00:18:18.9                5.1012719547E+1           2.9828125000E+1           7.8640093884E+2           4.0512047709E+1           3.8021900659E+2           -1.4795966358E+2         
02/21/16                  00:18:25.9                5.1012799772E+1           2.9812500000E+1           7.8600703132E+2           4.4027384486E+1           2.7253729148E+2           9.4125604833E+2          
02/21/16                  00:18:30.9                5.1012858389E+1           2.9812500000E+1           7.8636357692E+2           4.0835784029E+1           3.6289205211E+2           4.6887186054E+1          
02/21/16                  00:18:36.0                5.1012917130E+1           2.9812500000E+1           7.8643400399E+2           4.1531435280E+1           3.5688346755E+2           7.6286321548E+1          
02/21/16                  00:18:41.1                5.1012975842E+1           2.9812500000E+1           7.8630563713E+2           4.1162447596E+1           3.5449036571E+2           3.3705187118E+2          
02/21/16                  00:18:46.1                5.1013034523E+1           2.9833333330E+1           7.8603434577E+2           4.2352695136E+1           3.3852582227E+2           7.2681669494E+2          
02/21/16                  00:18:51.2                5.1013093302E+1           2.9850000000E+1           7.8679035822E+2           3.7007716585E+1           4.8147334105E+2           -5.7613908960E+2         
02/21/16                  00:18:56.3                5.1013151879E+1           2.9862500000E+1           7.8592085483E+2           4.3985543176E+1           2.6227238160E+2           5.2872113337E+2          
02/21/16                  00:19:01.4                5.1013210672E+1           2.9850000000E+1           7.8646882119E+2           3.9333122469E+1           3.9833212153E+2           1.7821354459E+2          
02/21/16                  00:19:06.4                5.1013269426E+1           2.9837500000E+1           7.8597725130E+2           4.3461129227E+1           2.8271325937E+2           8.6802101541E+2          
02/21/16                  00:19:11.5                5.1013328158E+1           2.9833333330E+1           7.8664781098E+2           3.7479317574E+1           4.7467015992E+2           -1.7819782903E+2         
02/21/16                  00:19:16.6                5.1013386955E+1           2.9837500000E+1           7.8641367322E+2           4.0511864941E+1           3.6774134221E+2           -1.0182791925E+2         
02/21/16                  00:19:23.5                5.1013466672E+1           2.9837500000E+1           7.8646803143E+2           3.8582692091E+1           4.2066128859E+2           -3.7097606556E+1         
02/21/16                  00:19:28.5                5.1013525066E+1           2.9825000000E+1           7.8622212079E+2           4.0857457429E+1           3.4648835861E+2           5.2746866363E+2          
02/21/16                  00:19:33.6                5.1013583629E+1           2.9825000000E+1           7.8612002504E+2           4.1935247084E+1           3.2743029030E+2           6.6544172061E+2          
02/21/16                  00:19:38.6                5.1013642329E+1           2.9812500000E+1           7.8629720172E+2           3.9973181491E+1           3.8043621951E+2           1.1931984479E+2          
02/21/16                  00:19:43.7                5.1013700797E+1           2.9812500000E+1           7.8653624389E+2           3.8850259361E+1           4.1654591559E+2           1.0111524910E+2          
02/21/16                  00:19:48.8                5.1013759599E+1           2.9812500000E+1           7.8685805280E+2           3.5879217629E+1           5.0186025609E+2           -9.1212036376E+2         
02/21/16                  00:19:53.8                5.1013818217E+1           2.9800000000E+1           7.8634157186E+2           3.9186770952E+1           3.9394383192E+2           2.2500322479E+2          
02/21/16                  00:19:58.9                5.1013876863E+1           2.9800000000E+1           7.8609067918E+2           4.0579206501E+1           3.5397349896E+2           7.7156396860E+2          
02/21/16                  00:20:04.0                5.1013935556E+1           2.9787500000E+1           7.8612418217E+2           4.1616729550E+1           3.2061818393E+2           9.1573467902E+2          
02/21/16                  00:20:09.1                5.1013994310E+1           2.9750000000E+1           7.8638754300E+2           3.9973739634E+1           3.8159907456E+2           8.0185947554E+1          
02/21/16                  00:20:14.1                5.1014053078E+1           2.9750000000E+1           7.8633010460E+2           3.9451024243E+1           3.9594623587E+2           3.2591295880E+2          
02/21/16                  00:20:21.1                5.1014134019E+1           2.9750000000E+1           7.8657875957E+2           3.6661035345E+1           4.5048439411E+2           -5.7369587440E+1         
02/21/16                  00:20:26.2                5.1014192471E+1           2.9750000000E+1           7.8679883560E+2           3.5149034769E+1           5.2290620297E+2           -5.0485168006E+2         
02/21/16                  00:20:31.2                5.1014251004E+1           2.9750000000E+1           7.8660638649E+2           3.6663187926E+1           4.5688384093E+2           -5.9415370414E+1         
02/21/16                  00:20:36.3                5.1014309718E+1           2.9750000000E+1           7.8651144423E+2           3.7638235604E+1           4.3379891400E+2           2.4141883234E+1          
02/21/16                  00:20:41.4                5.1014368390E+1           2.9750000000E+1           7.8657982173E+2           3.6439915359E+1           4.7467223659E+2           -2.7118294445E+2         
02/21/16                  00:20:46.5                5.1014427372E+1           2.9750000000E+1           7.8636019835E+2           3.7521371319E+1           4.2871272904E+2           2.7608980665E+2          
02/21/16                  00:20:51.5                5.1014485892E+1           2.9725000000E+1           7.8624194449E+2           3.9964776352E+1           3.5129860882E+2           2.1827553452E+2          
02/21/16                  00:20:56.6                5.1014544566E+1           2.9737500000E+1           7.8655348213E+2           3.6966270494E+1           4.5815670002E+2           3.2597010017E+2          
02/21/16                  00:21:01.7                5.1014603142E+1           2.9750000000E+1           7.8657555552E+2           3.7470270354E+1           4.4520622045E+2           -1.3524502387E+0         
02/21/16                  00:21:06.7                5.1014661697E+1           2.9750000000E+1           7.8592786652E+2           4.1135482658E+1           3.1713208590E+2           1.0485970194E+3          
02/21/16                  00:21:11.8                5.1014720487E+1           2.9750000000E+1           7.8645266107E+2           3.7441787751E+1           4.2689138671E+2           5.1127582032E+0          
02/21/16                  00:21:18.7                5.1014800551E+1           2.9725000000E+1           7.8631412882E+2           3.8596171718E+1           3.8935672823E+2           -7.3308583798E+1         
02/21/16                  00:21:23.8                5.1014858956E+1           2.9725000000E+1           7.8641642877E+2           3.8213332574E+1           4.0451823545E+2           1.1252012446E+2          
02/21/16                  00:21:28.8                5.1014917524E+1           2.9737500000E+1           7.8623620077E+2           3.8814750617E+1           3.7549803818E+2           4.4951254949E+2          
02/21/16                  00:21:33.9                5.1014976181E+1           2.9725000000E+1           7.8618170409E+2           3.9321252641E+1           3.5574792370E+2           6.4193261505E+2          
02/21/16                  00:21:39.0                5.1015034793E+1           2.9687500000E+1           7.8684094192E+2           3.4435128012E+1           5.0113747598E+2           -8.7054418522E+2         
02/21/16                  00:21:44.0                5.1015093540E+1           2.9687500000E+1           7.8597530487E+2           4.0172924287E+1           3.3215877985E+2           8.7484827036E+2          
02/21/16                  00:21:49.1                5.1015151950E+1           2.9687500000E+1           7.8631402417E+2           3.8090785542E+1           3.8701001005E+2           3.9085188653E+2          
02/21/16                  00:21:54.2                5.1015210664E+1           2.9687500000E+1           7.8645194980E+2           3.6102589199E+1           4.6698845991E+2           2.2328128563E+2          
02/21/16                  00:21:59.2                5.1015269442E+1           2.9687500000E+1           7.8660487451E+2           3.6297614451E+1           4.4335201820E+2           1.9279187698E+2          
02/21/16                  00:22:04.3                5.1015328000E+1           2.9687500000E+1           7.8616647991E+2           3.9454969349E+1           3.3287805404E+2           4.7245582700E+2          
02/21/16                  00:22:09.4                5.1015386849E+1           2.9687500000E+1           7.8612619167E+2           3.9644785650E+1           3.4004184171E+2           3.7646672539E+2          
02/21/16                  00:22:16.3                5.1015466691E+1           2.9687500000E+1           7.8615179856E+2           3.9128020119E+1           3.5762690352E+2           7.9888096686E+2          
02/21/16                  00:22:21.3                5.1015525198E+1           2.9687500000E+1           7.8612214551E+2           3.9187052922E+1           3.5625143953E+2           8.0779199853E+2          
02/21/16                  00:22:26.4                5.1015583722E+1           2.9687500000E+1           7.8625180012E+2           3.8732015850E+1           3.5829775338E+2           4.5327342542E+2          
02/21/16                  00:22:31.4                5.1015642331E+1           2.9687500000E+1           7.8609729578E+2           4.0815957530E+1           3.1435924089E+2           6.4339638310E+2          
02/21/16                  00:22:36.5                5.1015701102E+1           2.9687500000E+1           7.8602699278E+2           4.0126877979E+1           3.2553624763E+2           8.3615280465E+2          
02/21/16                  00:22:41.6                5.1015760271E+1           2.9687500000E+1           7.8620507100E+2           3.8267459551E+1           3.7267635814E+2           4.4679286839E+2          
02/21/16                  00:22:46.7                5.1015818758E+1           2.9687500000E+1           7.8634917903E+2           3.7574316286E+1           3.9111779221E+2           3.7958338507E+2          
02/21/16                  00:22:51.8                5.1015877442E+1           2.9687500000E+1           7.8631723684E+2           3.7189439080E+1           3.9732427419E+2           3.5456394683E+2          
02/21/16                  00:22:56.8                5.1015936215E+1           2.9687500000E+1           7.8615404757E+2           3.8607418649E+1           3.7533542260E+2           6.2950691162E+2          
02/21/16                  00:23:01.9                5.1015994847E+1           2.9687500000E+1           7.8665403403E+2           3.5375931556E+1           4.6500560512E+2           -2.6652527434E+2         
02/21/16                  00:23:07.0                5.1016053722E+1           2.9687500000E+1           7.8641307266E+2           3.6936730194E+1           4.0854532085E+2           1.3178844441E+2          
02/21/16                  00:23:13.9                5.1016133481E+1           2.9687500000E+1           7.8615844655E+2           3.8127594618E+1           3.6111196496E+2           3.9852304050E+2          
02/21/16                  00:23:19.0                5.1016192154E+1           2.9687500000E+1           7.8670747017E+2           3.4784452028E+1           4.9433650488E+2           -2.1573973698E+2         
02/21/16                  00:23:24.0                5.1016250907E+1           2.9687500000E+1           7.8617824542E+2           3.7645210757E+1           3.9349027531E+2           4.5249733272E+2          
02/21/16                  00:23:29.1                5.1016309550E+1           2.9687500000E+1           7.8634590061E+2           3.7610962989E+1           3.7862925799E+2           1.0485455516E+2          
02/21/16                  00:23:34.1                5.1016368022E+1           2.9687500000E+1           7.8592306930E+2           3.9984751194E+1           3.2294979221E+2           1.2302236049E+3          
02/21/16                  00:23:39.2                5.1016426745E+1           2.9687500000E+1           7.8596126929E+2           3.9452512211E+1           3.2594115446E+2           9.5093172794E+2          
02/21/16                  00:23:44.3                5.1016485311E+1           2.9687500000E+1           7.8617415880E+2           3.7843111976E+1           3.5755773122E+2           5.6405180387E+2          
02/21/16                  00:23:49.3                5.1016543943E+1           2.9687500000E+1           7.8594785208E+2           3.9593675375E+1           3.1574644174E+2           1.1635775932E+3          
02/21/16                  00:23:54.4                5.1016602497E+1           2.9687500000E+1           7.8636360047E+2           3.5676750955E+1           4.5619142831E+2           7.2868294940E+2          
02/21/16                  00:23:59.5                5.1016661092E+1           2.9687500000E+1           7.8648862648E+2           3.4932605922E+1           4.6647569365E+2           2.0801480639E+2          
02/21/16                  00:24:04.5                5.1016719825E+1           2.9687500000E+1           7.8646402216E+2           3.4723604587E+1           4.7241680916E+2           1.4848208369E+2          
02/21/16                  00:24:11.4                5.1016799667E+1           2.9687500000E+1           7.8669811626E+2           3.3284966572E+1           5.3380485868E+2           -6.3471453206E+2         
02/21/16                  00:24:16.5                5.1016858180E+1           2.9675000000E+1           7.8632520682E+2           3.6119663857E+1           4.0989985625E+2           3.6725881249E+2          
02/21/16                  00:24:21.6                5.1016916877E+1           2.9687500000E+1           7.8626614080E+2           3.6397737953E+1           4.0731071379E+2           2.9193644036E+2          
02/21/16                  00:24:26.6                5.1016975506E+1           2.9687500000E+1           7.8603343113E+2           3.8789162944E+1           3.4070376744E+2           9.5479788590E+2          
02/21/16                  00:24:31.7                5.1017034093E+1           2.9687500000E+1           7.8615062805E+2           3.7035752384E+1           3.5794497594E+2           2.3449149995E+2          
02/21/16                  00:24:36.8                5.1017092886E+1           2.9687500000E+1           7.8650341289E+2           3.4727618753E+1           4.6430652746E+2           -1.8231105535E-1         
02/21/16                  00:24:41.8                5.1017151227E+1           2.9687500000E+1           7.8621293437E+2           3.6205723829E+1           4.2097764742E+2           7.1230082999E+2          
02/21/16                  00:24:46.9                5.1017209757E+1           2.9687500000E+1           7.8608940816E+2           3.7185153694E+1           3.8840471144E+2           7.8993438892E+2          
02/21/16                  00:24:51.9                5.1017268304E+1           2.9687500000E+1           7.8627677949E+2           3.5553544154E+1           4.1991032023E+2           1.0613803002E+2          
02/21/16                  00:24:57.0                5.1017326827E+1           2.9687500000E+1           7.8616206488E+2           3.7066864033E+1           3.6680993994E+2           6.6866619893E+2          
02/21/16                  00:25:02.1                5.1017385941E+1           2.9687500000E+1           7.8626889860E+2           3.6547075862E+1           4.0354952282E+2           3.5562062395E+2          
02/21/16                  00:25:09.0                5.1017465847E+1           2.9687500000E+1           7.8605318175E+2           3.8092739952E+1           3.3417480841E+2           6.0281595191E+2          
02/21/16                  00:25:14.1                5.1017524398E+1           2.9687500000E+1           7.8605757683E+2           3.7136362197E+1           3.5677570938E+2           8.0416899130E+2          
02/21/16                  00:25:19.1                5.1017583146E+1           2.9687500000E+1           7.8612674414E+2           3.7003643176E+1           3.5900257276E+2           4.3679760282E+2          
02/21/16                  00:25:24.2                5.1017641924E+1           2.9687500000E+1           7.8635019873E+2           3.5411058472E+1           4.1928823385E+2           4.7582816767E+2          
02/21/16                  00:25:29.3                5.1017700677E+1           2.9687500000E+1           7.8624945478E+2           3.5421773572E+1           4.1766790151E+2           6.7508682223E+2          
02/21/16                  00:25:34.4                5.1017759561E+1           2.9687500000E+1           7.8616884236E+2           3.6139102168E+1           3.9574889945E+2           1.1269713988E+3          
02/21/16                  00:25:39.4                5.1017818012E+1           2.9687500000E+1           7.8616990615E+2           3.6511047597E+1           3.8408530481E+2           5.8260050501E+2          
02/21/16                  00:25:44.5                5.1017876466E+1           2.9687500000E+1           7.8630009607E+2           3.4986053186E+1           4.5619840435E+2           4.6792119151E+2          
02/21/16                  00:25:49.5                5.1017935029E+1           2.9687500000E+1           7.8622138388E+2           3.5448577705E+1           4.1807315744E+2           5.0853776111E+2          
02/21/16                  00:25:54.6                5.1017993669E+1           2.9687500000E+1           7.8599222518E+2           3.7758694669E+1           3.5306590766E+2           1.0987618397E+3          
02/21/16                  00:25:59.7                5.1018052489E+1           2.9687500000E+1           7.8636284286E+2           3.5050284547E+1           4.3654173466E+2           2.4139921759E+1          
02/21/16                  00:26:06.6                5.1018132576E+1           2.9687500000E+1           7.8650799278E+2           3.3191323159E+1           4.9690548799E+2           -2.8554953689E+2         
02/21/16                  00:26:11.7                5.1018191021E+1           2.9687500000E+1           7.8663201794E+2           3.1753044639E+1           5.5789900349E+2           -3.6044976907E+2         
02/21/16                  00:26:16.7                5.1018249673E+1           2.9687500000E+1           7.8638307443E+2           3.4161489442E+1           4.5579072288E+2           1.8190235960E+2          
02/21/16                  00:26:21.8                5.1018308257E+1           2.9687500000E+1           7.8589817397E+2           3.8272059319E+1           3.1054635528E+2           1.3019527222E+3          
02/21/16                  00:26:26.8                5.1018366874E+1           2.9687500000E+1           7.8621226817E+2           3.6019650380E+1           3.9164475715E+2           6.3527561543E+2          
02/21/16                  00:26:31.9                5.1018425750E+1           2.9687500000E+1           7.8614126732E+2           3.6492209201E+1           3.6202122223E+2           7.1096658072E+2          
02/21/16                  00:26:37.0                5.1018484133E+1           2.9687500000E+1           7.8635297310E+2           3.4803937102E+1           4.2861141188E+2           5.2032196957E+2          
02/21/16                  00:26:42.0                5.1018542746E+1           2.9687500000E+1           7.8630285763E+2           3.5441150119E+1           4.1772349663E+2           3.1618584660E+2          
02/21/16                  00:26:47.1                5.1018601290E+1           2.9687500000E+1           7.8628052290E+2           3.4751386682E+1           4.3113475743E+2           2.7263773602E+2          
02/21/16                  00:26:52.2                5.1018659964E+1           2.9687500000E+1           7.8625591967E+2           3.4425236691E+1           4.4992836980E+2           7.2681741881E+2          
02/21/16                  00:26:57.2                5.1018718745E+1           2.9687500000E+1           7.8641219550E+2           3.3859685442E+1           4.5752353510E+2           3.0830225915E+1          
02/21/16                  00:27:04.2                5.1018798621E+1           2.9687500000E+1           7.8660944627E+2           3.2259441829E+1           5.1744708941E+2           -2.0763765105E+2         
02/21/16                  00:27:09.2                5.1018857045E+1           2.9687500000E+1           7.8602703575E+2           3.6423055319E+1           3.7854311353E+2           1.0938599094E+3          
02/21/16                  00:27:14.3                5.1018915638E+1           2.9675000000E+1           7.8629036097E+2           3.5536766869E+1           3.9484198099E+2           3.7842968672E+2          
02/21/16                  00:27:19.3                5.1018974364E+1           2.9687500000E+1           7.8624786538E+2           3.4557368883E+1           4.4477880757E+2           6.3962575025E+2          
02/21/16                  00:27:24.4                5.1019033027E+1           2.9687500000E+1           7.8646159584E+2           3.3172393410E+1           4.9328938003E+2           3.0298063009E+2          
02/21/16                  00:27:29.5                5.1019091898E+1           2.9687500000E+1           7.8630277972E+2           3.4608210883E+1           4.1464136864E+2           4.5661693211E+2          
02/21/16                  00:27:34.5                5.1019150382E+1           2.9675000000E+1           7.8642929795E+2           3.3792541986E+1           4.4979767509E+2           -7.3457412556E+1         
02/21/16                  00:27:39.6                5.1019208997E+1           2.9687500000E+1           7.8664176362E+2           3.1920875271E+1           5.3163621844E+2           -7.3447889686E+2         
02/21/16                  00:27:44.7                5.1019267509E+1           2.9662500000E+1           7.8614083965E+2           3.5749365183E+1           3.9023469580E+2           5.6907118881E+2          
02/21/16                  00:27:49.7                5.1019326232E+1           2.9687500000E+1           7.8627816214E+2           3.4121994109E+1           4.4513836906E+2           5.6936727064E+2          
02/21/16                  00:27:54.8                5.1019384906E+1           2.9687500000E+1           7.8638192849E+2           3.2589184573E+1           5.2359800566E+2           6.6390543156E+1          
02/21/16                  00:28:01.7                5.1019464718E+1           2.9662500000E+1           7.8630528051E+2           3.4170445113E+1           4.4216078155E+2           6.4932182654E+2          
02/21/16                  00:28:06.8                5.1019523321E+1           2.9675000000E+1           7.8645639748E+2           3.2635120733E+1           5.0065426690E+2           2.6225396478E+2          
02/21/16                  00:28:11.8                5.1019581897E+1           2.9675000000E+1           7.8620809936E+2           3.4911844167E+1           4.0558270924E+2           9.4185322132E+2          
02/21/16                  00:28:16.9                5.1019640459E+1           2.9687500000E+1           7.8668605966E+2           3.1704215099E+1           5.4294395114E+2           -4.2804727638E+2         
02/21/16                  00:28:21.9                5.1019698937E+1           2.9687500000E+1           7.8630512447E+2           3.3927898701E+1           4.3014373333E+2           3.6453677746E+2          
02/21/16                  00:28:27.0                5.1019757899E+1           2.9687500000E+1           7.8621609755E+2           3.4424231040E+1           4.3377754088E+2           1.1019879383E+3          
02/21/16                  00:28:32.1                5.1019816473E+1           2.9687500000E+1           7.8620533889E+2           3.4703167990E+1           4.0443157476E+2           3.3573394059E+2          
02/21/16                  00:28:37.2                5.1019875000E+1           2.9687500000E+1           7.8623239217E+2           3.5546121922E+1           4.0121269429E+2           6.4066819389E+2          
02/21/16                  00:28:42.2                5.1019933675E+1           2.9687500000E+1           7.8625349002E+2           3.4633964003E+1           4.1282462500E+2           2.3689846538E+2          
02/21/16                  00:28:47.3                5.1019992276E+1           2.9687500000E+1           7.8621312852E+2           3.5006626500E+1           4.0204651555E+2           5.7528043009E+2          
02/21/16                  00:28:52.4                5.1020051014E+1           2.9687500000E+1           7.8573562998E+2           3.7338171518E+1           3.2056243025E+2           1.2639141689E+3          
02/21/16                  00:28:59.2                5.1020130764E+1           2.9687500000E+1           7.8666305702E+2           3.1010488372E+1           5.7299596871E+2           -2.5400675464E+2         
02/21/16                  00:29:04.3                5.1020189197E+1           2.9687500000E+1           7.8615697870E+2           3.3966610595E+1           4.1863083570E+2           2.9826188429E+2          
02/21/16                  00:29:09.4                5.1020247956E+1           2.9687500000E+1           7.8610437938E+2           3.4885486342E+1           3.9616725718E+2           4.0553562758E+2          
02/21/16                  00:29:14.4                5.1020306560E+1           2.9687500000E+1           7.8620211705E+2           3.4088196198E+1           4.2988990666E+2           7.0207377077E+2          
02/21/16                  00:29:19.5                5.1020365164E+1           2.9687500000E+1           7.8623658014E+2           3.3979087393E+1           4.2351923322E+2           6.8357160424E+2          
02/21/16                  00:29:24.6                5.1020423968E+1           2.9687500000E+1           7.8640249715E+2           3.2056239152E+1           4.8757085522E+2           -2.0786489782E+2         
02/21/16                  00:29:29.6                5.1020482563E+1           2.9687500000E+1           7.8641958809E+2           3.2680990669E+1           4.7240024809E+2           -5.6176723657E+1         
02/21/16                  00:29:34.7                5.1020541261E+1           2.9687500000E+1           7.8661683593E+2           3.0618570168E+1           5.7978929025E+2           -1.7491611987E+2         
02/21/16                  00:29:39.8                5.1020599780E+1           2.9687500000E+1           7.8634229169E+2           3.2978389191E+1           4.3591335610E+2           3.2547094421E+2          
02/21/16                  00:29:44.8                5.1020658420E+1           2.9687500000E+1           7.8648427502E+2           3.2251589874E+1           4.9867763259E+2           -2.9306676686E+2         
02/21/16                  00:29:49.9                5.1020717211E+1           2.9687500000E+1           7.8668766303E+2           3.0240047171E+1           5.5169640215E+2           -7.1261762831E+2         
02/21/16                  00:29:56.8                5.1020797034E+1           2.9687500000E+1           7.8632667020E+2           3.2371306395E+1           4.7296274489E+2           5.0590725764E+2          
02/21/16                  00:30:01.9                5.1020855478E+1           2.9687500000E+1           7.8603376039E+2           3.4617447204E+1           4.0142089161E+2           1.1507466035E+3          
02/21/16                  00:30:06.9                5.1020914006E+1           2.9687500000E+1           7.8631994189E+2           3.2270813216E+1           4.8631477477E+2           6.3184946825E+2          
02/21/16                  00:30:12.0                5.1020972553E+1           2.9687500000E+1           7.8638159742E+2           3.3142663255E+1           4.6116577705E+2           3.4696456071E+2          
02/21/16                  00:30:17.1                5.1021031338E+1           2.9687500000E+1           7.8629765073E+2           3.3555320134E+1           4.4143649043E+2           1.6681004969E+2          
02/21/16                  00:30:22.1                5.1021090171E+1           2.9737500000E+1           7.8612114078E+2           3.4251274824E+1           3.9327977740E+2           5.5418310989E+2          
02/21/16                  00:30:27.2                5.1021148574E+1           2.9725000000E+1           7.8653050234E+2           3.0442123213E+1           5.4406418004E+2           1.4326547110E+1          
02/21/16                  00:30:32.3                5.1021207201E+1           2.9725000000E+1           7.8638231779E+2           3.1716322261E+1           4.9201595249E+2           2.2068430409E+2          
02/21/16                  00:30:37.3                5.1021265678E+1           2.9750000000E+1           7.8600114760E+2           3.4469825192E+1           3.6793450518E+2           7.8022318523E+2          
02/21/16                  00:30:42.4                5.1021324275E+1           2.9750000000E+1           7.8611683663E+2           3.3460764417E+1           4.3313271556E+2           1.0492064009E+3          
02/21/16                  00:30:47.5                5.1021383478E+1           2.9750000000E+1           7.8640302083E+2           3.1992518080E+1           4.8963484980E+2           1.2164292056E+2          
02/21/16                  00:30:54.4                5.1021463318E+1           2.9750000000E+1           7.8617450510E+2           3.3070746165E+1           4.3495364924E+2           1.1084211296E+3          
02/21/16                  00:30:59.5                5.1021522090E+1           2.9750000000E+1           7.8644710271E+2           3.1641764322E+1           5.0055207713E+2           1.2277209766E+2          
02/21/16                  00:31:04.6                5.1021581064E+1           2.9750000000E+1           7.8620920542E+2           3.3603709386E+1           4.0384545419E+2           4.5374182087E+2          
02/21/16                  00:31:09.6                5.1021639605E+1           2.9750000000E+1           7.8656594838E+2           3.0717718493E+1           5.0238602765E+2           -3.7359325436E+2         
02/21/16                  00:31:14.7                5.1021698227E+1           2.9750000000E+1           7.8598690000E+2           3.4585941101E+1           3.8858472996E+2           1.1726014341E+3          
02/21/16                  00:31:19.8                5.1021757048E+1           2.9750000000E+1           7.8633687976E+2           3.2009521555E+1           4.9502755545E+2           2.5161990724E+2          
02/21/16                  00:31:24.8                5.1021815574E+1           2.9750000000E+1           7.8606348376E+2           3.3969966623E+1           3.9906817943E+2           7.0151799395E+2          
02/21/16                  00:31:29.9                5.1021874176E+1           2.9750000000E+1           7.8597113734E+2           3.4515266709E+1           3.7371391811E+2           8.5883378610E+2          
02/21/16                  00:31:35.0                5.1021932991E+1           2.9750000000E+1           7.8591337404E+2           3.4862579362E+1           3.5996823583E+2           1.0231749123E+3          
02/21/16                  00:31:40.0                5.1021991608E+1           2.9750000000E+1           7.8611739789E+2           3.3196385417E+1           4.3401939329E+2           7.1090788649E+2          
02/21/16                  00:31:45.1                5.1022050372E+1           2.9750000000E+1           7.8587997645E+2           3.4749707862E+1           3.7399590428E+2           1.2778304891E+3          
02/21/16                  00:31:52.0                5.1022130173E+1           2.9750000000E+1           7.8644413616E+2           3.0982028773E+1           4.9837649541E+2           5.6609368857E+1          
02/21/16                  00:31:57.0                5.1022188597E+1           2.9762500000E+1           7.8602837430E+2           3.3444257073E+1           4.1741065023E+2           8.9124204170E+2          
02/21/16                  00:32:02.1                5.1022247124E+1           2.9750000000E+1           7.8652655163E+2           3.0323720621E+1           5.3892223244E+2           -1.4262918712E+2         
02/21/16                  00:32:07.2                5.1022305779E+1           2.9750000000E+1           7.8634194046E+2           3.1942686197E+1           4.7147719793E+2           4.3771584056E+2          
02/21/16                  00:32:12.2                5.1022364364E+1           2.9750000000E+1           7.8641608287E+2           3.0763216042E+1           5.1813631646E+2           2.0829247097E+2          
02/21/16                  00:32:17.3                5.1022422987E+1           2.9750000000E+1           7.8608932822E+2           3.3663530417E+1           3.8177715970E+2           7.1057778130E+2          
02/21/16                  00:32:22.4                5.1022481520E+1           2.9750000000E+1           7.8641074601E+2           3.1130869419E+1           4.7720836995E+2           -5.8426261116E+1         
02/21/16                  00:32:27.4                5.1022540381E+1           2.9762500000E+1           7.8635495259E+2           3.0741699514E+1           5.1517969504E+2           4.5753995845E+2          
02/21/16                  00:32:32.5                5.1022599194E+1           2.9775000000E+1           7.8624997039E+2           3.1901125978E+1           4.5308413313E+2           4.4944021685E+2          
02/21/16                  00:32:37.6                5.1022657950E+1           2.9750000000E+1           7.8619700796E+2           3.1981901482E+1           4.6630713148E+2           6.7396652498E+2          
02/21/16                  00:32:42.7                5.1022716765E+1           2.9762500000E+1           7.8624081620E+2           3.3081705927E+1           3.9342958497E+2           4.6485852313E+2          
02/21/16                  00:32:49.6                5.1022796464E+1           2.9800000000E+1           7.8612306001E+2           3.2978550134E+1           4.1188003446E+2           1.2584994812E+3          
02/21/16                  00:32:54.6                5.1022854897E+1           2.9762500000E+1           7.8634202500E+2           3.0607581759E+1           4.9588810537E+2           6.4323556615E+1          
02/21/16                  00:32:59.7                5.1022913475E+1           2.9750000000E+1           7.8610569726E+2           3.2748066629E+1           4.0612141431E+2           7.0090027383E+2          
02/21/16                  00:33:04.7                5.1022972122E+1           2.9812500000E+1           7.8612722140E+2           3.2134754601E+1           4.3003326939E+2           1.0675089699E+3          
02/21/16                  00:33:09.8                5.1023030591E+1           2.9770833330E+1           7.8631561764E+2           3.1255191325E+1           4.9501493666E+2           1.3499699047E+2          
02/21/16                  00:33:14.9                5.1023089404E+1           2.9812500000E+1           7.8623035817E+2           3.2009292083E+1           4.5778211947E+2           6.5019161920E+2          
02/21/16                  00:33:19.9                5.1023147814E+1           2.9762500000E+1           7.8639043359E+2           2.9905104388E+1           5.3154068813E+2           5.8959009536E+2          
02/21/16                  00:33:25.0                5.1023206376E+1           2.9750000000E+1           7.8656780827E+2           2.8633993365E+1           5.9350017580E+2           8.7531930157E+1          
02/21/16                  00:33:30.0                5.1023264948E+1           2.9787500000E+1           7.8601755003E+2           3.2539496537E+1           4.2491229294E+2           8.3749800236E+2          
02/21/16                  00:33:35.1                5.1023323474E+1           2.9770833330E+1           7.8661368413E+2           2.8506655216E+1           6.3094351011E+2           -2.7797132271E+2         
02/21/16                  00:33:40.2                5.1023382484E+1           2.9750000000E+1           7.8611912824E+2           3.2431039524E+1           4.0524502968E+2           9.5621335196E+2          
02/21/16                  00:33:47.1                5.1023462371E+1           2.9750000000E+1           7.8671256116E+2           2.8413682717E+1           6.0576527052E+2           -4.7930808429E+2         
02/21/16                  00:33:52.2                5.1023520970E+1           2.9750000000E+1           7.8649529412E+2           3.0493227492E+1           4.9357373427E+2           -1.6780041606E+2         
02/21/16                  00:33:57.2                5.1023579557E+1           2.9762500000E+1           7.8653646073E+2           2.8959534066E+1           5.8941694481E+2           1.3852700055E+2          
02/21/16                  00:34:02.3                5.1023638206E+1           2.9762500000E+1           7.8642079182E+2           3.0418953457E+1           4.9613060836E+2           3.3574309310E+2          
02/21/16                  00:34:07.4                5.1023696852E+1           2.9750000000E+1           7.8623487524E+2           3.0410831416E+1           4.7636308733E+2           2.6148258462E+2          
02/21/16                  00:34:12.4                5.1023755633E+1           2.9750000000E+1           7.8632922562E+2           3.0733729743E+1           4.7965343677E+2           3.3069024122E+2          
02/21/16                  00:34:17.5                5.1023814244E+1           2.9750000000E+1           7.8635949977E+2           2.9539887106E+1           5.3018621037E+2           2.4673856684E+1          
02/21/16                  00:34:22.6                5.1023872853E+1           2.9750000000E+1           7.8630719401E+2           3.0352363343E+1           5.0182611722E+2           3.0137469836E+2          
02/21/16                  00:34:27.6                5.1023931410E+1           2.9762500000E+1           7.8609077779E+2           3.1283671906E+1           4.6995610896E+2           9.9757291736E+2          
02/21/16                  00:34:32.7                5.1023990031E+1           2.9770833330E+1           7.8650274302E+2           2.8471949887E+1           5.9290970495E+2           1.6885074087E+2          
02/21/16                  00:34:37.8                5.1024048954E+1           2.9775000000E+1           7.8640087551E+2           2.9403212712E+1           5.4218810118E+2           3.6164588441E+2          
02/21/16                  00:34:44.7                5.1024128730E+1           2.9787500000E+1           7.8635814208E+2           2.9727334837E+1           5.3310062846E+2           1.8121609844E+2          
02/21/16                  00:34:49.7                5.1024187142E+1           2.9787500000E+1           7.8624358581E+2           3.1012178703E+1           4.6552133611E+2           8.2066944317E+2          
02/21/16                  00:34:54.8                5.1024245727E+1           2.9750000000E+1           7.8610664234E+2           3.1962571197E+1           4.1622163746E+2           6.9195990119E+2          
02/21/16                  00:34:59.9                5.1024304447E+1           2.9762500000E+1           7.8673465454E+2           2.6401860591E+1           6.9936417893E+2           -1.4955051832E+2         
02/21/16                  00:35:04.9                5.1024363212E+1           2.9750000000E+1           7.8633412792E+2           3.1054958281E+1           4.6214156846E+2           5.6893335964E+2          
02/21/16                  00:35:10.0                5.1024421874E+1           2.9750000000E+1           7.8621826448E+2           3.0855763615E+1           4.5899816951E+2           6.4944548499E+2          
02/21/16                  00:35:15.1                5.1024480475E+1           2.9750000000E+1           7.8615258658E+2           3.1297048010E+1           4.4107319108E+2           9.4892879219E+2          
02/21/16                  00:35:20.1                5.1024539063E+1           2.9762500000E+1           7.8605881368E+2           3.1820477610E+1           4.2675647587E+2           6.1473866462E+2          
02/21/16                  00:35:25.2                5.1024597510E+1           2.9750000000E+1           7.8646193671E+2           2.8923812860E+1           5.4426377944E+2           -3.4463442451E+1         
02/21/16                  00:35:30.2                5.1024656145E+1           2.9750000000E+1           7.8574000037E+2           3.3245346829E+1           3.7558081303E+2           1.8448517526E+3          
02/21/16                  00:35:35.3                5.1024714984E+1           2.9762500000E+1           7.8629345209E+2           3.0224994365E+1           4.8329999201E+2           6.8016352663E+2          
02/21/16                  00:35:42.2                5.1024794794E+1           2.9762500000E+1           7.8603020155E+2           3.1848665089E+1           4.3184084107E+2           8.7736948818E+2          
02/21/16                  00:35:47.3                5.1024853548E+1           2.9750000000E+1           7.8632324678E+2           2.9786295411E+1           5.0392218134E+2           3.6490571184E+2          
02/21/16                  00:35:52.3                5.1024912022E+1           2.9762500000E+1           7.8618964839E+2           3.1373417333E+1           4.4430291371E+2           3.4550283486E+2          
02/21/16                  00:35:57.4                5.1024970588E+1           2.9762500000E+1           7.8665367486E+2           2.6682156563E+1           6.4222729456E+2           -4.5792170497E+2         
02/21/16                  00:36:02.5                5.1025029307E+1           2.9770833330E+1           7.8610682363E+2           3.2034248403E+1           4.0179089164E+2           8.2830173062E+2          
02/21/16                  00:36:07.6                5.1025088115E+1           2.9787500000E+1           7.8600331039E+2           3.1823514379E+1           4.2466903419E+2           1.1247895628E+3          
02/21/16                  00:36:12.6                5.1025146594E+1           2.9800000000E+1           7.8646051429E+2           2.8754688591E+1           5.4940248591E+2           2.2529567083E+2          
02/21/16                  00:36:17.7                5.1025205379E+1           2.9800000000E+1           7.8637195794E+2           3.0424432700E+1           5.1128319861E+2           7.8898376287E+2          
02/21/16                  00:36:22.8                5.1025263963E+1           2.9812500000E+1           7.8672792192E+2           2.7018179964E+1           6.2814421725E+2           -1.0475748476E+3         
02/21/16                  00:36:27.8                5.1025322609E+1           2.9812500000E+1           7.8646041154E+2           2.7500403271E+1           5.9327433507E+2           -4.2835630487E+2         
02/21/16                  00:36:32.9                5.1025381414E+1           2.9812500000E+1           7.8623527387E+2           3.0970684118E+1           4.4868416219E+2           7.2889114613E+2          
02/21/16                  00:36:39.8                5.1025461260E+1           2.9800000000E+1           7.8637466691E+2           2.9784394867E+1           5.2642719802E+2           4.3017516269E+2          
02/21/16                  00:36:44.9                5.1025519879E+1           2.9812500000E+1           7.8628212559E+2           2.9172915459E+1           5.2369679252E+2           7.4893894582E+2          
02/21/16                  00:36:49.9                5.1025578422E+1           2.9800000000E+1           7.8632804241E+2           2.9667759555E+1           5.0909555805E+2           5.4944917975E+2          
02/21/16                  00:36:55.0                5.1025637100E+1           2.9800000000E+1           7.8621153233E+2           3.0784957475E+1           4.5413278664E+2           5.8408048286E+2          
02/21/16                  00:37:00.1                5.1025695920E+1           2.9812500000E+1           7.8608954094E+2           3.0534455780E+1           4.5303602360E+2           9.5399733569E+2          
02/21/16                  00:37:05.2                5.1025754900E+1           2.9812500000E+1           7.8617582756E+2           3.0122835630E+1           4.7844688099E+2           3.1525654700E+2          
02/21/16                  00:37:10.2                5.1025813445E+1           2.9812500000E+1           7.8611177554E+2           3.0929448750E+1           4.4180104591E+2           8.4852358219E+2          
02/21/16                  00:37:15.3                5.1025872149E+1           2.9800000000E+1           7.8658163068E+2           2.6963720680E+1           6.1964286930E+2           -2.6592435759E+2         
02/21/16                  00:37:20.4                5.1025930778E+1           2.9812500000E+1           7.8645822985E+2           2.8059510660E+1           5.6488315840E+2           2.1789230824E+2          
02/21/16                  00:37:25.4                5.1025989295E+1           2.9812500000E+1           7.8633875495E+2           2.8695722174E+1           5.4390956722E+2           5.4841093259E+2          
02/21/16                  00:37:30.5                5.1026048245E+1           2.9787500000E+1           7.8624543658E+2           2.8783901727E+1           5.4324141161E+2           7.1113433088E+2          
02/21/16                  00:37:37.4                5.1026128127E+1           2.9775000000E+1           7.8645043044E+2           2.8655325795E+1           5.4585584879E+2           -7.5074361948E+0         
02/21/16                  00:37:42.5                5.1026186627E+1           2.9787500000E+1           7.8675208443E+2           2.5541596139E+1           6.8666008126E+2           -9.2407089541E+2         
02/21/16                  00:37:47.5                5.1026245245E+1           2.9762500000E+1           7.8618405583E+2           2.9770587708E+1           4.7368662119E+2           5.5082709550E+2          
02/21/16                  00:37:52.6                5.1026303810E+1           2.9750000000E+1           7.8669424630E+2           2.5862404095E+1           6.9431984636E+2           -4.6634558188E+2         
02/21/16                  00:37:57.7                5.1026362414E+1           2.9750000000E+1           7.8646902898E+2           2.8350371299E+1           5.6758511139E+2           -6.1244940613E+1         
02/21/16                  00:38:02.8                5.1026421385E+1           2.9750000000E+1           7.8630465579E+2           2.8135926222E+1           5.2492499850E+2           8.4331359873E+1          
02/21/16                  00:38:07.8                5.1026479923E+1           2.9750000000E+1           7.8621565570E+2           3.0254745675E+1           4.8281415303E+2           9.4515718868E+2          
02/21/16                  00:38:12.9                5.1026538529E+1           2.9750000000E+1           7.8624288100E+2           2.9722355295E+1           4.7719407524E+2           3.1858502597E+2          
02/21/16                  00:38:18.0                5.1026597227E+1           2.9725000000E+1           7.8648572704E+2           2.8284035261E+1           5.6685482130E+2           5.5406610080E+1          
02/21/16                  00:38:23.0                5.1026655879E+1           2.9750000000E+1           7.8659443888E+2           2.6641580043E+1           6.1985356404E+2           -2.0977704611E+2         
02/21/16                  00:38:28.1                5.1026714573E+1           2.9687500000E+1           7.8634621356E+2           2.8614085621E+1           5.2813740983E+2           3.7182976374E+2          
02/21/16                  00:38:35.0                5.1026794219E+1           2.9687500000E+1           7.8631981428E+2           2.9282776476E+1           5.2231868260E+2           3.4364768833E+2          
02/21/16                  00:38:40.0                5.1026852724E+1           2.9687500000E+1           7.8629750617E+2           2.8525147838E+1           5.2420788396E+2           7.8480136996E+2          
02/21/16                  00:38:45.1                5.1026911347E+1           2.9687500000E+1           7.8608704622E+2           3.0348585053E+1           4.7864424026E+2           7.9055902627E+2          
02/21/16                  00:38:50.1                5.1026969899E+1           2.9687500000E+1           7.8612721845E+2           3.0911636271E+1           4.0641062833E+2           5.5157288219E+2          
02/21/16                  00:38:55.2                5.1027028518E+1           2.9645833330E+1           7.8600794100E+2           3.0270490688E+1           4.4475152192E+2           9.6412914004E+2          
02/21/16                  00:39:00.3                5.1027087240E+1           2.9625000000E+1           7.8634127993E+2           2.8102325203E+1           5.4251938933E+2           3.8859840830E+2          
02/21/16                  00:39:05.3                5.1027145690E+1           2.9625000000E+1           7.8641571902E+2           2.8675772447E+1           5.2404150568E+2           3.3685624667E+2          
02/21/16                  00:39:10.4                5.1027204345E+1           2.9625000000E+1           7.8633127254E+2           2.7690179863E+1           5.6549560739E+2           5.3509035204E+2          
02/21/16                  00:39:15.5                5.1027262989E+1           2.9625000000E+1           7.8643357946E+2           2.7525106340E+1           5.5774721707E+2           1.3782491623E+2          
02/21/16                  00:39:20.5                5.1027321540E+1           2.9625000000E+1           7.8621615556E+2           2.9444415591E+1           4.8033551780E+2           7.9249789277E+2          
02/21/16                  00:39:25.6                5.1027380379E+1           2.9625000000E+1           7.8626713276E+2           2.9278469803E+1           4.9088684919E+2           8.1989957090E+2          
